10000.	0	288.42747732655397	0
1668.0567139282734	0	7.933721355114172	0
909.9181073703368	0	2.168083195139605	0
625.5864873318736	0	0.9297458135638326	0
476.64442326024783	0	0.5693636820259925	0
384.98556304138594	0	0.44745337634863985	0
322.8931223764934	0	0.39915867646132924	0
278.04810232170166	0	0.3772188274623313	0
244.140625	0	0.3660636848811459	0
217.60417800021762	0	0.35983223780650725	0
196.27085377821393	0	0.3560409397496529	0
178.74698364465098	0	0.35355174887848767	0
164.09583196586803	0	0.35179395977195804	0
151.6645180859938	0	0.35046196326314594	0
140.9840688002256	0	0.349393798859071	0
131.7089232795522	0	0.3484845516387033	0
123.57884330202668	0	0.3476802744939053	0
116.39411045801083	0	0.3469504126054616	0
109.99890001099988	0	0.3462783351486212	0
104.26985037276472	0	0.345635566892723	0
99.10802775024777	0	0.3450158760679962	0
94.43316492752254	0	0.34443873434540423	0
90.17945711966814	0	0.3438832075206729	0
86.29244509643182	0	0.3433499662533064	0
82.72667107875579	0	0.3428168132111692	0
79.44389275074478	0	0.34233250547090516	0
76.4117062734011	0	0.34185163882948433	0
73.60247304309425	0	0.3413998060620545	0
70.99247479767145	0	0.3409550717549961	0
68.561242329711	0	0.3405659461354008	0
66.29101756711965	0	0.34016403185044974	0
64.16631909910488	0	0.33981896767617875	0
62.17358865953743	0	0.33946513213950164	0
60.3009014984774	0	0.339167603207187	0
58.53772756541591	0	0.3388649237567521	0
56.874733399687194	0	0.33859808343168973	0
55.30361685654242	0	0.338365275249873	0
53.81696849016495	0	0.3381485492022799	0
52.4081547088727	0	0.33794904890692595	0
51.07121881463701	0	0.33778086911666244	0
49.800796812749006	0	0.33761756564908346	0
48.592045482154575	0	0.33749474601100576	0
47.44058067270743	0	0.337378243202543	0
46.342424172208446	0	0.337287550448397	0
45.29395778603134	0	0.3372128933207275	0
44.29188351234637	0	0.33715461197700697	0
43.33318888937037	0	0.337112978412444	0
42.41511674760885	0	0.3370896175089584	0
41.53513872736335	0	0.33708029933914946	0
40.69093202579805	0	0.33708506124110144	0
39.880358923230304	0	0.3371038862918155	0
39.10144870867466	0	0.33713270018122654	0
38.35238168290251	0	0.33717801001473774	0
37.631474965661276	0	0.33723043209477094	0
36.93716987404425	0	0.33729380082705757	0
36.26802067277178	0	0.3373679141668619	0
35.62268452550584	0	0.3374425571152486	0
34.999912500218755	0	0.3375363048708464	0
34.39854150184032	0	0.33762796902024494	0
33.81748702253935	0	0.3377273041092666	0
33.25573661456601	0	0.337834068647654	0
32.71234400300954	0	0.3379480065072053	0
32.18642376645531	0	0.33806884836534756	0
31.677146522641237	0	0.33819631324274896	0
31.18373456405139	0	0.33833011011852565	0
30.70545789514086	0	0.33845210521265734	0
30.2416306287235	0	0.3385785192098028	0
29.79160770410975	0	0.33872817116143306	0
29.35478189397053	0	0.33886334749258806	0
28.930581070720805	0	0.33900228231529106	0
28.518465706544987	0	0.3391447638434819	0
28.117926584093688	0	0.3392695268470878	0
27.728482697426795	0	0.3394180381254919	0
27.349679325009912	0	0.33956949780962853	0
26.98108625853277	0	0.33970148992623983	0
26.622296173044926	0	0.3398578867932667	0
26.272923125426935	0	0.3399938192389044	0
25.93260116956031	0	0.34015447410771954	0
25.600983077750183	0	0.34029377778261466	0
25.27773915900962	0	0.3404344544915137	0
24.96255616575137	0	0.3405763929524368	0
24.655136281265793	0	0.3407194854601514	0
24.35519618110524	0	0.34086362795211406	0
24.06246616215696	0	0.34100872064305593	0
23.776689333777167	0	0.34113027351115455	0
23.497620865887328	0	0.34127686149987946	0
23.225027289407066	0	0.3414241371438473	0
22.95868584482224	0	0.34154731043036357	0
22.698383875068092	0	0.3416956382476017	0
22.4439182592497	0	0.34181957941017177	0
22.19509488403063	0	0.3419686800834622	0
21.95172814979859	0	0.34209317159682445	0
21.713640508967732	0	0.3422178523699901	0
21.480662034003892	0	0.3423426761872645	0
21.2526300129641	0	0.3424926228882617	0
21.029388570527313	0	0.3426176506187923	0
20.810788312661284	0	0.3427427160824082	0
20.596685993223687	0	0.3428677873379713	0
20.386944200933723	0	0.3429928335654527	0
20.18143106527684	0	0.34309282511243744	0
19.98001998001998	0	0.343217753076232	0
19.782589343119124	0	0.34334257276603564	0
19.58902231189641	0	0.34346725946211243	0
19.399206572451188	0	0.34359178513521704	0
19.2130341223486	0	0.3436912660485922	0
19.03040106570246	0	0.3438154352496846	0
18.85120741983524	0	0.34391459746870634	0
18.675356932759378	0	0.34403832530442485	0
18.502756910779706	0	0.3441371010993644	0
18.333318055568288	0	0.34426030292689797	0
18.16695431010991	0	0.34435862429357267	0
18.00358271295988	0	0.34448121452562164	0
17.843123260295485	0	0.3445790122122555	0
17.68549877527921	0	0.3446765545221235	0
17.53063478428554	0	0.34477382715499705	0
17.378459399574226	0	0.34489502084649243	0
17.228903208021777	0	0.34499163282909484	0
17.081899165549228	0	0.34508792673253935	0
16.937382496908928	0	0.34518388698836305	0
16.795290600515617	0	0.34527949767771704	0
16.655562958027982	0	0.3453747425157269	0
16.51814104840641	0	0.34546960485150074	0
16.38296826619047	0	0.34556406791497096	0
16.249989843756346	0	0.34565811333133223	0
16.119152777330026	0	0.34575172399041626	0
15.990405756546073	0	0.34584488428034904	0
15.86369909735552	0	0.3459375679201793	0
15.738984678098415	0	0.3460067563860526	0
15.616215878568305	0	0.3460985665411413	0
15.495347521906545	0	0.3461898622486216	0
15.37633581917429	0	0.34628060624681806	0
15.25913831645927	0	0.34634829182221916	0
15.143713844383198	0	0.34643803227169245	0
15.030022469883592	0	0.3465271703698918	0
14.918025450151417	0	0.34659361373935527	0
14.80768518861289	0	0.3466816461996162	0
14.698965192850423	0	0.3467472355322591	0
14.59183003436376	0	0.3468340954468361	0
14.486245310078083	0	0.3468987800665471	0
14.38217760551125	0	0.34698439931601793	0
14.279594459517348	0	0.34704812775213734	0
14.178464330528362	0	0.347132437299519	0
14.07875656422025	0	0.34719515566383335	0
13.980441362533814	0	0.3472780877558965	0
13.883489753984563	0	0.347339747386993	0
13.787873565199408	0	0.3474009364694262	0
13.693565393621537	0	0.3474817692373353	0
13.60053858132782	0	0.3475418285453884	0
13.508767189906248	0	0.3476013871559686	0
13.418225976343669	0	0.34766043885436293	0
13.328890369876708	0	0.34773832419277706	0
13.240736449761336	0	0.34779613274141025	0
13.153740923918761	0	0.34785340005819093	0
13.067881108417675	0	0.34791011654637893	0
12.983134907754824	0	0.3479662627710655	0
12.899480795897965	0	0.3480218373507369	0
12.816897798056958	0	0.34809505078615793	0
12.735365473150665	0	0.34814926651026035	0
12.654863896938789	0	0.3482028829752399	0
12.57537364578945	0	0.3482558918375403	0
12.496875781054737	0	0.3483082849221623	0
12.419351834027783	0	0.3483600542321762	0
12.342783791456325	0	0.3484111919586599	0
12.267154081588842	0	0.3484616904899826	0
12.19244556073057	0	0.34851154242106674	0
12.118641500287817	0	0.3485607405713175	0
12.045725574279967	0	0.3486092779480061	0
11.973681847299636	0	0.3486412648539859	0
11.902494762902306	0	0.34868868617938203	0
11.832149132407666	0	0.3487354293090926	0
11.762630124095748	0	0.3487814881992986	0
11.693923252781692	0	0.34882685702833166	0
11.626014369753761	0	0.3488715302494839	0
11.558889653059929	0	0.34890092256013944	0
11.492535598129017	0	0.3489444248749666	0
11.426939008713042	0	0.34898721848292463	0
11.362086988137982	0	0.3490292978454118	0
11.297966930850793	0	0.34905695178003565	0
11.234566514251048	0	0.3490978330027846	0
11.171873690796051	0	0.3491379900697429	0
11.10987668036885	0	0.34917741956294635	0
11.048563962898923	0	0.3492032995178536	0
10.987924271225921	0	0.3492415096466055	0
10.927946584197096	0	0.34927898459874507	0
10.868620119989567	0	0.34930355776243716	0
10.809934329648948	0	0.34933980253196306	0
10.751878890836172	0	0.34936355385310497	0
10.694443701774743	0	0.34939856357864607	0
10.637618875390933	0	0.3494328305478256	0
10.581394733639842	0	0.349455261595042	0
10.52576180201042	0	0.34948828880140703	0
10.470710804202943	0	0.3495098928888962	0
10.416232656972626	0	0.34954167929215857	0
10.36231846513339	0	0.34956245621241566	0
10.308959516715978	0	0.3495930022310714	0
10.256147278274916	0	0.34961295274291115	0
10.203873390338973	0	0.3496422602382424	0
10.152129663000053	0	0.34966138605947183	0
10.10090807163564	0	0.3496801827020278	0
10.050200752760036	0	0.3497077621027893	0
10.	0	0.34972573803195445	0