100.	0	241.3255996682187	0
16.680567139282733	0	7.2166569299328955	0
9.099181073703368	0	1.9866271960303947	0
6.255864873318736	0	0.8530352082345645	0
4.7664442326024785	0	0.5225198685094153	0
3.849855630413859	0	0.41002510941480425	0
3.228931223764934	0	0.36479315328917555	0
2.7804810232170163	0	0.3436555881965966	0
2.44140625	0	0.3324054253548586	0
2.1760417800021763	0	0.32573377805228165	0
1.9627085377821394	0	0.32137695650377657	0
1.7874698364465098	0	0.3183335110157306	0
1.6409583196586803	0	0.31609326835906426	0
1.516645180859938	0	0.31437924193042893	0
1.4098406880022558	0	0.313029773278973	0
1.317089232795522	0	0.3119813614676084	0
1.2357884330202669	0	0.3111733607530402	0
1.1639411045801082	0	0.3105319238334056	0
1.0999890001099988	0	0.3100418436969037	0
1.042698503727647	0	0.30966609978815207	0
0.9910802775024776	0	0.3093855754474663	0
0.9443316492752254	0	0.3091869815894113	0
0.9017945711966815	0	0.30904687484117055	0
0.8629244509643181	0	0.30895017771329275	0
0.8272667107875579	0	0.2946430930914527	0
0.7944389275074478	0	0.30549130858069695	0
0.7641170627340109	0	0.3061934934246969	0
0.7360247304309424	0	0.2959995758819394	0
0.7099247479767145	0	0.2900759392101096	0
0.68561242329711	0	0.29481705867075697	0
0.6629101756711966	0	0.30104347034450896	0
0.6416631909910488	0	0.29984166840216936	0
0.6217358865953743	0	0.29188319336901336	0
0.603009014984774	0	0.28453869523481273	0
0.5853772756541592	0	0.2842768867309269	0
0.5687473339968719	0	0.2904134246950138	0
0.5530361685654241	0	0.2969202196276987	0
0.5381696849016495	0	0.2987681119072447	0
0.524081547088727	0	0.2940515803296242	0
0.5107121881463701	0	0.2856778247230128	0
0.49800796812749004	0	0.27961016143065703	0
0.4859204548215457	0	0.2788922638612795	0
0.47440580672707433	0	0.28333005038718617	0
0.4634242417220845	0	0.2907660944532351	0
0.45293957786031347	0	0.29574913167285705	0
0.44291883512346364	0	0.29597973285302165	0
0.43333188889370367	0	0.2908494661907489	0
0.4241511674760885	0	0.2830704370535021	0
0.4153513872736336	0	0.27557270096508973	0
0.4069093202579805	0	0.27172058487323547	0
0.3988035892323031	0	0.27365885520695854	0
0.3910144870867466	0	0.28127253733203483	0
0.3835238168290251	0	0.29090780114098824	0
0.37631474965661277	0	0.3001174275127032	0
0.36937169874044246	0	0.30589350367605406	0
0.36268020672771784	0	0.3062411892999257	0
0.35622684525505843	0	0.3008748971355769	0
0.3499991250021875	0	0.2925152547201925	0
0.3439854150184032	0	0.2828411697101802	0
0.33817487022539355	0	0.2733390566055389	0
0.3325573661456601	0	0.2684670687255634	0
0.3271234400300954	0	0.26830142048351235	0
0.3218642376645531	0	0.2720922114990199	0
0.31677146522641236	0	0.27988299272126205	0
0.3118373456405139	0	0.28929620991495514	0
0.3070545789514086	0	0.29681347073305536	0
0.302416306287235	0	0.30244023152534766	0
0.2979160770410975	0	0.3036087398430658	0
0.2935478189397053	0	0.30102741815175077	0
0.289305810707208	0	0.2953284530481534	0
0.2851846570654499	0	0.2878560589536077	0
0.2811792658409369	0	0.2804030154631395	0
0.277284826974268	0	0.2754655741772631	0
0.2734967932500991	0	0.27282366992729823	0
0.2698108625853277	0	0.27447124952203256	0
0.26622296173044924	0	0.2793791533040936	0
0.26272923125426934	0	0.28692146358013865	0
0.2593260116956031	0	0.29751439753134235	0
0.25600983077750183	0	0.30632502333084755	0
0.2527773915900962	0	0.3130242711629614	0
0.2496255616575137	0	0.31592902873212964	0
0.24655136281265794	0	0.3136929381361632	0
0.24355196181105238	0	0.3054889148233983	0
0.2406246616215696	0	0.29111941211242975	0
0.23776689333777165	0	0.27102318067147296	0
0.23497620865887328	0	0.25063795631740177	0
0.23225027289407066	0	0.223089924294341	0
0.22958685844822244	0	0.19390470702104673	0
0.22698383875068093	0	0.16980341206389715	0
0.224439182592497	0	0.14718654629865527	0
0.2219509488403063	0	0.12363459061507132	0
0.2195172814979859	0	0.10818903091297043	0
0.21713640508967733	0	0.09738442862847072	0
0.21480662034003892	0	0.0911762715453588	0
0.21252630012964102	0	0.09170503554716414	0
0.21029388570527313	0	0.09700987756059742	0
0.20810788312661285	0	0.10628505844012687	0
0.20596685993223687	0	0.11836240157882931	0
0.2038694420093372	0	0.13181620968918767	0
0.2018143106527684	0	0.14509341949090987	0
0.1998001998001998	0	0.15669514439108378	0
0.19782589343119122	0	0.16389244694524951	0
0.1958902231189641	0	0.16942844809625912	0
0.19399206572451186	0	0.17055931647612052	0
0.192130341223486	0	0.16814802893917824	0
0.1903040106570246	0	0.1611870653594629	0
0.1885120741983524	0	0.15042169333899116	0
0.18675356932759377	0	0.13970337429335208	0
0.18502756910779705	0	0.12470609920226652	0
0.18333318055568287	0	0.11228532193621409	0
0.18166954310109912	0	0.1003098707015569	0
0.18003582712959879	0	0.08711291862999233	0
0.17843123260295482	0	0.07882612730282415	0
0.1768549877527921	0	0.0732518779060865	0
0.1753063478428554	0	0.07085282729541603	0
0.17378459399574225	0	0.07293289738201136	0
0.17228903208021779	0	0.07874415100739968	0
0.17081899165549225	0	0.08810835368298002	0
0.16937382496908926	0	0.10075344434203566	0
0.16795290600515617	0	0.11604362539735326	0
0.1665556295802798	0	0.1333207619052933	0
0.1651814104840641	0	0.15166640648450594	0
0.1638296826619047	0	0.17008485800032772	0
0.16249989843756346	0	0.187658874695343	0
0.16119152777330026	0	0.20346613936771765	0
0.15990405756546072	0	0.21669033381219	0
0.1586369909735552	0	0.2267747493203138	0
0.15738984678098414	0	0.2332339686008146	0
0.15616215878568304	0	0.23569053652150587	0
0.15495347521906547	0	0.23562294059035174	0
0.1537633581917429	0	0.23206415023425478	0
0.1525913831645927	0	0.2253517341349346	0
0.15143713844383197	0	0.2186113802620214	0
0.15030022469883592	0	0.20776635527078627	0
0.14918025450151418	0	0.19566524024935142	0
0.1480768518861289	0	0.18614381608987715	0
0.14698965192850424	0	0.17377396657848193	0
0.1459183003436376	0	0.16489858307907407	0
0.14486245310078083	0	0.15449126828215726	0
0.1438217760551125	0	0.14818346183505154	0
0.14279594459517347	0	0.1420779540447634	0
0.14178464330528362	0	0.13962340544400467	0
0.1407875656422025	0	0.13904244099952445	0
0.13980441362533813	0	0.1414952565653913	0
0.13883489753984563	0	0.1459143982756194	0
0.13787873565199407	0	0.15480500250060314	0
0.13693565393621537	0	0.16356364319700706	0
0.1360053858132782	0	0.17408128000184794	0
0.13508767189906248	0	0.18596217421102382	0
0.13418225976343667	0	0.20339884623558951	0
0.13328890369876709	0	0.21709022347827972	0
0.13240736449761337	0	0.23101183400289202	0
0.1315374092391876	0	0.24476073798412493	0
0.13067881108417675	0	0.2578056660586408	0
0.12983134907754826	0	0.27394565874124344	0
0.12899480795897966	0	0.2845001009962755	0
0.1281689779805696	0	0.2934218323699888	0
0.12735365473150664	0	0.3005109140710195	0
0.1265486389693879	0	0.3058221631035975	0
0.1257537364578945	0	0.3091690093924612	0
0.12496875781054737	0	0.31029145262511815	0
0.12419351834027782	0	0.3099199397254733	0
0.12342783791456326	0	0.30794422232688506	0
0.12267154081588842	0	0.30389999994800077	0
0.12192445560730572	0	0.29898058837320873	0
0.12118641500287818	0	0.2928888464496968	0
0.12045725574279967	0	0.28550014962147746	0
0.11973681847299636	0	0.27771820244159034	0
0.11902494762902306	0	0.2699410789944581	0
0.11832149132407666	0	0.26447803448873597	0
0.11762630124095748	0	0.2568171729413056	0
0.11693923252781692	0	0.2491500968082087	0
0.11626014369753761	0	0.24233525726920177	0
0.11558889653059928	0	0.23618353792282107	0
0.11492535598129015	0	0.23273874097193323	0
0.11426939008713041	0	0.22852895890925515	0
0.11362086988137982	0	0.22558662105369773	0
0.11297966930850793	0	0.224175710418488	0
0.11234566514251047	0	0.22345994700933772	0
0.11171873690796051	0	0.2248949457301714	0
0.11109876680368848	0	0.22685817314797824	0
0.11048563962898923	0	0.22892608028318182	0
0.10987924271225923	0	0.23351988832689916	0
0.10927946584197096	0	0.23846662968388546	0
0.10868620119989567	0	0.24292605999145078	0
0.10809934329648947	0	0.24929418329126546	0
0.10751878890836172	0	0.25621855149684153	0
0.10694443701774743	0	0.26167499351131907	0
0.10637618875390933	0	0.2681109040811603	0
0.10581394733639841	0	0.273609576051812	0
0.1052576180201042	0	0.2806200416127076	0
0.10470710804202943	0	0.28465446103675107	0
0.10416232656972625	0	0.2912984016728091	0
0.10362318465133388	0	0.2940503986371443	0
0.10308959516715979	0	0.2989487025052026	0
0.10256147278274916	0	0.30120238898514917	0
0.10203873390338973	0	0.3042733234062992	0
0.10152129663000055	0	0.3045173331413408	0
0.1010090807163564	0	0.3055711710624171	0
0.10050200752760037	0	0.30551440197950697	0
0.1	0	0.014604628350576103	0