448.	0.	0.	0.	0.00017579421066061545	0.	0.	0.0001765235551760432	0.	0.19111847595444337	0.	0.	0.	0.	0.	0.	0.	0.	0.	0.	0.	0.	0.	0.	0.	0.	0.	0.	0.	0.	0.	0.	0.	478572.37570370047	0.	0.4242421267982574	0.	0.	0.	0.	0.	0.	0.	0.	0.4315010000536056	0.
74.72894078398664	0.	0.	0.	0.0006797190609852925	0.	0.	0.0006868553497203584	0.	1.0155592524863042	0.	0.	0.	0.	0.	0.	0.	0.	0.	0.	0.	0.	0.	0.	0.	0.	0.	0.	0.	0.	0.	0.	0.	1.0977734196107405	0.	7.433431278269576	0.	0.	0.	0.	0.	0.	0.	0.	7.592035710826637	0.
40.76433121019109	0.	0.	0.	0.0007531770799009647	0.	0.	0.0007613907538676868	0.	1.101558563966018	0.	0.	0.	0.	0.	0.	0.	0.	0.	0.	0.	0.	0.	0.	0.	0.	0.	0.	0.	0.	0.	0.	0.	1.2922623469933485	0.	14.716337789401393	0.	0.	0.	0.	0.	0.	0.	0.	14.912992783345267	0.
28.02627463246794	0.	0.	0.	0.0007448423974527607	0.	0.	0.0007530767857630655	0.	1.0754358989148909	0.	0.	0.	0.	0.	0.	0.	0.	0.	0.	0.	0.	0.	0.	0.	0.	0.	0.	0.	0.	0.	0.	0.	1.3858620743376788	0.	16.86169637690511	0.	0.	0.	0.	0.	0.	0.	0.	16.94829662733142	0.
21.353670162059103	0.	0.	0.	0.0007182042920976752	0.	0.	0.0007262013896414326	0.	1.028592846043771	0.	0.	0.	0.	0.	0.	0.	0.	0.	0.	0.	0.	0.	0.	0.	0.	0.	0.	0.	0.	0.	0.	0.	1.2602474352668518	0.	15.613879161422485	0.	0.	0.	0.	0.	0.	0.	0.	15.565538290657857	0.
17.24735322425409	0.	0.	0.	0.0006882612352577796	0.	0.	0.0006959592545828723	0.	0.9802645143027645	0.	0.	0.	0.	0.	0.	0.	0.	0.	0.	0.	0.	0.	0.	0.	0.	0.	0.	0.	0.	0.	0.	0.	1.0384061702114946	0.	12.923386319505239	0.	0.	0.	0.	0.	0.	0.	0.	12.777720464902124	0.
14.465611882466904	0.	0.	0.	0.0006592757580665353	0.	0.	0.0006666722230246282	0.	0.9352212973198368	0.	0.	0.	0.	0.	0.	0.	0.	0.	0.	0.	0.	0.	0.	0.	0.	0.	0.	0.	0.	0.	0.	0.	0.8045542144901583	0.	9.988495843503825	0.	0.	0.	0.	0.	0.	0.	0.	9.795134499204318	0.
12.456554984012234	0.	0.	0.	0.0006324468117097193	0.	0.	0.0006395581865032208	0.	0.8944407628668077	0.	0.	0.	0.	0.	0.	0.	0.	0.	0.	0.	0.	0.	0.	0.	0.	0.	0.	0.	0.	0.	0.	0.	0.5989864273267115	0.	7.377264831175602	0.	0.	0.	0.	0.	0.	0.	0.	7.175665734756435	0.
10.9375	0.	0.	0.	0.0006079842185529744	0.	0.	0.0006148322297759792	0.	0.8578001276493367	0.	0.	0.	0.	0.	0.	0.	0.	0.	0.	0.	0.	0.	0.	0.	0.	0.	0.	0.	0.	0.	0.	0.	0.43462155495375815	0.	5.27927111468032	0.	0.	0.	0.	0.	0.	0.	0.	5.09374312623093	0.
9.74866717440975	0.	0.	0.	0.0005857682918715436	0.	0.	0.0005923749862768178	0.	0.8248748482591389	0.	0.	0.	0.	0.	0.	0.	0.	0.	0.	0.	0.	0.	0.	0.	0.	0.	0.	0.	0.	0.	0.	0.	0.3106106524106538	0.	3.694429373885181	0.	0.	0.	0.	0.	0.	0.	0.	3.5364825773205513	0.
8.792934249263984	0.	0.	0.	0.0005655807024813648	0.	0.	0.0005719666855994692	0.	0.7951944996656206	0.	0.	0.	0.	0.	0.	0.	0.	0.	0.	0.	0.	0.	0.	0.	0.	0.	0.	0.	0.	0.	0.	0.	0.2205896298387884	0.	2.545540814425312	0.	0.	0.	0.	0.	0.	0.	0.	2.418054585703118	0.
8.007864867280365	0.	0.	0.	0.0005471887192521679	0.	0.	0.0005533726260167216	0.	0.7683238690040942	0.	0.	0.	0.	0.	0.	0.	0.	0.	0.	0.	0.	0.	0.	0.	0.	0.	0.	0.	0.	0.	0.	0.	0.15696717996299997	0.	1.7366387789187965	0.	0.	0.	0.	0.	0.	0.	0.	1.6376150052936767	0.
7.351493272070888	0.	0.	0.	0.000530375195840818	0.	0.	0.0005363736475448026	0.	0.743884063236671	0.	0.	0.	0.	0.	0.	0.	0.	0.	0.	0.	0.	0.	0.	0.	0.	0.	0.	0.	0.	0.	0.	0.	0.11283194462166876	0.	1.1791625024025427	0.	0.	0.	0.	0.	0.	0.	0.	1.104395024946098	0.
6.794570410252522	0.	0.	0.	0.0005149476428948418	0.	0.	0.0005207753889546436	0.	0.7215529422472708	0.	0.	0.	0.	0.	0.	0.	0.	0.	0.	0.	0.	0.	0.	0.	0.	0.	0.	0.	0.	0.	0.	0.	0.08259347049449905	0.	0.8010161489149634	0.	0.	0.	0.	0.	0.	0.	0.	0.7457294146586958	0.
6.316086282250106	0.	0.	0.	0.0005007391479564038	0.	0.	0.0005064092663326666	0.	0.7010589268947796	0.	0.	0.	0.	0.	0.	0.	0.	0.	0.	0.	0.	0.	0.	0.	0.	0.	0.	0.	0.	0.	0.	0.	0.06202410752578888	0.	0.5474900736358839	0.	0.	0.	0.	0.	0.	0.	0.	0.5072106799746673	0.
5.900559762923939	0.	0.	0.	0.0004876061823611611	0.	0.	0.0004931302846028058	0.	0.6821732320483133	0.	0.	0.	0.	0.	0.	0.	0.	0.	0.	0.	0.	0.	0.	0.	0.	0.	0.	0.	0.	0.	0.	0.	0.048063009761560006	0.	0.3789015508513987	0.	0.	0.	0.	0.	0.	0.	0.	0.3498337482855616	0.
5.536332179930795	0.	0.	0.	0.00047542576261243297	0.	0.	0.0004808141854140304	0.	0.6647028502276285	0.	0.	0.	0.	0.	0.	0.	0.	0.	0.	0.	0.	0.	0.	0.	0.	0.	0.	0.	0.	0.	0.	0.	0.03856029663363783	0.	0.26735852666081666	0.	0.	0.	0.	0.	0.	0.	0.	0.24647388233340947	0.
5.2144561485188845	0.	0.	0.	0.00046409239250845693	0.	0.	0.00046935436681634055	0.	0.6484842507287757	0.	0.	0.	0.	0.	0.	0.	0.	0.	0.	0.	0.	0.	0.	0.	0.	0.	0.	0.	0.	0.	0.	0.	0.032038893920732	0.	0.19370267534612598	0.	0.	0.	0.	0.	0.	0.	0.	0.17868527123427413	0.
4.927950720492794	0.	0.	0.	0.00045351535966621986	0.	0.	0.0004586591573096392	0.	0.6333782240665167	0.	0.	0.	0.	0.	0.	0.	0.	0.	0.	0.	0.	0.	0.	0.	0.	0.	0.	0.	0.	0.	0.	0.	0.02750052397653639	0.	0.14500174582737613	0.	0.	0.	0.	0.	0.	0.	0.	0.1341346235154366	0.
4.671289296699859	0.	0.	0.	0.00044361640517741064	0.	0.	0.00044864946469227627	0.	0.6192656682822437	0.	0.	0.	0.	0.	0.	0.	0.	0.	0.	0.	0.	0.	0.	0.	0.	0.	0.	0.	0.	0.	0.	0.	0.024278741010344985	0.	0.11264239009457741	0.	0.	0.	0.	0.	0.	0.	0.	0.10468224450473486	0.
4.4400396432111	0.	0.	0.	0.0004343277468625754	0.	0.	0.00043925678083096115	0.	0.6060441497848538	0.	0.	0.	0.	0.	0.	0.	0.	0.	0.	0.	0.	0.	0.	0.	0.	0.	0.	0.	0.	0.	0.	0.	0.02193260513120024	0.	0.09094688041327383	0.	0.	0.	0.	0.	0.	0.	0.	0.08500964690683688	0.
4.23060578875301	0.	0.	0.	0.00042559043236023686	0.	0.	0.0004304215188781259	0.	0.5936251150486092	0.	0.	0.	0.	0.	0.	0.	0.	0.	0.	0.	0.	0.	0.	0.	0.	0.	0.	0.	0.	0.	0.	0.	0.02017216361676624	0.	0.0762020447242368	0.	0.	0.	0.	0.	0.	0.	0.	0.07166795374245385	0.
4.040039678961133	0.	0.	0.	0.0004173529800124153	0.	0.	0.0004220916407762628	0.	0.5819316361099569	0.	0.	0.	0.	0.	0.	0.	0.	0.	0.	0.	0.	0.	0.	0.	0.	0.	0.	0.	0.	0.	0.	0.	0.01880741179784522	0.	0.06599356512142635	0.	0.	0.	0.	0.	0.	0.	0.	0.06243285018112293	0.
3.865901540320145	0.	0.	0.	0.0004095702504731119	0.	0.	0.0004142215175637328	0.	0.5708965600018612	0.	0.	0.	0.	0.	0.	0.	0.	0.	0.	0.	0.	0.	0.	0.	0.	0.	0.	0.	0.	0.	0.	0.	0.017713945610999978	0.	0.058757741271244605	0.	0.	0.	0.	0.	0.	0.	0.	0.055874795090168634	0.
3.7061548643282594	0.	0.	0.	0.00040220247585227923	0.	0.	0.00040677094863297066	0.	0.5604610071016355	0.	0.	0.	0.	0.	0.	0.	0.	0.	0.	0.	0.	0.	0.	0.	0.	0.	0.	0.	0.	0.	0.	0.	0.016810146152440468	0.	0.05348384730206613	0.	0.	0.	0.	0.	0.	0.	0.	0.05107646635863218	0.
3.5590863952333662	0.	0.	0.	0.00039521453287162737	0.	0.	0.00039970442746975596	0.	0.5505731004313892	0.	0.	0.	0.	0.	0.	0.	0.	0.	0.	0.	0.	0.	0.	0.	0.	0.	0.	0.	0.	0.	0.	0.	0.016042201827434474	0.	0.049518661579508114	0.	0.	0.	0.	0.	0.	0.	0.	0.04744894441132918	0.
3.423244441048369	0.	0.	0.	0.0003885752520125516	0.	0.	0.00039299044362087627	0.	0.5411869913903544	0.	0.	0.	0.	0.	0.	0.	0.	0.	0.	0.	0.	0.	0.	0.	0.	0.	0.	0.	0.	0.	0.	0.	0.015374308385500727	0.	0.0464391832614202	0.	0.	0.	0.	0.	0.	0.	0.	0.04461312090603781	0.
3.297390792330622	0.	0.	0.	0.00038225687944026224	0.	0.	0.00038660093900866257	0.	0.5322619655030122	0.	0.	0.	0.	0.	0.	0.	0.	0.	0.	0.	0.	0.	0.	0.	0.	0.	0.	0.	0.	0.	0.	0.	0.014782360092088368	0.	0.04397031562541148	0.	0.	0.	0.	0.	0.	0.	0.	0.04232367402112207	0.
3.180462870935681	0.	0.	0.	0.0003762346177165705	0.	0.	0.0003805108438216132	0.	0.5237617418717354	0.	0.	0.	0.	0.	0.	0.	0.	0.	0.	0.	0.	0.	0.	0.	0.	0.	0.	0.	0.	0.	0.	0.	0.014249849001311479	0.	0.04193192079788493	0.	0.	0.	0.	0.	0.	0.	0.	0.04042057131308771	0.
3.071543656371053	0.	0.	0.	0.0003704862502102975	0.	0.	0.000374697696968425	0.	0.5156538935541626	0.	0.	0.	0.	0.	0.	0.	0.	0.	0.	0.	0.	0.	0.	0.	0.	0.	0.	0.	0.	0.	0.	0.	0.013765235057459174	0.	0.040204876983358444	0.	0.	0.	0.	0.	0.	0.	0.	0.038798243015026546	0.
2.9698375870069604	0.	0.	0.	0.00036499179578554564	0.	0.	0.0003691412970911405	0.	0.5079093214117186	0.	0.	0.	0.	0.	0.	0.	0.	0.	0.	0.	0.	0.	0.	0.	0.	0.	0.	0.	0.	0.	0.	0.	0.013320252952297716	0.	0.03870937904137318	0.	0.	0.	0.	0.	0.	0.	0.	0.03738601673622788	0.
2.8746510956398987	0.	0.	0.	0.0003597332325439464	0.	0.	0.0003638234233673761	0.	0.5005018332400574	0.	0.	0.	0.	0.	0.	0.	0.	0.	0.	0.	0.	0.	0.	0.	0.	0.	0.	0.	0.	0.	0.	0.	0.012908820382203477	0.	0.03739107888722477	0.	0.	0.	0.	0.	0.	0.	0.	0.03613571394840529	0.
2.7853767719472766	0.	0.	0.	0.00035469427150942536	0.	0.	0.00035872760678146045	0.	0.49340779939108603	0.	0.	0.	0.	0.	0.	0.	0.	0.	0.	0.	0.	0.	0.	0.	0.	0.	0.	0.	0.	0.	0.	0.	0.012526333443870021	0.	0.03621222932950519	0.	0.	0.	0.	0.	0.	0.	0.	0.03501377497005786	0.
2.7014803871317876	0.	0.	0.	0.0003498601413134343	0.	0.	0.00035383891249399094	0.	0.4866058290751207	0.	0.	0.	0.	0.	0.	0.	0.	0.	0.	0.	0.	0.	0.	0.	0.	0.	0.	0.	0.	0.	0.	0.	0.012169207109910837	0.	0.03514601670575792	0.	0.	0.	0.	0.	0.	0.	0.	0.03399624862336862	0.
2.622490194930633	0.	0.	0.	0.00034521741494513276	0.	0.	0.0003491437647289684	0.	0.48007650963849063	0.	0.	0.	0.	0.	0.	0.	0.	0.	0.	0.	0.	0.	0.	0.	0.	0.	0.	0.	0.	0.	0.	0.	0.011834575713005646	0.	0.034172916768511974	0.	0.	0.	0.	0.	0.	0.	0.	0.033065592068483314	0.
2.5479880563059862	0.	0.	0.	0.0003407538577501336	0.	0.	0.0003446297931323166	0.	0.47380217886275977	0.	0.	0.	0.	0.	0.	0.	0.	0.	0.	0.	0.	0.	0.	0.	0.	0.	0.	0.	0.	0.	0.	0.	0.011520092405579621	0.	0.03327834303569917	0.	0.	0.	0.	0.	0.	0.	0.	0.03220860277931521	0.
2.4776020351731005	0.	0.	0.	0.000336458295715474	0.	0.	0.00034028569963200203	0.	0.46776672827885396	0.	0.	0.	0.	0.	0.	0.	0.	0.	0.	0.	0.	0.	0.	0.	0.	0.	0.	0.	0.	0.	0.	0.	0.0112237969297383	0.	0.03245111416464394	0.	0.	0.	0.	0.	0.	0.	0.	0.03141508606813389	0.
2.41100018835939	0.	0.	0.	0.00033232050095351553	0.	0.	0.0003361011426803274	0.	0.46195543266327593	0.	0.	0.	0.	0.	0.	0.	0.	0.	0.	0.	0.	0.	0.	0.	0.	0.	0.	0.	0.	0.	0.	0.	0.010944020997172232	0.	0.0316824461052785	0.	0.	0.	0.	0.	0.	0.	0.	0.03067697450253562	0.
2.347885330957497	0.	0.	0.	0.0003283310918198168	0.	0.	0.00033206663628660696	0.	0.45635480172438175	0.	0.	0.	0.	0.	0.	0.	0.	0.	0.	0.	0.	0.	0.	0.	0.	0.	0.	0.	0.	0.	0.	0.	0.010679326216778586	0.	0.03096528172289618	0.	0.	0.	0.	0.	0.	0.	0.	0.02998774110270227	0.
2.287990602895738	0.	0.	0.	0.0003244814455260311	0.	0.	0.00032817346167880474	0.	0.4509524506671213	0.	0.	0.	0.	0.	0.	0.	0.	0.	0.	0.	0.	0.	0.	0.	0.	0.	0.	0.	0.	0.	0.	0.	0.01042845747501683	0.	0.030293840724476367	0.	0.	0.	0.	0.	0.	0.	0.	0.029342004825662384	0.
2.231075697211155	0.	0.	0.	0.00032076362145764934	0.	0.	0.00032441358978507474	0.	0.4457369868778133	0.	0.	0.	0.	0.	0.	0.	0.	0.	0.	0.	0.	0.	0.	0.	0.	0.	0.	0.	0.	0.	0.	0.	0.01019030950428571	0.	0.029663300538301397	0.	0.	0.	0.	0.	0.	0.	0.	0.028735255625983867	0.
2.1769236376005248	0.	0.	0.	0.00031717029430020836	0.	0.	0.00032077961362976174	0.	0.4406979112760312	0.	0.	0.	0.	0.	0.	0.	0.	0.	0.	0.	0.	0.	0.	0.	0.	0.	0.	0.	0.	0.	0.	0.	0.009963899809175503	0.	0.02906958299824993	0.	0.	0.	0.	0.	0.	0.	0.	0.02816366122230622	0.
2.1253380141372933	0.	0.	0.	0.000313694691980623	0.	0.	0.0003172646855949305	0.	0.4358255271581921	0.	0.	0.	0.	0.	0.	0.	0.	0.	0.	0.	0.	0.	0.	0.	0.	0.	0.	0.	0.	0.	0.	0.	0.009748356342720718	0.	0.028509196459966562	0.	0.	0.	0.	0.	0.	0.	0.	0.027623928172057912	0.
2.0761406029149385	0.	0.	0.	0.00031033054688178356	0.	0.	0.00031386246810191236	0.	0.43111086829963274	0.	0.	0.	0.	0.	0.	0.	0.	0.	0.	0.	0.	0.	0.	0.	0.	0.	0.	0.	0.	0.	0.	0.	0.009542889011890158	0.	0.0279791188889086	0.	0.	0.	0.	0.	0.	0.	0.	0.0271131837911737	0.
2.0291693088142044	0.	0.	0.	0.000307072046416762	0.	0.	0.0003105670836424271	0.	0.4265456266538453	0.	0.	0.	0.	0.	0.	0.	0.	0.	0.	0.	0.	0.	0.	0.	0.	0.	0.	0.	0.	0.	0.	0.	0.00934679016361221	0.	0.027476715265431623	0.	0.	0.	0.	0.	0.	0.	0.	0.02662896371701038	0.
1.9842763813531172	0.	0.	0.	0.0003039137923056364	0.	0.	0.0003073730736084363	0.	0.422122092696726	0.	0.	0.	0.	0.	0.	0.	0.	0.	0.	0.	0.	0.	0.	0.	0.	0.	0.	0.	0.	0.	0.	0.	0.009159418255079219	0.	0.02699966925877305	0.	0.	0.	0.	0.	0.	0.	0.	0.026169044615512033	0.
1.9413268622437925	0.	0.	0.	0.0003008507630126199	0.	0.	0.0003042753603160299	0.	0.41783310057577433	0.	0.	0.	0.	0.	0.	0.	0.	0.	0.	0.	0.	0.	0.	0.	0.	0.	0.	0.	0.	0.	0.	0.	0.008980190832758726	0.	0.02654593275513746	0.	0.	0.	0.	0.	0.	0.	0.	0.025731478328692395	0.
1.9001972302928765	0.	0.	0.	0.00029787828144447006	0.	0.	0.0003012692143485821	0.	0.4136719809178256	0.	0.	0.	0.	0.	0.	0.	0.	0.	0.	0.	0.	0.	0.	0.	0.	0.	0.	0.	0.	0.	0.	0.	0.008808577431544328	0.	0.026113685990000628	0.	0.	0.	0.	0.	0.	0.	0.	0.025314530440008417	0.
1.8607742149858784	0.	0.	0.	0.0002949919848124962	0.	0.	0.0002983502240864684	0.	0.409632516953597	0.	0.	0.	0.	0.	0.	0.	0.	0.	0.	0.	0.	0.	0.	0.	0.	0.	0.	0.	0.	0.	0.	0.	0.008644093619394754	0.	0.02570130121063965	0.	0.	0.	0.	0.	0.	0.	0.	0.024916649890442358	0.
1.8229537547557526	0.	0.	0.	0.00029218779818700224	0.	0.	0.0002955142689698723	0.	0.4057089060265683	0.	0.	0.	0.	0.	0.	0.	0.	0.	0.	0.	0.	0.	0.	0.	0.	0.	0.	0.	0.	0.	0.	0.	0.008486296470077339	0.	0.025307325207163476	0.	0.	0.	0.	0.	0.	0.	0.	0.02453644635639403	0.
1.7866400797607178	0.	0.	0.	0.00028946191060758144	0.	0.	0.0002927574953453414	0.	0.4018957248743504	0.	0.	0.	0.	0.	0.	0.	0.	0.	0.	0.	0.	0.	0.	0.	0.	0.	0.	0.	0.	0.	0.	0.	0.008334778707004714	0.	0.024930437824993046	0.	0.	0.	0.	0.	0.	0.	0.	0.02417266567129083	0.
1.7517449021486247	0.	0.	0.	0.00028681075356429807	0.	0.	0.0002900762947092012	0.	0.3981878983935072	0.	0.	0.	0.	0.	0.	0.	0.	0.	0.	0.	0.	0.	0.	0.	0.	0.	0.	0.	0.	0.	0.	0.	0.008189166963254927	0.	0.024569458449579966	0.	0.	0.	0.	0.	0.	0.	0.	0.023824173905151094	0.
1.7181866993940325	0.	0.	0.	0.00028423098383274407	0.	0.	0.0002874672863531979	0.	0.39458067467705255	0.	0.	0.	0.	0.	0.	0.	0.	0.	0.	0.	0.	0.	0.	0.	0.	0.	0.	0.	0.	0.	0.	0.	0.008049116950692483	0.	0.024223314275855192	0.	0.	0.	0.	0.	0.	0.	0.	0.02348994462315909	0.
1.6858900784616253	0.	0.	0.	0.00028171945635994185	0.	0.	0.00028492728994867795	0.	0.39106958605177256	0.	0.	0.	0.	0.	0.	0.	0.	0.	0.	0.	0.	0.	0.	0.	0.	0.	0.	0.	0.	0.	0.	0.	0.007914310996109472	0.	0.02389103001657112	0.	0.	0.	0.	0.	0.	0.	0.	0.02316904440197606	0.
1.6547852103571823	0.	0.	0.	0.0002792732236496545	0.	0.	0.0002824533249276227	0.	0.38765044771886403	0.	0.	0.	0.	0.	0.	0.	0.	0.	0.	0.	0.	0.	0.	0.	0.	0.	0.	0.	0.	0.	0.	0.	0.0077844553147152235	0.	0.023571717501092642	0.	0.	0.	0.	0.	0.	0.	0.	0.022860622718331745	0.
1.6248073261401759	0.	0.	0.	0.00027688951033932586	0.	0.	0.00028004258477605883	0.	0.38431932133596763	0.	0.	0.	0.	0.	0.	0.	0.	0.	0.	0.	0.	0.	0.	0.	0.	0.	0.	0.	0.	0.	0.	0.	0.007659278531275292	0.	0.02326456580915946	0.	0.	0.	0.	0.	0.	0.	0.	0.022563902642201407	0.
1.5958962667426617	0.	0.	0.	0.0002745657031456155	0.	0.	0.0002776924268685687	0.	0.38107250040912805	0.	0.	0.	0.	0.	0.	0.	0.	0.	0.	0.	0.	0.	0.	0.	0.	0.	0.	0.	0.	0.	0.	0.	0.007538528089285761	0.	0.02296883282115251	0.	0.	0.	0.	0.	0.	0.	0.	0.022278172848453758	0.
1.5679960800098	0.	0.	0.	0.0002722993388832127	0.	0.	0.00027540036035412276	0.	0.3779064930108166	0.	0.	0.	0.	0.	0.	0.	0.	0.	0.	0.	0.	0.	0.	0.	0.	0.	0.	0.	0.	0.	0.	0.	0.00742197004318654	0.	0.02268383788517936	0.	0.	0.	0.	0.	0.	0.	0.	0.022002780670391815	0.
1.5410546592824463	0.	0.	0.	0.0002700881020597982	0.	0.	0.00027316404372821306	0.	0.37481801758058864	0.	0.	0.	0.	0.	0.	0.	0.	0.	0.	0.	0.	0.	0.	0.	0.	0.	0.	0.	0.	0.	0.	0.	0.007309386674595083	0.	0.02240895542601197	0.	0.	0.	0.	0.	0.	0.	0.	0.021737126035882064	0.
1.515023418609763	0.	0.	0.	0.00026792977256191383	0.	0.	0.0002709812319183422	0.	0.3718039311783064	0.	0.	0.	0.	0.	0.	0.	0.	0.	0.	0.	0.	0.	0.	0.	0.	0.	0.	0.	0.	0.	0.	0.	0.00720057522570459	0.	0.0221436093531904	0.	0.	0.	0.	0.	0.	0.	0.	0.02148065615494494	0.
1.4898570003325573	0.	0.	0.	0.00026582229696026105	0.	0.	0.00026884984841845885	0.	0.36886132529978155	0.	0.	0.	0.	0.	0.	0.	0.	0.	0.	0.	0.	0.	0.	0.	0.	0.	0.	0.	0.	0.	0.	0.	0.007095346622839721	0.	0.02188726815088603	0.	0.	0.	0.	0.	0.	0.	0.	0.021232860850130746	0.
1.4655130113348274	0.	0.	0.	0.0002637637128046908	0.	0.	0.00026676790870965966	0.	0.3659874229263881	0.	0.	0.	0.	0.	0.	0.	0.	0.	0.	0.	0.	0.	0.	0.	0.	0.	0.	0.	0.	0.	0.	0.	0.00699352433015222	0.	0.02163944055217105	0.	0.	0.	0.	0.	0.	0.	0.	0.02099326843906172	0.
1.4419517847371979	0.	0.	0.	0.00026175215748550117	0.	0.	0.00026473352923116244	0.	0.3631795893485528	0.	0.	0.	0.	0.	0.	0.	0.	0.	0.	0.	0.	0.	0.	0.	0.	0.	0.	0.	0.	0.	0.	0.	0.0068949433179769735	0.	0.021399671716431357	0.	0.	0.	0.	0.	0.	0.	0.	0.020761442093161164	0.
1.4191361642143274	0.	0.	0.	0.00025978586986619785	0.	0.	0.0002627449290323476	0.	0.36043533421068796	0.	0.	0.	0.	0.	0.	0.	0.	0.	0.	0.	0.	0.	0.	0.	0.	0.	0.	0.	0.	0.	0.	0.	0.006799449132486477	0.	0.021167539841672772	0.	0.	0.	0.	0.	0.	0.	0.	0.020536976608538437	0.
1.3970313084695023	0.	0.	0.	0.0002578631797553021	0.	0.	0.00026080041912617316	0.	0.3577522966312508	0.	0.	0.	0.	0.	0.	0.	0.	0.	0.	0.	0.	0.	0.	0.	0.	0.	0.	0.	0.	0.	0.	0.	0.006706897055070709	0.	0.020942653154105057	0.	0.	0.	0.	0.	0.	0.	0.	0.02031949553483097	0.
1.3756045137023105	0.	0.	0.	0.0002559825017305564	0.	0.	0.00025889839624448343	0.	0.3551282363621063	0.	0.	0.	0.	0.	0.	0.	0.	0.	0.	0.	0.	0.	0.	0.	0.	0.	0.	0.	0.	0.	0.	0.	0.0066171513413825055	0.	0.020724647226125378	0.	0.	0.	0.	0.	0.	0.	0.	0.020108648615923246	0.
1.3548250521668128	0.	0.	0.	0.0002541423298459594	0.	0.	0.0002570373374860718	0.	0.3525610261945258	0.	0.	0.	0.	0.	0.	0.	0.	0.	0.	0.	0.	0.	0.	0.	0.	0.	0.	0.	0.	0.	0.	0.	0.0065300845312780634	0.	0.020513182581058484	0.	0.	0.	0.	0.	0.	0.	0.	0.019904109503218168	0.
1.3346640251441169	0.	0.	0.	0.00025234123264621414	0.	0.	0.00025521579527553	0.	0.35004864481693615	0.	0.	0.	0.	0.	0.	0.	0.	0.	0.	0.	0.	0.	0.	0.	0.	0.	0.	0.	0.	0.	0.	0.	0.006445576821985971	0.	0.020307942549038345	0.	0.	0.	0.	0.	0.	0.	0.	0.0197055737077745	0.
1.3150942288498797	0.	0.	0.	0.00025057785846216256	0.	0.	0.0002534324027188746	0.	0.34758917684391977	0.	0.	0.	0.	0.	0.	0.	0.	0.	0.	0.	0.	0.	0.	0.	0.	0.	0.	0.	0.	0.	0.	0.	0.006363515497780531	0.	0.020108631381168404	0.	0.	0.	0.	0.	0.	0.	0.	0.019512756799032093	0.
1.296090031968292	0.	0.	0.	0.0002488508821590314	0.	0.	0.0002516858197521834	0.	0.345180774320521	0.	0.	0.	0.	0.	0.	0.	0.	0.	0.	0.	0.	0.	0.	0.	0.	0.	0.	0.	0.	0.	0.	0.	0.006283794410253348	0.	0.019914972365761004	0.	0.	0.	0.	0.	0.	0.	0.	0.01932539260168808	0.
1.2776272636532156	0.	0.	0.	0.0002471590956464848	0.	0.	0.00024997482467151557	0.	0.342821710994943	0.	0.	0.	0.	0.	0.	0.	0.	0.	0.	0.	0.	0.	0.	0.	0.	0.	0.	0.	0.	0.	0.	0.	0.006206313503976913	0.	0.01972670650762402	0.	0.	0.	0.	0.	0.	0.	0.	0.01914323193662162	0.
1.2596831109673972	0.	0.	0.	0.00024550131138738107	0.	0.	0.000248298216555382	0.	0.34051031942090504	0.	0.	0.	0.	0.	0.	0.	0.	0.	0.	0.	0.	0.	0.	0.	0.	0.	0.	0.	0.	0.	0.	0.	0.006130978390862402	0.	0.019543590959932154	0.	0.	0.	0.	0.	0.	0.	0.	0.018966041118424266	0.
1.2422360248447204	0.	0.	0.	0.00024387641084997337	0.	0.	0.0002466548642636205	0.	0.3382450224603003	0.	0.	0.	0.	0.	0.	0.	0.	0.	0.	0.	0.	0.	0.	0.	0.	0.	0.	0.	0.	0.	0.	0.	0.006057699920820956	0.	0.01936539779413216	0.	0.	0.	0.	0.	0.	0.	0.	0.018793600779050085	0.
1.2252656337604442	0.	0.	0.	0.00024228332029867843	0.	0.	0.0002450436819541784	0.	0.3360243067178133	0.	0.	0.	0.	0.	0.	0.	0.	0.	0.	0.	0.	0.	0.	0.	0.	0.	0.	0.	0.	0.	0.	0.	0.005986393868370158	0.	0.019191912856216124	0.	0.	0.	0.	0.	0.	0.	0.	0.01862570477324374	0.
1.2087526643822681	0.	0.	0.	0.00024072101632009957	0.	0.	0.000243463634672767	0.	0.3338467300645175	0.	0.	0.	0.	0.	0.	0.	0.	0.	0.	0.	0.	0.	0.	0.	0.	0.	0.	0.	0.	0.	0.	0.	0.005916980565437529	0.	0.019022934688547797	0.	0.	0.	0.	0.	0.	0.	0.	0.018462159145907438	0.
1.1926788685524126	0.	0.	0.	0.0002391885209604252	0.	0.	0.0002419137334354119	0.	0.33171091479202447	0.	0.	0.	0.	0.	0.	0.	0.	0.	0.	0.	0.	0.	0.	0.	0.	0.	0.	0.	0.	0.	0.	0.	0.005849384599118743	0.	0.018858273628498127	0.	0.	0.	0.	0.	0.	0.	0.	0.018302781269488803	0.
1.1770269560191267	0.	0.	0.	0.00023768489155714218	0.	0.	0.0002403930249450807	0.	0.32961553338065663	0.	0.	0.	0.	0.	0.	0.	0.	0.	0.	0.	0.	0.	0.	0.	0.	0.	0.	0.	0.	0.	0.	0.	0.005783534536039745	0.	0.018697750910793978	0.	0.	0.	0.	0.	0.	0.	0.	0.018147398983733028	0.
1.161780532396302	0.	0.	0.	0.00023620925337125014	0.	0.	0.00023890062459487968	0.	0.32755935383121004	0.	0.	0.	0.	0.	0.	0.	0.	0.	0.	0.	0.	0.	0.	0.	0.	0.	0.	0.	0.	0.	0.	0.	0.005719362658219339	0.	0.01854119788660734	0.	0.	0.	0.	0.	0.	0.	0.	0.017995849847546375	0.
1.1469240418832083	0.	0.	0.	0.00023476073330137436	0.	0.	0.00023743564943005545	0.	0.32554114730099304	0.	0.	0.	0.	0.	0.	0.	0.	0.	0.	0.	0.	0.	0.	0.	0.	0.	0.	0.	0.	0.	0.	0.	0.0056568047244066645	0.	0.01838845530300853	0.	0.	0.	0.	0.	0.	0.	0.	0.017847980448432447	0.
1.1324427143236309	0.	0.	0.	0.00023333851594395497	0.	0.	0.00023599727484452517	0.	0.3235597661465527	0.	0.	0.	0.	0.	0.	0.	0.	0.	0.	0.	0.	0.	0.	0.	0.	0.	0.	0.	0.	0.	0.	0.	0.005595799748793611	0.	0.018239372643953856	0.	0.	0.	0.	0.	0.	0.	0.	0.017703645770758433	0.
1.1183225162256614	0.	0.	0.	0.0002319418155115742	0.	0.	0.0002345847061810658	0.	0.3216141047127262	0.	0.	0.	0.	0.	0.	0.	0.	0.	0.	0.	0.	0.	0.	0.	0.	0.	0.	0.	0.	0.	0.	0.	0.0055362897964933745	0.	0.018093807526710273	0.	0.	0.	0.	0.	0.	0.	0.	0.017562708617031644	0.
1.1045501054007074	0.	0.	0.	0.00023056987866327793	0.	0.	0.00023319718159392388	0.	0.3197031032343141	0.	0.	0.	0.	0.	0.	0.	0.	0.	0.	0.	0.	0.	0.	0.	0.	0.	0.	0.	0.	0.	0.	0.	0.005478219794312782	0.	0.01795162514829458	0.	0.	0.	0.	0.	0.	0.	0.	0.017425039077013958	0.
1.0911127889135146	0.	0.	0.	0.00022922198280379437	0.	0.	0.0002318339703289689	0.	0.3178257454177906	0.	0.	0.	0.	0.	0.	0.	0.	0.	0.	0.	0.	0.	0.	0.	0.	0.	0.	0.	0.	0.	0.	0.	0.005421537290593947	0.	0.01781269745973677	0.	0.	0.	0.	0.	0.	0.	0.	0.017290513731970776	0.
1.0779984840646317	0.	0.	0.	0.00022789743449031687	0.	0.	0.00023049437111261338	0.	0.3159810561768022	0.	0.	0.	0.	0.	0.	0.	0.	0.	0.	0.	0.	0.	0.	0.	0.	0.	0.	0.	0.	0.	0.	0.	0.005366192617237371	0.	0.01767690428552115	0.	0.	0.	0.	0.	0.	0.	0.	0.017159016746775037	0.
1.0651956821532171	0.	0.	0.	0.00022659556793900174	0.	0.	0.00022917771064156044	0.	0.3141680995101637	0.	0.	0.	0.	0.	0.	0.	0.	0.	0.	0.	0.	0.	0.	0.	0.	0.	0.	0.	0.	0.	0.	0.	0.005312138089911194	0.	0.017544129871775994	0.	0.	0.	0.	0.	0.	0.	0.	0.017030436524184275	0.
1.0526934147917522	0.	0.	0.	0.00022531574362376388	0.	0.	0.00022788334216588123	0.	0.312385976511696	0.	0.	0.	0.	0.	0.	0.	0.	0.	0.	0.	0.	0.	0.	0.	0.	0.	0.	0.	0.	0.	0.	0.	0.005259328554430865	0.	0.01741426503101916	0.	0.	0.	0.	0.	0.	0.	0.	0.016904667789124427	0.
1.0404812225654365	0.	0.	0.	0.00022405734696085837	0.	0.	0.00022661064415883665	0.	0.31063382350254726	0.	0.	0.	0.	0.	0.	0.	0.	0.	0.	0.	0.	0.	0.	0.	0.	0.	0.	0.	0.	0.	0.	0.	0.005207720776389468	0.	0.017287206172923866	0.	0.	0.	0.	0.	0.	0.	0.	0.01678161065518403	0.
1.0285491258480364	0.	0.	0.	0.00022281978707297764	0.	0.	0.00022535901906710462	0.	0.3089108102770055	0.	0.	0.	0.	0.	0.	0.	0.	0.	0.	0.	0.	0.	0.	0.	0.	0.	0.	0.	0.	0.	0.	0.	0.005157273628119206	0.	0.017162854608676996	0.	0.	0.	0.	0.	0.	0.	0.	0.016661169950509026	0.
1.0168875976030507	0.	0.	0.	0.00022160249553470571	0.	0.	0.00022412789204213722	0.	0.30721613832542216	0.	0.	0.	0.	0.	0.	0.	0.	0.	0.	0.	0.	0.	0.	0.	0.	0.	0.	0.	0.	0.	0.	0.	0.005107947806417195	0.	0.017041116401066935	0.	0.	0.	0.	0.	0.	0.	0.	0.016543255076150492	0.
1.0054875380143866	0.	0.	0.	0.00022040492565120415	0.	0.	0.00022291671021080518	0.	0.3055490397991798	0.	0.	0.	0.	0.	0.	0.	0.	0.	0.	0.	0.	0.	0.	0.	0.	0.	0.	0.	0.	0.	0.	0.	0.0050597057717273845	0.	0.016921902085754732	0.	0.	0.	0.	0.	0.	0.	0.	0.016427779738480454	0.
0.9943402508045722	0.	0.	0.	0.00021922655086998818	0.	0.	0.00022172494106925206	0.	0.30390877527625776	0.	0.	0.	0.	0.	0.	0.	0.	0.	0.	0.	0.	0.	0.	0.	0.	0.	0.	0.	0.	0.	0.	0.	0.005012511649976413	0.	0.016805126400047977	0.	0.	0.	0.	0.	0.	0.	0.	0.016314661688614975	0.
0.9834374211109769	0.	0.	0.	0.00021806686418500946	0.	0.	0.0002205520718803413	0.	0.30229463290479347	0.	0.	0.	0.	0.	0.	0.	0.	0.	0.	0.	0.	0.	0.	0.	0.	0.	0.	0.	0.	0.	0.	0.	0.004966331140914082	0.	0.016690708033793186	0.	0.	0.	0.	0.	0.	0.	0.	0.016203822483080044	0.
0.9727710948017544	0.	0.	0.	0.00021692537712933994	0.	0.	0.00021939760865500799	0.	0.3007059269784463	0.	0.	0.	0.	0.	0.	0.	0.	0.	0.	0.	0.	0.	0.	0.	0.	0.	0.	0.	0.	0.	0.	0.	0.004921131432460993	0.	0.016578569398022228	0.	0.	0.	0.	0.	0.	0.	0.	0.01609518726149916	0.
0.9623336591233743	0.	0.	0.	0.0002158016189132163	0.	0.	0.00021826107528061895	0.	0.2991419967152212	0.	0.	0.	0.	0.	0.	0.	0.	0.	0.	0.	0.	0.	0.	0.	0.	0.	0.	0.	0.	0.	0.	0.	0.004876881120605781	0.	0.01646863688568652	0.	0.	0.	0.	0.	0.	0.	0.	0.01598868503541437	0.
0.9521178245807917	0.	0.	0.	0.00021469513561057818	0.	0.	0.0002171420126983674	0.	0.2976022051053173	0.	0.	0.	0.	0.	0.	0.	0.	0.	0.	0.	0.	0.	0.	0.	0.	0.	0.	0.	0.	0.	0.	0.	0.004833550134436161	0.	0.01636083829247034	0.	0.	0.	0.	0.	0.	0.	0.	0.01588424601831452	0.
0.9421166079596236	0.	0.	0.	0.000213605489390804	0.	0.	0.00021603997812637388	0.	0.2960859378232935	0.	0.	0.	0.	0.	0.	0.	0.	0.	0.	0.	0.	0.	0.	0.	0.	0.	0.	0.	0.	0.	0.	0.	0.004791109665378471	0.	0.016255107126693202	0.	0.	0.	0.	0.	0.	0.	0.	0.01578180614783691	0.
0.9323233164072255	0.	0.	0.	0.00021253225829305066	0.	0.	0.0002149545448315498	0.	0.294592602897574	0.	0.	0.	0.	0.	0.	0.	0.	0.	0.	0.	0.	0.	0.	0.	0.	0.	0.	0.	0.	0.	0.	0.	0.004749532103520803	0.	0.01615137872054114	0.	0.	0.	0.	0.	0.	0.	0.	0.015681302974766637	0.
0.9227315324964213	0.	0.	0.	0.00021147503350855008	0.	0.	0.00021388529938108736	0.	0.29312162690845966	0.	0.	0.	0.	0.	0.	0.	0.	0.	0.	0.	0.	0.	0.	0.	0.	0.	0.	0.	0.	0.	0.	0.	0.0047087909727557145	0.	0.01604959088860181	0.	0.	0.	0.	0.	0.	0.	0.	0.0155826764738984	0.
0.9133351002018307	0.	0.	0.	0.0002104334218256558	0.	0.	0.00021283184411537566	0.	0.29167245838132916	0.	0.	0.	0.	0.	0.	0.	0.	0.	0.	0.	0.	0.	0.	0.	0.	0.	0.	0.	0.	0.	0.	0.	0.004668860874882304	0.	0.01594968433547115	0.	0.	0.	0.	0.	0.	0.	0.	0.015485869406158223	0.
0.9041281117244023	0.	0.	0.	0.00020940704291989016	0.	0.	0.0002117937944073164	0.	0.2902445639975387	0.	0.	0.	0.	0.	0.	0.	0.	0.	0.	0.	0.	0.	0.	0.	0.	0.	0.	0.	0.	0.	0.	0.	0.0046297174346938514	0.	0.015851602256613657	0.	0.	0.	0.	0.	0.	0.	0.	0.015390826932724134	0.
0.8951048951048951	0.	0.	0.	0.0002083955293041598	0.	0.	0.00021077077861204237	0.	0.2888374285129761	0.	0.	0.	0.	0.	0.	0.	0.	0.	0.	0.	0.	0.	0.	0.	0.	0.	0.	0.	0.	0.	0.	0.	0.004591337248835833	0.	0.015755290203502335	0.	0.	0.	0.	0.	0.	0.	0.	0.015297496485280015	0.
0.8862600025717366	0.	0.	0.	0.00020739852577730401	0.	0.	0.0002097624375092599	0.	0.287450553978411	0.	0.	0.	0.	0.	0.	0.	0.	0.	0.	0.	0.	0.	0.	0.	0.	0.	0.	0.	0.	0.	0.	0.	0.004553697837709358	0.	0.015660695969864184	0.	0.	0.	0.	0.	0.	0.	0.	0.015205827656652163	0.
0.8775881995729592	0.	0.	0.	0.00020641568890129896	0.	0.	0.00020876842377456935	0.	0.28608345900052984	0.	0.	0.	0.	0.	0.	0.	0.	0.	0.	0.	0.	0.	0.	0.	0.	0.	0.	0.	0.	0.	0.	0.	0.004516777603728114	0.	0.0155677694605607	0.	0.	0.	0.	0.	0.	0.	0.	0.015115772074539471	0.
0.8690844544458132	0.	0.	0.	0.0002054466865053973	0.	0.	0.00020778840147802507	0.	0.28473567804120653	0.	0.	0.	0.	0.	0.	0.	0.	0.	0.	0.	0.	0.	0.	0.	0.	0.	0.	0.	0.	0.	0.	0.	0.0044805557747466885	0.	0.015476462592819193	0.	0.	0.	0.	0.	0.	0.	0.	0.015027283306542445	0.
0.8607439286812173	0.	0.	0.	0.0002044911972155588	0.	0.	0.00020682204560826595	0.	0.28340676075265775	0.	0.	0.	0.	0.	0.	0.	0.	0.	0.	0.	0.	0.	0.	0.	0.	0.	0.	0.	0.	0.	0.	0.	0.004445012384655702	0.	0.015386729191693744	0.	0.	0.	0.	0.	0.	0.	0.	0.01494031675953791	0.
0.8525619677434703	0.	0.	0.	0.00020354891000763772	0.	0.	0.00020586904162067443	0.	0.28209627134630805	0.	0.	0.	0.	0.	0.	0.	0.	0.	0.	0.	0.	0.	0.	0.	0.	0.	0.	0.	0.	0.	0.	0.	0.004410128221806181	0.	0.015298524894254874	0.	0.	0.	0.	0.	0.	0.	0.	0.014854829587463174	0.
0.8445340924086188	0.	0.	0.	0.00020261951338097238	0.	0.	0.00020492907448746607	0.	0.2808037735971328	0.	0.	0.	0.	0.	0.	0.	0.	0.	0.	0.	0.	0.	0.	0.	0.	0.	0.	0.	0.	0.	0.	0.	0.004375884796698023	0.	0.015211807065062106	0.	0.	0.	0.	0.	0.	0.	0.	0.014770780605070997	0.
0.8366559905876201	0.	0.	0.	0.00020170274696513284	0.	0.	0.0002040018808934955	0.	0.2795289022557412	0.	0.	0.	0.	0.	0.	0.	0.	0.	0.	0.	0.	0.	0.	0.	0.	0.	0.	0.	0.	0.	0.	0.	0.004342264308780744	0.	0.015126534808767121	0.	0.	0.	0.	0.	0.	0.	0.	0.014688130325346091	0.
0.8289235096029308	0.	0.	0.	0.00020079829711623463	0.	0.	0.00020308714364104826	0.	0.27827121854384934	0.	0.	0.	0.	0.	0.	0.	0.	0.	0.	0.	0.	0.	0.	0.	0.	0.	0.	0.	0.	0.	0.	0.	0.004309249612668134	0.	0.015042668601829642	0.	0.	0.	0.	0.	0.	0.	0.	0.014606840614931263	0.
0.8213326488894593	0.	0.	0.	0.00019990590057228876	0.	0.	0.00020218459648828384	0.	0.2770303536025301	0.	0.	0.	0.	0.	0.	0.	0.	0.	0.	0.	0.	0.	0.	0.	0.	0.	0.	0.	0.	0.	0.	0.	0.004276824190873813	0.	0.014960170140575999	0.	0.	0.	0.	0.	0.	0.	0.	0.014526874290465779	0.
0.813879553092924	0.	0.	0.	0.00019902529209599726	0.	0.	0.00020129397119451854	0.	0.2758059360208271	0.	0.	0.	0.	0.	0.	0.	0.	0.	0.	0.	0.	0.	0.	0.	0.	0.	0.	0.	0.	0.	0.	0.	0.004244972123575856	0.	0.014879003329808255	0.	0.	0.	0.	0.	0.	0.	0.	0.01444819666518724	0.
0.8065605055406025	0.	0.	0.	0.00019815621454620503	0.	0.	0.00020041500770667244	0.	0.27459760576570746	0.	0.	0.	0.	0.	0.	0.	0.	0.	0.	0.	0.	0.	0.	0.	0.	0.	0.	0.	0.	0.	0.	0.	0.004213678062148939	0.	0.014799132801399387	0.	0.	0.	0.	0.	0.	0.	0.	0.014370773514747782	0.
0.7993719220612376	0.	0.	0.	0.00019729841856305704	0.	0.	0.00019954745384087976	0.	0.2734050137379657	0.	0.	0.	0.	0.	0.	0.	0.	0.	0.	0.	0.	0.	0.	0.	0.	0.	0.	0.	0.	0.	0.	0.	0.004182927203707143	0.	0.014720524541713033	0.	0.	0.	0.	0.	0.	0.	0.	0.014294571946829756	0.
0.7923103451325086	0.	0.	0.	0.00019645166226802107	0.	0.	0.00019869106497912877	0.	0.27222782134917145	0.	0.	0.	0.	0.	0.	0.	0.	0.	0.	0.	0.	0.	0.	0.	0.	0.	0.	0.	0.	0.	0.	0.	0.004152705266999869	0.	0.014643146070082408	0.	0.	0.	0.	0.	0.	0.	0.	0.014219560603950278	0.
0.7853724383359921	0.	0.	0.	0.00019561571097784878	0.	0.	0.00019784560377999978	0.	0.2710657001183525	0.	0.	0.	0.	0.	0.	0.	0.	0.	0.	0.	0.	0.	0.	0.	0.	0.	0.	0.	0.	0.	0.	0.	0.004122998469575662	0.	0.014566965741112367	0.	0.	0.	0.	0.	0.	0.	0.	0.014145708896621263	0.
0.7785549811009254	0.	0.	0.	0.00019479033693187525	0.	0.	0.00019701083990289	0.	0.2699183312875502	0.	0.	0.	0.	0.	0.	0.	0.	0.	0.	0.	0.	0.	0.	0.	0.	0.	0.	0.	0.	0.	0.	0.	0.004093793506138597	0.	0.014491953138710644	0.	0.	0.	0.	0.	0.	0.	0.	0.014072987431130111	0.
0.7718548637193756	0.	0.	0.	0.00019397531903176011	0.	0.	0.00019618654974481984	0.	0.2687854054549821	0.	0.	0.	0.	0.	0.	0.	0.	0.	0.	0.	0.	0.	0.	0.	0.	0.	0.	0.	0.	0.	0.	0.	0.004065077528023574	0.	0.01441807891165034	0.	0.	0.	0.	0.	0.	0.	0.	0.01400136784131862	0.
0.7652690826166053	0.	0.	0.	0.00019317044259310832	0.	0.	0.00019537251618925388	0.	0.2676666222250085	0.	0.	0.	0.	0.	0.	0.	0.	0.	0.	0.	0.	0.	0.	0.	0.	0.	0.	0.	0.	0.	0.	0.	0.00403683812372365	0.	0.014345314726298122	0.	0.	0.	0.	0.	0.	0.	0.	0.013930822743033552	0.
0.7587947358615199	0.	0.	0.	0.00019237549910831956	0.	0.	0.00019456852836627423	0.	0.26656168987397943	0.	0.	0.	0.	0.	0.	0.	0.	0.	0.	0.	0.	0.	0.	0.	0.	0.	0.	0.	0.	0.	0.	0.	0.004009063300408745	0.	0.014273633221879575	0.	0.	0.	0.	0.	0.	0.	0.	0.01386132569101679	0.
0.7524290189030997	0.	0.	0.	0.000191590286020084	0.	0.	0.00019377438142352345	0.	0.2654703250311372	0.	0.	0.	0.	0.	0.	0.	0.	0.	0.	0.	0.	0.	0.	0.	0.	0.	0.	0.	0.	0.	0.	0.	0.0039817414663739815	0.	0.014203007933532241	0.	0.	0.	0.	0.	0.	0.	0.	0.013792851138029985	0.
0.7461692205196536	0.	0.	0.	0.00019081460643084733	0.	0.	0.00019298987623238018	0.	0.26439225227129476	0.	0.	0.	0.	0.	0.	0.	0.	0.	0.	0.	0.	0.	0.	0.	0.	0.	0.	0.	0.	0.	0.	0.	0.003954861414366566	0.	0.0141334132484188	0.	0.	0.	0.	0.	0.	0.	0.	0.013725374225144103	0.
0.7400127189686072	0.	0.	0.	0.0001900482691904148	0.	0.	0.00019221481947659418	0.	0.26332720423062206	0.	0.	0.	0.	0.	0.	0.	0.	0.	0.	0.	0.	0.	0.	0.	0.	0.	0.	0.	0.	0.	0.	0.	0.0039284123057384684	0.	0.014064824726240249	0.	0.	0.	0.	0.	0.	0.	0.	0.013658871427470588	0.
0.733956978325333	0.	0.	0.	0.00018929108825896523	0.	0.	0.0001914490230080515	0.	0.2622749207209614	0.	0.	0.	0.	0.	0.	0.	0.	0.	0.	0.	0.	0.	0.	0.	0.	0.	0.	0.	0.	0.	0.	0.	0.0039023836553781295	0.	0.013997218355733124	0.	0.	0.	0.	0.	0.	0.	0.	0.013593319498757476	0.
0.7279995450002843	0.	0.	0.	0.00018854288280860073	0.	0.	0.0001906923039495104	0.	0.2612351488653692	0.	0.	0.	0.	0.	0.	0.	0.	0.	0.	0.	0.	0.	0.	0.	0.	0.	0.	0.	0.	0.	0.	0.	0.0038767653173763378	0.	0.013930571047460405	0.	0.	0.	0.	0.	0.	0.	0.	0.01352869611672822	0.
0.7221380444243852	0.	0.	0.	0.00018780347701812772	0.	0.	0.0001899444844870585	0.	0.26020764274352953	0.	0.	0.	0.	0.	0.	0.	0.	0.	0.	0.	0.	0.	0.	0.	0.	0.	0.	0.	0.	0.	0.	0.	0.0038515474713856452	0.	0.013864860461451809	0.	0.	0.	0.	0.	0.	0.	0.	0.013464979682675224	0.
0.7163701778932641	0.	0.	0.	0.00018707269970309317	0.	0.	0.00018920539149596722	0.	0.25919216320814814	0.	0.	0.	0.	0.	0.	0.	0.	0.	0.	0.	0.	0.	0.	0.	0.	0.	0.	0.	0.	0.	0.	0.	0.0038267206096336322	0.	0.01380006497632696	0.	0.	0.	0.	0.	0.	0.	0.	0.013402149291691978	0.
0.7106937195615273	0.	0.	0.	0.00018635038445056793	0.	0.	0.0001884748566770058	0.	0.2581884774016703	0.	0.	0.	0.	0.	0.	0.	0.	0.	0.	0.	0.	0.	0.	0.	0.	0.	0.	0.	0.	0.	0.	0.	0.0038022754517515927	0.	0.013736163659954104	0.	0.	0.	0.	0.	0.	0.	0.	0.013340184704380758	0.
0.7051065135788089	0.	0.	0.	0.00018563636925569225	0.	0.	0.00018775271618887862	0.	0.25719635891650355	0.	0.	0.	0.	0.	0.	0.	0.	0.	0.	0.	0.	0.	0.	0.	0.	0.	0.	0.	0.	0.	0.	0.	0.0037782032233253868	0.	0.013673136241558297	0.	0.	0.	0.	0.	0.	0.	0.	0.01327906631995615	0.
0.6996064713598601	0.	0.	0.	0.00018493049642126898	0.	0.	0.0001870388105466851	0.	0.256215587318645	0.	0.	0.	0.	0.	0.	0.	0.	0.	0.	0.	0.	0.	0.	0.	0.	0.	0.	0.	0.	0.	0.	0.	0.003754495210464414	0.	0.013610963085188228	0.	0.	0.	0.	0.	0.	0.	0.	0.013218775150660347	0.
0.6941915689814132	0.	0.	0.	0.00018423261241167025	0.	0.	0.000186332984474178	0.	0.2552459480090555	0.	0.	0.	0.	0.	0.	0.	0.	0.	0.	0.	0.	0.	0.	0.	0.	0.	0.	0.	0.	0.	0.	0.	0.0037311430376868212	0.	0.013549625164473778	0.	0.	0.	0.	0.	0.	0.	0.	0.013159292797416362	0.
0.6888598446990082	0.	0.	0.	0.00018354256771275606	0.	0.	0.00018563508676210016	0.	0.25428723202663506	0.	0.	0.	0.	0.	0.	0.	0.	0.	0.	0.	0.	0.	0.	0.	0.	0.	0.	0.	0.	0.	0.	0.	0.0037081385857689305	0.	0.01348910403859289	0.	0.	0.	0.	0.	0.	0.	0.	0.013100601426650677	0.
0.6836093965773753	0.	0.	0.	0.00018286021669747007	0.	0.	0.00018494497013226202	0.	0.25333923585921503	0.	0.	0.	0.	0.	0.	0.	0.	0.	0.	0.	0.	0.	0.	0.	0.	0.	0.	0.	0.	0.	0.	0.	0.003685473981919984	0.	0.013429381829383635	0.	0.	0.	0.	0.	0.	0.	0.	0.01304268374821619	0.
0.6784383802283672	0.	0.	0.	0.00018218541749694228	0.	0.	0.00018426249110718997	0.	0.25240176126231556	0.	0.	0.	0.	0.	0.	0.	0.	0.	0.	0.	0.	0.	0.	0.	0.	0.	0.	0.	0.	0.	0.	0.	0.00366314159073044	0.	0.013370441199537966	0.	0.	0.	0.	0.	0.	0.	0.	0.012985522994357705	0.
0.6733450066507849	0.	0.	0.	0.00018151803187673254	0.	0.	0.00018358750988497038	0.	0.2514746150851531	0.	0.	0.	0.	0.	0.	0.	0.	0.	0.	0.	0.	0.	0.	0.	0.	0.	0.	0.	0.	0.	0.	0.	0.0036411340049190715	0.	0.0133122653318165	0.	0.	0.	0.	0.	0.	0.	0.	0.012929102899662577	0.
0.6683275401667835	0.	0.	0.	0.00018085794312031856	0.	0.	0.00018291990842798884	0.	0.2505576338123944	0.	0.	0.	0.	0.	0.	0.	0.	0.	0.	0.	0.	0.	0.	0.	0.	0.	0.	0.	0.	0.	0.	0.	0.0036194440371470596	0.	0.01325483790922749	0.	0.	0.	0.	0.	0.	0.	0.	0.012873407681938393	0.
0.6633842964498574	0.	0.	0.	0.00018020496590352657	0.	0.	0.00018225949930311292	0.	0.24965055985997645	0.	0.	0.	0.	0.	0.	0.	0.	0.	0.	0.	0.	0.	0.	0.	0.	0.	0.	0.	0.	0.	0.	0.	0.0035980647117356355	0.	0.013198143096120545	0.	0.	0.	0.	0.	0.	0.	0.	0.012818422023972622	0.
0.658513640639699	0.	0.	0.	0.00017955902620792546	0.	0.	0.0001816062076597655	0.	0.24875328850876474	0.	0.	0.	0.	0.	0.	0.	0.	0.	0.	0.	0.	0.	0.	0.	0.	0.	0.	0.	0.	0.	0.	0.	0.0035769893167899324	0.	0.013142165520142439	0.	0.	0.	0.	0.	0.	0.	0.	0.01276413105612333	0.
0.6537139855394964	0.	0.	0.	0.00017891998119249248	0.	0.	0.00018095988903448366	0.	0.24786562066884152	0.	0.	0.	0.	0.	0.	0.	0.	0.	0.	0.	0.	0.	0.	0.	0.	0.	0.	0.	0.	0.	0.	0.	0.0035562111577733787	0.	0.013086890249551142	0.	0.	0.	0.	0.	0.	0.	0.	0.012710520334393554	0.
0.6489837898914981	0.	0.	0.	0.00017828770910392262	0.	0.	0.00018032042029304292	0.	0.24698738628117647	0.	0.	0.	0.	0.	0.	0.	0.	0.	0.	0.	0.	0.	0.	0.	0.	0.	0.	0.	0.	0.	0.	0.	0.003535723696969735	0.	0.013032302798644643	0.	0.	0.	0.	0.	0.	0.	0.	0.012657575845814735	0.
0.644321556726904	0.	0.	0.	0.00017766209124470895	0.	0.	0.00017968768139161616	0.	0.2461184195661343	0.	0.	0.	0.	0.	0.	0.	0.	0.	0.	0.	0.	0.	0.	0.	0.	0.	0.	0.	0.	0.	0.	0.	0.003515521365516285	0.	0.012978389079170104	0.	0.	0.	0.	0.	0.	0.	0.	0.012605283961341852	0.
0.6397258317863772	0.	0.	0.	0.0001770430115408599	0.	0.	0.00017906155493958007	0.	0.24525855842174638	0.	0.	0.	0.	0.	0.	0.	0.	0.	0.	0.	0.	0.	0.	0.	0.	0.	0.	0.	0.	0.	0.	0.	0.003495597441207635	0.	0.012925135407245486	0.	0.	0.	0.	0.	0.	0.	0.	0.012553631442674998	0.
0.6351952020076705	0.	0.	0.	0.00017643035712924525	0.	0.	0.00017844192679355138	0.	0.24440764523776967	0.	0.	0.	0.	0.	0.	0.	0.	0.	0.	0.	0.	0.	0.	0.	0.	0.	0.	0.	0.	0.	0.	0.	0.0034759464001493925	0.	0.012872528483504411	0.	0.	0.	0.	0.	0.	0.	0.	0.012502605423061834	0.
0.6307282940770671	0.	0.	0.	0.00017582401759357364	0.	0.	0.00017782868528467682	0.	0.24356552583349153	0.	0.	0.	0.	0.	0.	0.	0.	0.	0.	0.	0.	0.	0.	0.	0.	0.	0.	0.	0.	0.	0.	0.	0.003456562488508238	0.	0.012820555379357376	0.	0.	0.	0.	0.	0.	0.	0.	0.012452193394038276	0.
0.6263237730415149	0.	0.	0.	0.00017522388521966017	0.	0.	0.00017722172147681243	0.	0.24273204981084504	0.	0.	0.	0.	0.	0.	0.	0.	0.	0.	0.	0.	0.	0.	0.	0.	0.	0.	0.	0.	0.	0.	0.	0.0034374401725276163	0.	0.012769203523848027	0.	0.	0.	0.	0.	0.	0.	0.	0.01240238319274255	0.
0.6219803409785084	0.	0.	0.	0.00017462985484743374	0.	0.	0.00017662092901685205	0.	0.24190707034767153	0.	0.	0.	0.	0.	0.	0.	0.	0.	0.	0.	0.	0.	0.	0.	0.	0.	0.	0.	0.	0.	0.	0.	0.003418574067935057	0.	0.01271846069107223	0.	0.	0.	0.	0.	0.	0.	0.	0.012353162989770235	0.
0.6176967357209334	0.	0.	0.	0.0001740418237935989	0.	0.	0.00017602620405651604	0.	0.24109044408914618	0.	0.	0.	0.	0.	0.	0.	0.	0.	0.	0.	0.	0.	0.	0.	0.	0.	0.	0.	0.	0.	0.	0.	0.0033999589412839685	0.	0.012668314988132005	0.	0.	0.	0.	0.	0.	0.	0.	0.012304521277547751	0.
0.6134717296342448	0.	0.	0.	0.00017345969177714468	0.	0.	0.00017543744517701637	0.	0.2402820310432083	0.	0.	0.	0.	0.	0.	0.	0.	0.	0.	0.	0.	0.	0.	0.	0.	0.	0.	0.	0.	0.	0.	0.	0.003381589700517034	0.	0.012618754843599776	0.	0.	0.	0.	0.	0.	0.	0.	0.012256446859195498	0.
0.6093041284434864	0.	0.	0.	0.00017288336084761555	0.	0.	0.00017485455331651904	0.	0.2394816944798819	0.	0.	0.	0.	0.	0.	0.	0.	0.	0.	0.	0.	0.	0.	0.	0.	0.	0.	0.	0.	0.	0.	0.	0.003363461390219559	0.	0.012569768996464361	0.	0.	0.	0.	0.	0.	0.	0.	0.012208928837857153	0.
0.6051927701077999	0.	0.	0.	0.00017231273531591762	0.	0.	0.00017427743170016514	0.	0.23868930083416273	0.	0.	0.	0.	0.	0.	0.	0.	0.	0.	0.	0.	0.	0.	0.	0.	0.	0.	0.	0.	0.	0.	0.	0.003345569191096003	0.	0.012521346485537585	0.	0.	0.	0.	0.	0.	0.	0.	0.012161956606471578	0.
0.6011365237401963	0.	0.	0.	0.00017174772168767713	0.	0.	0.00017370598577267745	0.	0.23790471961249868	0.	0.	0.	0.	0.	0.	0.	0.	0.	0.	0.	0.	0.	0.	0.	0.	0.	0.	0.	0.	0.	0.	0.	0.003327908409326707	0.	0.01247347664125959	0.	0.	0.	0.	0.	0.	0.	0.	0.012115519837972022	0.
0.5971342885704766	0.	0.	0.	0.0001711882285989513	0.	0.	0.00017314012313334457	0.	0.23712782330258028	0.	0.	0.	0.	0.	0.	0.	0.	0.	0.	0.	0.	0.	0.	0.	0.	0.	0.	0.	0.	0.	0.	0.	0.0033104744764499167	0.	0.012426149095108852	0.	0.	0.	0.	0.	0.	0.	0.	0.01206960850413049	0.
0.5931849929493078	0.	0.	0.	0.00017063416675422278	0.	0.	0.0001725797534733125	0.	0.2363584872863424	0.	0.	0.	0.	0.	0.	0.	0.	0.	0.	0.	0.	0.	0.	0.	0.	0.	0.	0.	0.	0.	0.	0.	0.0032932629083789553	0.	0.01237935367285368	0.	0.	0.	0.	0.	0.	0.	0.	0.012024212752342486	0.
0.5892875933915604	0.	0.	0.	0.00017008544886660707	0.	0.	0.00017202478851511765	0.	0.23559658975608241	0.	0.	0.	0.	0.	0.	0.	0.	0.	0.	0.	0.	0.	0.	0.	0.	0.	0.	0.	0.	0.	0.	0.	0.0032762694438821217	0.	0.01233308054333328	0.	0.	0.	0.	0.	0.	0.	0.	0.01197932307006256	0.
0.5854410736571118	0.	0.	0.	0.0001695419896280246	0.	0.	0.00017147514198253134	0.	0.23484201167108945	0.	0.	0.	0.	0.	0.	0.	0.	0.	0.	0.	0.	0.	0.	0.	0.	0.	0.	0.	0.	0.	0.	0.	0.003259489828601231	0.	0.012287320100168772	0.	0.	0.	0.	0.	0.	0.	0.	0.011934930159876421	0.
0.5816444438674162	0.	0.	0.	0.00016900370555101923	0.	0.	0.00017093072944054702	0.	0.23409463654170035	0.	0.	0.	0.	0.	0.	0.	0.	0.	0.	0.	0.	0.	0.	0.	0.	0.	0.	0.	0.	0.	0.	0.	0.0032429199519155394	0.	0.01224206298172858	0.	0.	0.	0.	0.	0.	0.	0.	0.011891024960984655	0.
0.5778967396562289	0.	0.	0.	0.00016847051505515902	0.	0.	0.00017039146838282023	0.	0.23335435054185422	0.	0.	0.	0.	0.	0.	0.	0.	0.	0.	0.	0.	0.	0.	0.	0.	0.	0.	0.	0.	0.	0.	0.	0.003226555808562503	0.	0.01219730006319087	0.	0.	0.	0.	0.	0.	0.	0.	0.01184759864153898	0.
0.5741970213529517	0.	0.	0.	0.00016794233833070603	0.	0.	0.00016985727809375637	0.	0.23262104232347877	0.	0.	0.	0.	0.	0.	0.	0.	0.	0.	0.	0.	0.	0.	0.	0.	0.	0.	0.	0.	0.	0.	0.	0.0032103934952748743	0.	0.012153022448919849	0.	0.	0.	0.	0.	0.	0.	0.	0.011804642591276905	0.
0.5705443731971498	0.	0.	0.	0.00016741909730734277	0.	0.	0.00016932807961689218	0.	0.2318946029712855	0.	0.	0.	0.	0.	0.	0.	0.	0.	0.	0.	0.	0.	0.	0.	0.	0.	0.	0.	0.	0.	0.	0.	0.003194429207546143	0.	0.012109221465136337	0.	0.	0.	0.	0.	0.	0.	0.	0.01176214841444437	0.
0.5669379025828577	0.	0.	0.	0.00016690071560575078	0.	0.	0.00016880379570592734	0.	0.23117492593487837	0.	0.	0.	0.	0.	0.	0.	0.	0.	0.	0.	0.	0.	0.	0.	0.	0.	0.	0.	0.	0.	0.	0.	0.0031786592365181643	0.	0.012065888652873486	0.	0.	0.	0.	0.	0.	0.	0.	0.011720107922991755	0.
0.5633767393313673	0.	0.	0.	0.00016638711849079898	0.	0.	0.00016828435077738329	0.	0.23046190696312252	0.	0.	0.	0.	0.	0.	0.	0.	0.	0.	0.	0.	0.	0.	0.	0.	0.	0.	0.	0.	0.	0.	0.	0.0031630799659865746	0.	0.012023015761203773	0.	0.	0.	0.	0.	0.	0.	0.	0.011678513130031551	0.
0.5598600349912521	0.	0.	0.	0.0001658782328263458	0.	0.	0.0001677696708648928	0.	0.2297554440407841	0.	0.	0.	0.	0.	0.	0.	0.	0.	0.	0.	0.	0.	0.	0.	0.	0.	0.	0.	0.	0.	0.	0.	0.003147687869567848	0.	0.01198059474072318	0.	0.	0.	0.	0.	0.	0.	0.	0.011637356243545251	0.
0.5563869621644446	0.	0.	0.	0.00016537398703977198	0.	0.	0.0001672596835833313	0.	0.22905543733898603	0.	0.	0.	0.	0.	0.	0.	0.	0.	0.	0.	0.	0.	0.	0.	0.	0.	0.	0.	0.	0.	0.	0.	0.003132479507853214	0.	0.011938617737284211	0.	0.	0.	0.	0.	0.	0.	0.	0.011596629660327507	0.
0.5529567138572433	0.	0.	0.	0.00016487431104400562	0.	0.	0.00016675431804996454	0.	0.22836178910525637	0.	0.	0.	0.	0.	0.	0.	0.	0.	0.	0.	0.	0.	0.	0.	0.	0.	0.	0.	0.	0.	0.	0.	0.00311745152564412	0.	0.011897077085964311	0.	0.	0.	0.	0.	0.	0.	0.	0.011556325960161885	0.
0.5495685028551801	0.	0.	0.	0.00016437913625436972	0.	0.	0.00016625350490147837	0.	0.22767440368807576	0.	0.	0.	0.	0.	0.	0.	0.	0.	0.	0.	0.	0.	0.	0.	0.	0.	0.	0.	0.	0.	0.	0.	0.00310260064956856	0.	0.011855965305258042	0.	0.	0.	0.	0.	0.	0.	0.	0.011516437900209819	0.
0.5462215611207296	0.	0.	0.	0.0001638883955078038	0.	0.	0.00016575717621229215	0.	0.22699318742308772	0.	0.	0.	0.	0.	0.	0.	0.	0.	0.	0.	0.	0.	0.	0.	0.	0.	0.	0.	0.	0.	0.	0.	0.003087923685519712	0.	0.01181527448915369	0.	0.	0.	0.	0.	0.	0.	0.	0.01147695782556107	0.
0.5429151392128942	0.	0.	0.	0.00016340202303563494	0.	0.	0.00016526526546701957	0.	0.22631804859508023	0.	0.	0.	0.	0.	0.	0.	0.	0.	0.	0.	0.	0.	0.	0.	0.	0.	0.	0.	0.	0.	0.	0.	0.003073417516264197	0.	0.011774998705835791	0.	0.	0.	0.	0.	0.	0.	0.	0.01143787999893525	0.
0.5396485057277425	0.	0.	0.	0.00016291995442661633	0.	0.	0.00016477770752308928	0.	0.22564889738619645	0.	0.	0.	0.	0.	0.	0.	0.	0.	0.	0.	0.	0.	0.	0.	0.	0.	0.	0.	0.	0.	0.	0.	0.003059079099503908	0.	0.0117351310070879	0.	0.	0.	0.	0.	0.	0.	0.	0.011399197681890603	0.
0.5364209467590237	0.	0.	0.	0.00016244212659108183	0.	0.	0.00016429443857449359	0.	0.2249856458257136	0.	0.	0.	0.	0.	0.	0.	0.	0.	0.	0.	0.	0.	0.	0.	0.	0.	0.	0.	0.	0.	0.	0.	0.0030449054641477403	0.	0.01169566337076588	0.	0.	0.	0.	0.	0.	0.	0.	0.011360903117067722	0.
0.5332317653780233	0.	0.	0.	0.0001619684777263169	0.	0.	0.00016381539611676733	0.	0.22432820774152898	0.	0.	0.	0.	0.	0.	0.	0.	0.	0.	0.	0.	0.	0.	0.	0.	0.	0.	0.	0.	0.	0.	0.	0.003030893710485215	0.	0.011656589760185236	0.	0.	0.	0.	0.	0.	0.	0.	0.011322990456706976	0.
0.5300802811318635	0.	0.	0.	0.0001614989472830258	0.	0.	0.00016334051891307537	0.	0.22367649871318582	0.	0.	0.	0.	0.	0.	0.	0.	0.	0.	0.	0.	0.	0.	0.	0.	0.	0.	0.	0.	0.	0.	0.	0.0030170410065353736	0.	0.011617903683875106	0.	0.	0.	0.	0.	0.	0.	0.	0.011285453415502978	0.
0.5269658295594895	0.	0.	0.	0.00016103347593279918	0.	0.	0.00016286974696131247	0.	0.22303043602630446	0.	0.	0.	0.	0.	0.	0.	0.	0.	0.	0.	0.	0.	0.	0.	0.	0.	0.	0.	0.	0.	0.	0.	0.003003344377157731	0.	0.011579598798685692	0.	0.	0.	0.	0.	0.	0.	0.	0.011248285851619796	0.
0.5238877617246198	0.	0.	0.	0.00016057200553668607	0.	0.	0.00016240302146231864	0.	0.2223899386285633	0.	0.	0.	0.	0.	0.	0.	0.	0.	0.	0.	0.	0.	0.	0.	0.	0.	0.	0.	0.	0.	0.	0.	0.002989801538009124	0.	0.01154166890547293	0.	0.	0.	0.	0.	0.	0.	0.	0.011211481762516082	0.
0.5208454437649686	0.	0.	0.	0.00016011447911470114	0.	0.	0.0001619402847890415	0.	0.2217549270869933	0.	0.	0.	0.	0.	0.	0.	0.	0.	0.	0.	0.	0.	0.	0.	0.	0.	0.	0.	0.	0.	0.	0.	0.002976409853769886	0.	0.011504107944929398	0.	0.	0.	0.	0.	0.	0.	0.	0.011175035280922011	0.
0.5178382564570848	0.	0.	0.	0.00015966084081629094	0.	0.	0.00016148148045666853	0.	0.2211253235466189	0.	0.	0.	0.	0.	0.	0.	0.	0.	0.	0.	0.	0.	0.	0.	0.	0.	0.	0.	0.	0.	0.	0.	0.0029631663231869344	0.	0.011466909993566043	0.	0.	0.	0.	0.	0.	0.	0.	0.01113894067095205	0.
0.5148655947961799	0.	0.	0.	0.00015921103589172381	0.	0.	0.00016102655309369214	0.	0.22050105169039397	0.	0.	0.	0.	0.	0.	0.	0.	0.	0.	0.	0.	0.	0.	0.	0.	0.	0.	0.	0.	0.	0.	0.	0.00295006863700192	0.	0.011430069259832372	0.	0.	0.	0.	0.	0.	0.	0.	0.011103192324356977	0.
0.5119268675903442	0.	0.	0.	0.00015876501066434896	0.	0.	0.00016057544841385554	0.	0.21988203670035997	0.	0.	0.	0.	0.	0.	0.	0.	0.	0.	0.	0.	0.	0.	0.	0.	0.	0.	0.	0.	0.	0.	0.	0.00293711433249904	0.	0.011393580080370407	0.	0.	0.	0.	0.	0.	0.	0.	0.011067784756900836	0.
0.5090214970685816	0.	0.	0.	0.0001583227125037299	0.	0.	0.00016012811318898097	0.	0.21926820522002818	0.	0.	0.	0.	0.	0.	0.	0.	0.	0.	0.	0.	0.	0.	0.	0.	0.	0.	0.	0.	0.	0.	0.	0.0029243010025044036	0.	0.011357436916397243	0.	0.	0.	0.	0.	0.	0.	0.	0.011032712604868846	0.
0.5061489185021155	0.	0.	0.	0.00015788408979953866	0.	0.	0.00015968449522256938	0.	0.2186594853178337	0.	0.	0.	0.	0.	0.	0.	0.	0.	0.	0.	0.	0.	0.	0.	0.	0.	0.	0.	0.	0.	0.	0.	0.0029116262938247376	0.	0.011321634350212849	0.	0.	0.	0.	0.	0.	0.	0.	0.010997970621689137	0.
0.5033085798384469	0.	0.	0.	0.00015744909193631673	0.	0.	0.0001592445433242745	0.	0.21805580645180087	0.	0.	0.	0.	0.	0.	0.	0.	0.	0.	0.	0.	0.	0.	0.	0.	0.	0.	0.	0.	0.	0.	0.	0.002899087905738156	0.	0.011286167081824727	0.	0.	0.	0.	0.	0.	0.	0.	0.010963553674671651	0.
0.5004999413476631	0.	0.	0.	0.00015701766928233245	0.	0.	0.000158808207298636	0.	0.21745710974670537	0.	0.	0.	0.	0.	0.	0.	0.	0.	0.	0.	0.	0.	0.	0.	0.	0.	0.	0.	0.	0.	0.	0.	0.0028866835885362025	0.	0.01125102992569052	0.	0.	0.	0.	0.	0.	0.	0.	0.010929456741856719	0.
0.4977224752805244	0.	0.	0.	0.00015658977311278798	0.	0.	0.00015837543786741094	0.	0.21686329642250665	0.	0.	0.	0.	0.	0.	0.	0.	0.	0.	0.	0.	0.	0.	0.	0.	0.	0.	0.	0.	0.	0.	0.	0.002874411142112449	0.	0.011216217807561994	0.	0.	0.	0.	0.	0.	0.	0.	0.010895674908970265	0.
0.49497566553787176	0.	0.	0.	0.0001561653556654302	0.	0.	0.00015794618672582313	0.	0.21627433080041525	0.	0.	0.	0.	0.	0.	0.	0.	0.	0.	0.	0.	0.	0.	0.	0.	0.	0.	0.	0.	0.	0.	0.	0.0028622684146003665	0.	0.01118172576144533	0.	0.	0.	0.	0.	0.	0.	0.	0.010862203366477679	0.
0.4922590073509213	0.	0.	0.	0.0001557443699509823	0.	0.	0.00015752040635082936	0.	0.21569013711280657	0.	0.	0.	0.	0.	0.	0.	0.	0.	0.	0.	0.	0.	0.	0.	0.	0.	0.	0.	0.	0.	0.	0.	0.0028502533010531105	0.	0.011147548926650512	0.	0.	0.	0.	0.	0.	0.	0.	0.01082903740673927	0.
0.4895720069720299	0.	0.	0.	0.00015532677020236636	0.	0.	0.00015709805045547985	0.	0.21511065158374953	0.	0.	0.	0.	0.	0.	0.	0.	0.	0.	0.	0.	0.	0.	0.	0.	0.	0.	0.	0.	0.	0.	0.	0.0028383637421691135	0.	0.011113682544948968	0.	0.	0.	0.	0.	0.	0.	0.	0.010796172421255886	0.
0.48691418137553255	0.	0.	0.	0.00015491251117104876	0.	0.	0.00015667907327722205	0.	0.21453581116833825	0.	0.	0.	0.	0.	0.	0.	0.	0.	0.	0.	0.	0.	0.	0.	0.	0.	0.	0.	0.	0.	0.	0.	0.002826597723057042	0.	0.011080121957816108	0.	0.	0.	0.	0.	0.	0.	0.	0.010763603898008392	0.
0.48428505796827287	0.	0.	0.	0.0001545015485584484	0.	0.	0.00015626343001424244	0.	0.21396555414587332	0.	0.	0.	0.	0.	0.	0.	0.	0.	0.	0.	0.	0.	0.	0.	0.	0.	0.	0.	0.	0.	0.	0.	0.0028149532720420016	0.	0.011046862599536827	0.	0.	0.	0.	0.	0.	0.	0.	0.010731327418569879	0.
0.48168417430946053	0.	0.	0.	0.00015409383888386873	0.	0.	0.0001558510766918916	0.	0.21339981993755494	0.	0.	0.	0.	0.	0.	0.	0.	0.	0.	0.	0.	0.	0.	0.	0.	0.	0.	0.	0.	0.	0.	0.	0.002803428459508949	0.	0.011013900011488931	0.	0.	0.	0.	0.	0.	0.	0.	0.010699338653001008	0.
0.47911107783950846	0.	0.	0.	0.00015368933946521965	0.	0.	0.00015544197014318622	0.	0.21283854907951064	0.	0.	0.	0.	0.	0.	0.	0.	0.	0.	0.	0.	0.	0.	0.	0.	0.	0.	0.	0.	0.	0.	0.	0.002792021396784558	0.	0.010981229814458832	0.	0.	0.	0.	0.	0.	0.	0.	0.010667633370930333	0.
0.4765653256175138	0.	0.	0.	0.00015328800840024544	0.	0.	0.0001550360679898258	0.	0.21228168319653454	0.	0.	0.	0.	0.	0.	0.	0.	0.	0.	0.	0.	0.	0.	0.	0.	0.	0.	0.	0.	0.	0.	0.	0.0027807302350531873	0.	0.01094884772294589	0.	0.	0.	0.	0.	0.	0.	0.	0.010636207417524557	0.
0.4740464840670649	0.	0.	0.	0.00015288980454829929	0.	0.	0.00015463332862375987	0.	0.2117291649765915	0.	0.	0.	0.	0.	0.	0.	0.	0.	0.	0.	0.	0.	0.	0.	0.	0.	0.	0.	0.	0.	0.	0.	0.002769553164308074	0.	0.010916749538664285	0.	0.	0.	0.	0.	0.	0.	0.	0.010605056726141765	0.
0.4715541287300668	0.	0.	0.	0.00015249468751263223	0.	0.	0.00015423371118927637	0.	0.21118093814604172	0.	0.	0.	0.	0.	0.	0.	0.	0.	0.	0.	0.	0.	0.	0.	0.	0.	0.	0.	0.	0.	0.	0.	0.0027584884123349183	0.	0.010884931148277696	0.	0.	0.	0.	0.	0.	0.	0.	0.010574177312352606	0.
0.46908784402829184	0.	0.	0.	0.00015210261764370738	0.	0.	0.00015383717558635574	0.	0.21063694744572248	0.	0.	0.	0.	0.	0.	0.	0.	0.	0.	0.	0.	0.	0.	0.	0.	0.	0.	0.	0.	0.	0.	0.	0.0027475342437284674	0.	0.010853388521209893	0.	0.	0.	0.	0.	0.	0.	0.	0.010543565271821048	0.
0.4666472230323736	0.	0.	0.	0.00015171355594113784	0.	0.	0.00015344368237148895	0.	0.21009713863618373	0.	0.	0.	0.	0.	0.	0.	0.	0.	0.	0.	0.	0.	0.	0.	0.	0.	0.	0.	0.	0.	0.	0.	0.0027366889589375497	0.	0.010822117710190777	0.	0.	0.	0.	0.	0.	0.	0.	0.010513216780877637	0.
0.4642318672379758	0.	0.	0.	0.00015132746415848027	0.	0.	0.00015305319286367154	0.	0.20956145836021892	0.	0.	0.	0.	0.	0.	0.	0.	0.	0.	0.	0.	0.	0.	0.	0.	0.	0.	0.	0.	0.	0.	0.	0.0027259508933420687	0.	0.01079111483834054	0.	0.	0.	0.	0.	0.	0.	0.	0.010483128083865922	0.
0.46184138634887584	0.	0.	0.	0.0001509443047073697	0.	0.	0.00015266566904744274	0.	0.20902985429209442	0.	0.	0.	0.	0.	0.	0.	0.	0.	0.	0.	0.	0.	0.	0.	0.	0.	0.	0.	0.	0.	0.	0.	0.002715318415003264	0.	0.010760376113703635	0.	0.	0.	0.	0.	0.	0.	0.	0.01045329550743552	0.
0.4594753980667162	0.	0.	0.	0.00015056404066199932	0.	0.	0.0001522810735774199	0.	0.20850227500252552	0.	0.	0.	0.	0.	0.	0.	0.	0.	0.	0.	0.	0.	0.	0.	0.	0.	0.	0.	0.	0.	0.	0.	0.0027047899291866907	0.	0.010729897816140309	0.	0.	0.	0.	0.	0.	0.	0.	0.010423715447710901	0.
0.457133527887186	0.	0.	0.	0.00015018663574421732	0.	0.	0.00015189936976322423	0.	0.20797866996602474	0.	0.	0.	0.	0.	0.	0.	0.	0.	0.	0.	0.	0.	0.	0.	0.	0.	0.	0.	0.	0.	0.	0.	0.0026943638694715555	0.	0.010699676298286135	0.	0.	0.	0.	0.	0.	0.	0.	0.010394384371255371	0.
0.45481540890240246	0.	0.	0.	0.00014981205430896621	0.	0.	0.00015152052155475664	0.	0.20745898954054154	0.	0.	0.	0.	0.	0.	0.	0.	0.	0.	0.	0.	0.	0.	0.	0.	0.	0.	0.	0.	0.	0.	0.	0.0026840387022742437	0.	0.010669707983735508	0.	0.	0.	0.	0.	0.	0.	0.	0.0103652988133154	0.
0.45252068160927666	0.	0.	0.	0.00014944026133015972	0.	0.	0.00015114449352791428	0.	0.20694318494771738	0.	0.	0.	0.	0.	0.	0.	0.	0.	0.	0.	0.	0.	0.	0.	0.	0.	0.	0.	0.	0.	0.	0.	0.0026738129247285128	0.	0.010639989365278091	0.	0.	0.	0.	0.	0.	0.	0.	0.0103364553761154	0.
0.4502489937236496	0.	0.	0.	0.00014907122238694075	0.	0.	0.00015077125087069212	0.	0.20643120825367134	0.	0.	0.	0.	0.	0.	0.	0.	0.	0.	0.	0.	0.	0.	0.	0.	0.	0.	0.	0.	0.	0.	0.	0.002663685063918154	0.	0.010610517003192002	0.	0.	0.	0.	0.	0.	0.	0.	0.010307850727206786	0.
0.448	0.	0.	0.	0.00014870490365030383	0.	0.	0.00015040075936965447	0.	0.20592301235029944	0.	0.	0.	0.	0.	0.	0.	0.	0.	0.	0.	0.	0.	0.	0.	0.	0.	0.	0.	0.	0.	0.	0.	0.002653653676132169	0.	0.010581287523585975	0.	0.	0.	0.	0.	0.	0.	0.	0.01027948159786474	0.