1000.	0	15.943138624848666	0
166.80567139282735	0	2.6743435540690896	0
90.99181073703367	0	1.4771756084652286	0
62.55864873318737	0	1.031491301924844	0
47.66444232602478	0	0.7978154467866189	0
38.498556304138596	0	0.6527346005522153	0
32.28931223764934	0	0.5531367828417659	0
27.804810232170166	0	0.480140520312747	0
24.4140625	0	0.42421357552948913	0
21.760417800021763	0	0.37989739701018377	0
19.627085377821395	0	0.343930479659168	0
17.874698364465097	0	0.31412474288862613	0
16.409583196586805	0	0.28902280924039975	0
15.16645180859938	0	0.2675973123924188	0
14.098406880022559	0	0.24910100133320534	0
13.17089232795522	0	0.23295528359387616	0
12.357884330202669	0	0.21875964556385558	0
11.639411045801083	0	0.2061761855873993	0
10.999890001099988	0	0.19494701772956483	0
10.426985037276472	0	0.18486952115609936	0
9.910802775024777	0	0.17577630265000344	0
9.443316492752254	0	0.16752913745670137	0
9.017945711966815	0	0.1600182068455236	0
8.629244509643181	0	0.15314993041485958	0
8.272667107875579	0	0.14684715950695001	0
7.944389275074478	0	0.1410408935362885	0
7.6411706273401085	0	0.13567732731888785	0
7.360247304309424	0	0.13070693724811613	0
7.099247479767145	0	0.12608931101999746	0
6.8561242329711005	0	0.1217862513884286	0
6.629101756711965	0	0.11776985622140784	0
6.416631909910488	0	0.11400944529564559	0
6.217358865953742	0	0.11048448667460242	0
6.03009014984774	0	0.10717041448899242	0
5.853772756541591	0	0.10405212918127058	0
5.687473339968719	0	0.10111071074427407	0
5.530361685654242	0	0.09833138095178139	0
5.381696849016495	0	0.09570225340319241	0
5.24081547088727	0	0.09321158661935261	0
5.1071218814637005	0	0.0908488377296131	0
4.9800796812749	0	0.08860308509490586	0
4.859204548215457	0	0.08646710915518509	0
4.7440580672707435	0	0.08443165158901872	0
4.634242417220845	0	0.08249109337154274	0
4.529395778603135	0	0.08064058834807089	0
4.429188351234637	0	0.0788696064675588	0
4.333318888937037	0	0.07717750195039286	0
4.241511674760885	0	0.0755561628580539	0
4.153513872736336	0	0.07400270827472505	0
4.069093202579805	0	0.07251302370342731	0
3.9880358923230306	0	0.07108332303629447	0
3.910144870867466	0	0.06970831717934692	0
3.835238168290251	0	0.06838834575881186	0
3.763147496566128	0	0.06711679882268498	0
3.6937169874044247	0	0.06589271426461973	0
3.626802067277178	0	0.06471353110646104	0
3.562268452550584	0	0.0635749115245013	0
3.4999912500218753	0	0.06247852782862333	0
3.439854150184032	0	0.061418373416137075	0
3.3817487022539354	0	0.06039653529453174	0
3.3255736614566014	0	0.05940714814951927	0
3.271234400300954	0	0.05845055666462882	0
3.218642376645531	0	0.05752305280924234	0
3.1677146522641237	0	0.05662741423172934	0
3.118373456405139	0	0.055760154447329735	0
3.070545789514086	0	0.05491775464482089	0
3.02416306287235	0	0.054101168404391706	0
2.9791607704109753	0	0.053311526293582455	0
2.935478189397053	0	0.05254322731046844	0
2.8930581070720804	0	0.05179750659093099	0
2.851846570654499	0	0.05107340742734432	0
2.811792658409369	0	0.050370026702210406	0
2.7728482697426795	0	0.0496841064528043	0
2.7349679325009912	0	0.04901962301098442	0
2.698108625853277	0	0.048370984204692366	0
2.6622296173044924	0	0.04774234184469897	0
2.6272923125426932	0	0.04712808989011071	0
2.5932601169560314	0	0.046532546995583	0
2.5600983077750183	0	0.04595008097705946	0
2.527773915900962	0	0.04538260440406608	0
2.496255616575137	0	0.04482956098405084	0
2.4655136281265793	0	0.04429042151910921	0
2.435519618110524	0	0.043764682778533404	0
2.406246616215696	0	0.04325186559039763	0
2.377668933377717	0	0.042748852467460595	0
2.3497620865887328	0	0.042260509346150756	0
2.3225027289407065	0	0.04178378107067207	0
2.2958685844822244	0	0.04131555600340906	0
2.2698383875068093	0	0.040860866096839824	0
2.24439182592497	0	0.040413905990028226	0
2.219509488403063	0	0.03997980824927836	0
2.195172814979859	0	0.03955273074876939	0
2.171364050896773	0	0.03913510678378885	0
2.148066203400389	0	0.03872944336984214	0
2.12526300129641	0	0.038329844874632875	0
2.1029388570527314	0	0.037938829761815805	0
2.0810788312661286	0	0.037556132365229096	0
2.059668599322369	0	0.037181497298803365	0
2.038694420093372	0	0.03681467942824853	0
2.018143106527684	0	0.03645544377448211	0
1.998001998001998	0	0.036100664554864235	0
1.9782589343119121	0	0.035755912124111874	0
1.958902231189641	0	0.035418090834956166	0
1.9399206572451186	0	0.03508700032041424	0
1.92130341223486	0	0.03475950486389708	0
1.903040106570246	0	0.034441291918714034	0
1.885120741983524	0	0.034129252771197376	0
1.8675356932759377	0	0.03382024331026514	0
1.8502756910779707	0	0.033520029677160224	0
1.8333318055568288	0	0.033222503936786794	0
1.816695431010991	0	0.0329304844291167	0
1.8003582712959878	0	0.03264681969264766	0
1.7843123260295484	0	0.03236537722435232	0
1.7685498775279211	0	0.03208901173632178	0
1.753063478428554	0	0.031820606591330514	0
1.7378459399574226	0	0.0315540039846655	0
1.7228903208021777	0	0.03129209236380046	0
1.7081899165549226	0	0.03103475174990919	0
1.6937382496908928	0	0.030781866193935213	0
1.6795290600515618	0	0.030533323607307795	0
1.665556295802798	0	0.030289015600232422	0
1.6518141048406412	0	0.03004883736439815	0
1.638296826619047	0	0.029812687389300055	0
1.6249989843756347	0	0.029580467529090926	0
1.6119152777330026	0	0.029352082734987555	0
1.5990405756546073	0	0.029127475423096547	0
1.586369909735552	0	0.028906453058413505	0
1.5738984678098413	0	0.02868903263444205	0
1.5616215878568305	0	0.02847203386197228	0
1.5495347521906546	0	0.028261497417122448	0
1.537633581917429	0	0.028054285022794865	0
1.5259138316459269	0	0.027850320368399968	0
1.5143713844383198	0	0.027646465022719655	0
1.5030022469883593	0	0.027448774062978912	0
1.4918025450151418	0	0.027251053513404865	0
1.480768518861289	0	0.027059357731344998	0
1.4698965192850424	0	0.026870560819320703	0
1.459183003436376	0	0.026681539128169684	0
1.448624531007808	0	0.026498349285105038	0
1.438217760551125	0	0.026314816158723307	0
1.4279594459517349	0	0.02613699266178527	0
1.4178464330528362	0	0.025958714772715	0
1.407875656422025	0	0.02578298342994036	0
1.3980441362533813	0	0.025612787400167106	0
1.3883489753984561	0	0.025441985298722467	0
1.3787873565199407	0	0.025273573213254692	0
1.3693565393621536	0	0.025110534011700852	0
1.3600538581327821	0	0.024946752815056376	0
1.3508767189906248	0	0.024785216026485857	0
1.3418225976343667	0	0.024628902402217316	0
1.332889036987671	0	0.024471718931644976	0
1.3240736449761334	0	0.02431664935483794	0
1.315374092391876	0	0.024163651763945224	0
1.3067881108417676	0	0.02401268533834173	0
1.2983134907754825	0	0.02386371022477631	0
1.2899480795897966	0	0.02371968036030332	0
1.2816897798056959	0	0.0235745670094975	0
1.2735365473150666	0	0.02343133167447931	0
1.2654863896938788	0	0.02328993846858434	0
1.257537364578945	0	0.02315035240077528	0
1.2496875781054737	0	0.023012539347810477	0
1.2419351834027783	0	0.022876466027453635	0
1.2342783791456324	0	0.022742099972679206	0
1.2267154081588842	0	0.022609409506831275	0
1.2192445560730572	0	0.02247836371969464	0
1.2118641500287817	0	0.022348932444440476	0
1.2045725574279966	0	0.022221086235408274	0
1.1973681847299635	0	0.022094796346690274	0
1.1902494762902305	0	0.02196712301495812	0
1.1832149132407666	0	0.021843868875739983	0
1.1762630124095748	0	0.02172208888036042	0
1.1693923252781693	0	0.021601756882938923	0
1.162601436975376	0	0.02148284734108005	0
1.1558889653059927	0	0.02136533529865497	0
1.1492535598129017	0	0.021246328808556002	0
1.1426939008713042	0	0.021131546182350386	0
1.1362086988137983	0	0.021018089561862924	0
1.1297966930850794	0	0.020905936232202202	0
1.1234566514251048	0	0.020792227619181328	0
1.1171873690796053	0	0.02068262172918804	0
1.1109876680368849	0	0.02057425384864822	0
1.1048563962898923	0	0.020464291443448735	0
1.0987924271225922	0	0.020358344909388097	0
1.0927946584197097	0	0.020253575357434047	0
1.0868620119989565	0	0.02014717630776342	0
1.0809934329648947	0	0.02004471020811169	0
1.0751878890836173	0	0.01994059416920476	0
1.0694443701774743	0	0.01984035681369907	0
1.0637618875390933	0	0.019741203189268485	0
1.0581394733639842	0	0.019640371315443047	0
1.052576180201042	0	0.019543340635065753	0
1.0470710804202943	0	0.01944461541612147	0
1.0416232656972626	0	0.019349640742740037	0
1.0362318465133389	0	0.019252956653658983	0
1.0308959516715979	0	0.01915997379941037	0
1.0256147278274916	0	0.019065267993324548	0
1.0203873390338973	0	0.01897421538121116	0
1.0152129663000053	0	0.01888142755482718	0
1.010090807163564	0	0.018792246088763054	0
1.0050200752760037	0	0.018701318355882082	0
1.	0	0.018611304545660977	0