300.	0.	0.	0.	0.9367879741291312	0.	0.	0.954469091442802	0.	283.1004600069112	0.	0.	0.	0.	0.	0.	0.	0.	0.	0.	0.	0.	0.	0.	0.	0.	0.	0.	0.	0.	0.	0.	0.	40171.46112315556	0.	0.863651575538723	0.	0.	0.	0.	0.	0.	0.	0.	0.8824139879826535	0.
50.0417014178482	0.	0.	0.	2.7533497622271104	0.	0.	2.8057711314330405	0.	842.7070237321286	0.	0.	0.	0.	0.	0.	0.	0.	0.	0.	0.	0.	0.	0.	0.	0.	0.	0.	0.	0.	0.	0.	0.	4.2544057181653505	0.	21.840010794763046	0.	0.	0.	0.	0.	0.	0.	0.	22.204218971472557	0.
27.297543221110104	0.	0.	0.	0.15170980124708466	0.	0.	0.1546235147766394	0.	49.68028911393763	0.	0.	0.	0.	0.	0.	0.	0.	0.	0.	0.	0.	0.	0.	0.	0.	0.	0.	0.	0.	0.	0.	0.	4.898072351956353	0.	29.705595916588027	0.	0.	0.	0.	0.	0.	0.	0.	29.837717285286146	0.
18.76759461995621	0.	0.	0.	0.004808067847491402	0.	0.	0.004901803140831183	0.	3.389584779574563	0.	0.	0.	0.	0.	0.	0.	0.	0.	0.	0.	0.	0.	0.	0.	0.	0.	0.	0.	0.	0.	0.	0.	4.021055394743506	0.	24.91854523860839	0.	0.	0.	0.	0.	0.	0.	0.	24.724144010381885	0.
14.299332697807435	0.	0.	0.	0.00012363415131440305	0.	0.	0.00012611225603728082	0.	1.421724355643497	0.	0.	0.	0.	0.	0.	0.	0.	0.	0.	0.	0.	0.	0.	0.	0.	0.	0.	0.	0.	0.	0.	0.	2.791334243283531	0.	17.26008574662788	0.	0.	0.	0.	0.	0.	0.	0.	16.917049594540096	0.
11.549566891241577	0.	0.	0.	2.8681201874591535e-6	0.	0.	2.9286750198583727e-6	0.	1.1308712050546423	0.	0.	0.	0.	0.	0.	0.	0.	0.	0.	0.	0.	0.	0.	0.	0.	0.	0.	0.	0.	0.	0.	0.	1.7786273307033935	0.	10.820476868454335	0.	0.	0.	0.	0.	0.	0.	0.	10.477885374304606	0.
9.6867936712948	0.	0.	0.	6.315780014572457e-8	0.	0.	6.462299198545612e-8	0.	0.9775603885032959	0.	0.	0.	0.	0.	0.	0.	0.	0.	0.	0.	0.	0.	0.	0.	0.	0.	0.	0.	0.	0.	0.	0.	1.087263433026948	0.	6.403250997428431	0.	0.	0.	0.	0.	0.	0.	0.	6.127845818433976	0.
8.34144306965105	0.	0.	0.	1.3658358982817017e-9	0.	0.	1.4029459100084403e-9	0.	0.8732933907373451	0.	0.	0.	0.	0.	0.	0.	0.	0.	0.	0.	0.	0.	0.	0.	0.	0.	0.	0.	0.	0.	0.	0.	0.6579976347861333	0.	3.6670556745168152	0.	0.	0.	0.	0.	0.	0.	0.	3.4702846175815565	0.
7.32421875	0.	0.	0.	2.989389408110901e-11	0.	0.	3.092028297859083e-11	0.	0.7963279692768205	0.	0.	0.	0.	0.	0.	0.	0.	0.	0.	0.	0.	0.	0.	0.	0.	0.	0.	0.	0.	0.	0.	0.	0.40543367818272913	0.	2.0710808131290315	0.	0.	0.	0.	0.	0.	0.	0.	1.9402864864967018	0.
6.528125340006528	0.	0.	0.	6.824761341549237e-13	0.	0.	7.139684828010931e-13	0.	0.7365515981589109	0.	0.	0.	0.	0.	0.	0.	0.	0.	0.	0.	0.	0.	0.	0.	0.	0.	0.	0.	0.	0.	0.	0.	0.2611703772393044	0.	1.1746778973805034	0.	0.	0.	0.	0.	0.	0.	0.	1.091565713070139	0.
5.888125613346419	0.	0.	0.	1.670266602792482e-14	0.	0.	1.7759673233550368e-14	0.	0.6884167214655966	0.	0.	0.	0.	0.	0.	0.	0.	0.	0.	0.	0.	0.	0.	0.	0.	0.	0.	0.	0.	0.	0.	0.	0.17969025368280925	0.	0.6827650029988325	0.	0.	0.	0.	0.	0.	0.	0.	0.6312593446956272	0.
5.362409509339529	0.	0.	0.	4.453865454700913e-16	0.	0.	4.831015340027797e-16	0.	0.6485908526627546	0.	0.	0.	0.	0.	0.	0.	0.	0.	0.	0.	0.	0.	0.	0.	0.	0.	0.	0.	0.	0.	0.	0.	0.13339112321706348	0.	0.41599365383939996	0.	0.	0.	0.	0.	0.	0.	0.	0.3843070929278445	0.
4.922874958976041	0.	0.	0.	1.2926106116178902e-17	0.	0.	1.4319629308999687e-17	0.	0.6149370366538786	0.	0.	0.	0.	0.	0.	0.	0.	0.	0.	0.	0.	0.	0.	0.	0.	0.	0.	0.	0.	0.	0.	0.	0.10643116822439197	0.	0.2714603995024353	0.	0.	0.	0.	0.	0.	0.	0.	0.25175361306714655	0.
4.549935542579814	0.	0.	0.	4.0206006235905824e-19	0.	0.	4.544511231834513e-19	0.	0.5860144139947544	0.	0.	0.	0.	0.	0.	0.	0.	0.	0.	0.	0.	0.	0.	0.	0.	0.	0.	0.	0.	0.	0.	0.	0.09002975665079528	0.	0.19228982369756295	0.	0.	0.	0.	0.	0.	0.	0.	0.17965891179147842	0.
4.229522064006768	0.	0.	0.	1.313478313892711e-20	0.	0.	1.511919889464297e-20	0.	0.5608116743264344	0.	0.	0.	0.	0.	0.	0.	0.	0.	0.	0.	0.	0.	0.	0.	0.	0.	0.	0.	0.	0.	0.	0.	0.07942526153198595	0.	0.1478248473100983	0.	0.	0.	0.	0.	0.	0.	0.	0.13932555329334556	0.
3.951267698386566	0.	0.	0.	4.428611245128119e-22	0.	0.	5.182007992809345e-22	0.	0.5385966625703354	0.	0.	0.	0.	0.	0.	0.	0.	0.	0.	0.	0.	0.	0.	0.	0.	0.	0.	0.	0.	0.	0.	0.	0.07206583853658982	0.	0.12180993779014263	0.	0.	0.	0.	0.	0.	0.	0.	0.11572299016199217	0.
3.7073652990608004	0.	0.	0.	1.5223061742324508e-23	0.	0.	1.8083019921295323e-23	0.	0.5188227551671921	0.	0.	0.	0.	0.	0.	0.	0.	0.	0.	0.	0.	0.	0.	0.	0.	0.	0.	0.	0.	0.	0.	0.	0.06658739006256857	0.	0.10570676806196101	0.	0.	0.	0.	0.	0.	0.	0.	0.1010458040382875	0.
3.4918233137403245	0.	0.	0.	5.29420307876003e-25	0.	0.	6.378515264617554e-25	0.	0.5010742784211419	0.	0.	0.	0.	0.	0.	0.	0.	0.	0.	0.	0.	0.	0.	0.	0.	0.	0.	0.	0.	0.	0.	0.	0.06225542658714248	0.	0.09504352927681514	0.	0.	0.	0.	0.	0.	0.	0.	0.09124761287565353	0.
3.2999670003299966	0.	0.	0.	1.8543979637733882e-26	0.	0.	2.2647988745429808e-26	0.	0.48502805391230364	0.	0.	0.	0.	0.	0.	0.	0.	0.	0.	0.	0.	0.	0.	0.	0.	0.	0.	0.	0.	0.	0.	0.	0.05866696981703354	0.	0.0874687510129501	0.	0.	0.	0.	0.	0.	0.	0.	0.08421884569559596	0.
3.1280955111829414	0.	0.	0.	6.52496697177558e-28	0.	0.	8.0754219396386e-28	0.	0.4704286622025923	0.	0.	0.	0.	0.	0.	0.	0.	0.	0.	0.	0.	0.	0.	0.	0.	0.	0.	0.	0.	0.	0.	0.	0.055593903750138514	0.	0.08173101552932752	0.	0.	0.	0.	0.	0.	0.	0.	0.07884389150615259	0.
2.973240832507433	0.	0.	0.	2.3028838498829707e-29	0.	0.	2.887550102995083e-29	0.	0.45707125786921393	0.	0.	0.	0.	0.	0.	0.	0.	0.	0.	0.	0.	0.	0.	0.	0.	0.	0.	0.	0.	0.	0.	0.	0.052901164227561345	0.	0.07714999180062229	0.	0.	0.	0.	0.	0.	0.	0.	0.0745182416322409	0.
2.8329949478256764	0.	0.	0.	8.145094037828448e-31	0.	0.	1.0345913370085767e-30	0.	0.4447893690529093	0.	0.	0.	0.	0.	0.	0.	0.	0.	0.	0.	0.	0.	0.	0.	0.	0.	0.	0.	0.	0.	0.	0.	0.050504196860946524	0.	0.07334383881924192	0.	0.	0.	0.	0.	0.	0.	0.	0.07090247192866067	0.
2.7053837135900443	0.	0.	0.	2.885437227099395e-32	0.	0.	3.712481650227748e-32	0.	0.4334461662153536	0.	0.	0.	0.	0.	0.	0.	0.	0.	0.	0.	0.	0.	0.	0.	0.	0.	0.	0.	0.	0.	0.	0.	0.048346715045482845	0.	0.07008894013339684	0.	0.	0.	0.	0.	0.	0.	0.	0.067796933313948	0.
2.588773352892954	0.	0.	0.	1.023444407830408e-33	0.	0.	1.3337469223384693e-33	0.	0.42292798348674243	0.	0.	0.	0.	0.	0.	0.	0.	0.	0.	0.	0.	0.	0.	0.	0.	0.	0.	0.	0.	0.	0.	0.	0.04638893099611384	0.	0.06724745608441159	0.	0.	0.	0.	0.	0.	0.	0.	0.06507759795883272	0.
2.481800132362674	0.	0.	0.	3.633698714167491e-35	0.	0.	4.796210116992473e-35	0.	0.413139490801862	0.	0.	0.	0.	0.	0.	0.	0.	0.	0.	0.	0.	0.	0.	0.	0.	0.	0.	0.	0.	0.	0.	0.	0.04460120115679477	0.	0.06472954615280906	0.	0.	0.	0.	0.	0.	0.	0.	0.06266280530060912	0.
2.3833167825223436	0.	0.	0.	1.2911908082378155e-36	0.	0.	1.7261059611678735e-36	0.	0.40400011759853677	0.	0.	0.	0.	0.	0.	0.	0.	0.	0.	0.	0.	0.	0.	0.	0.	0.	0.	0.	0.	0.	0.	0.	0.04296048406243161	0.	0.062473341500717317	0.	0.	0.	0.	0.	0.	0.	0.	0.060495728523232144	0.
2.2923511882020327	0.	0.	0.	4.591266792689965e-38	0.	0.	6.216253190737053e-38	0.	0.3954412039393405	0.	0.	0.	0.	0.	0.	0.	0.	0.	0.	0.	0.	0.	0.	0.	0.	0.	0.	0.	0.	0.	0.	0.	0.041448281841077676	0.	0.06043407815199617	0.	0.	0.	0.	0.	0.	0.	0.	0.058534846010891525	0.
2.2080741912928272	0.	0.	0.	1.6335470954759684e-39	0.	0.	2.2399564678496142e-39	0.	0.3874038404169146	0.	0.	0.	0.	0.	0.	0.	0.	0.	0.	0.	0.	0.	0.	0.	0.	0.	0.	0.	0.	0.	0.	0.	0.04004938291036113	0.	0.05857800058271917	0.	0.	0.	0.	0.	0.	0.	0.	0.05674851965706976	0.
2.1297742439301435	0.	0.	0.	5.815044908945409e-41	0.	0.	8.075450163212794e-41	0.	0.3798371528574819	0.	0.	0.	0.	0.	0.	0.	0.	0.	0.	0.	0.	0.	0.	0.	0.	0.	0.	0.	0.	0.	0.	0.	0.038751082420960856	0.	0.05687879384530099	0.	0.	0.	0.	0.	0.	0.	0.	0.05511217517555384	0.
2.05683726989133	0.	0.	0.	2.0709446388973735e-42	0.	0.	2.912613773003169e-42	0.	0.3726969528826207	0.	0.	0.	0.	0.	0.	0.	0.	0.	0.	0.	0.	0.	0.	0.	0.	0.	0.	0.	0.	0.	0.	0.	0.03754258402967875	0.	0.0553154267412133	0.	0.	0.	0.	0.	0.	0.	0.	0.05360579374620553	0.
1.9887305270135898	0.	0.	0.	7.378268696806858e-44	0.	0.	1.0509096475651973e-43	0.	0.3659446462456863	0.	0.	0.	0.	0.	0.	0.	0.	0.	0.	0.	0.	0.	0.	0.	0.	0.	0.	0.	0.	0.	0.	0.	0.036414660910052604	0.	0.05387075003947573	0.	0.	0.	0.	0.	0.	0.	0.	0.0522131145960308	0.
1.9249895729731463	0.	0.	0.	2.6296104496524643e-45	0.	0.	3.793107482046771e-45	0.	0.35954635521810674	0.	0.	0.	0.	0.	0.	0.	0.	0.	0.	0.	0.	0.	0.	0.	0.	0.	0.	0.	0.	0.	0.	0.	0.03535934434250933	0.	0.05253056689761275	0.	0.	0.	0.	0.	0.	0.	0.	0.05092063641181195	0.
1.865207659786123	0.	0.	0.	9.37481263420148e-47	0.	0.	1.3694810486692447e-46	0.	0.3534722034919046	0.	0.	0.	0.	0.	0.	0.	0.	0.	0.	0.	0.	0.	0.	0.	0.	0.	0.	0.	0.	0.	0.	0.	0.034369706927200476	0.	0.05128297466051805	0.	0.	0.	0.	0.	0.	0.	0.	0.049717019426391916	0.
1.809027044954322	0.	0.	0.	3.3431345182270474e-48	0.	0.	4.945772998117294e-48	0.	0.3476957259835233	0.	0.	0.	0.	0.	0.	0.	0.	0.	0.	0.	0.	0.	0.	0.	0.	0.	0.	0.	0.	0.	0.	0.	0.03343969699918791	0.	0.05011789834515445	0.	0.	0.	0.	0.	0.	0.	0.	0.048592649242034616	0.
1.7561318269624775	0.	0.	0.	1.1924850191351455e-49	0.	0.	1.78656033109812e-49	0.	0.3421933879725402	0.	0.	0.	0.	0.	0.	0.	0.	0.	0.	0.	0.	0.	0.	0.	0.	0.	0.	0.	0.	0.	0.	0.	0.03256399067358292	0.	0.049026746290199964	0.	0.	0.	0.	0.	0.	0.	0.	0.04753930654262723	0.
1.7062420019906157	0.	0.	0.	4.25450684162994e-51	0.	0.	6.454999528036809e-51	0.	0.33694417824561307	0.	0.	0.	0.	0.	0.	0.	0.	0.	0.	0.	0.	0.	0.	0.	0.	0.	0.	0.	0.	0.	0.	0.	0.031737894074682645	0.	0.048002104970901176	0.	0.	0.	0.	0.	0.	0.	0.	0.0465499127492508	0.
1.6591085056962727	0.	0.	0.	1.5182157491059436e-52	0.	0.	2.332710019135007e-52	0.	0.3319292723565462	0.	0.	0.	0.	0.	0.	0.	0.	0.	0.	0.	0.	0.	0.	0.	0.	0.	0.	0.	0.	0.	0.	0.	0.030957243574478644	0.	0.04703757662918661	0.	0.	0.	0.	0.	0.	0.	0.	0.04561833586080674	0.
1.6145090547049485	0.	0.	0.	5.418731548085577e-54	0.	0.	8.431472216122277e-54	0.	0.32713175339370276	0.	0.	0.	0.	0.	0.	0.	0.	0.	0.	0.	0.	0.	0.	0.	0.	0.	0.	0.	0.	0.	0.	0.	0.03021833665509947	0.	0.04612758216328543	0.	0.	0.	0.	0.	0.	0.	0.	0.04473923161814337	0.
1.572244641266181	0.	0.	0.	1.934347683064614e-55	0.	0.	3.0480160092220877e-55	0.	0.3225363508605274	0.	0.	0.	0.	0.	0.	0.	0.	0.	0.	0.	0.	0.	0.	0.	0.	0.	0.	0.	0.	0.	0.	0.	0.02951786325699118	0.	0.04526723726494358	0.	0.	0.	0.	0.	0.	0.	0.	0.04390791820186632	0.
1.5321365644391103	0.	0.	0.	6.906180212154522e-57	0.	0.	1.102036823607784e-56	0.	0.31812926974620315	0.	0.	0.	0.	0.	0.	0.	0.	0.	0.	0.	0.	0.	0.	0.	0.	0.	0.	0.	0.	0.	0.	0.	0.028852859848191702	0.	0.044452244929684435	0.	0.	0.	0.	0.	0.	0.	0.	0.043120274387898797	0.
1.4940239043824701	0.	0.	0.	2.4660516273103493e-58	0.	0.	3.9850571468400916e-58	0.	0.3138979938781832	0.	0.	0.	0.	0.	0.	0.	0.	0.	0.	0.	0.	0.	0.	0.	0.	0.	0.	0.	0.	0.	0.	0.	0.02822066220362719	0.	0.0436788077689643	0.	0.	0.	0.	0.	0.	0.	0.	0.042372656283520535	0.
1.4577613644646372	0.	0.	0.	8.806885330214846e-60	0.	0.	1.44121154611662e-59	0.	0.3098311396992785	0.	0.	0.	0.	0.	0.	0.	0.	0.	0.	0.	0.	0.	0.	0.	0.	0.	0.	0.	0.	0.	0.	0.	0.027618868668785407	0.	0.042943555885626795	0.	0.	0.	0.	0.	0.	0.	0.	0.041661828731292205	0.
1.423217420181223	0.	0.	0.	3.1455312306690694e-61	0.	0.	5.21280295439404e-61	0.	0.3059183297763842	0.	0.	0.	0.	0.	0.	0.	0.	0.	0.	0.	0.	0.	0.	0.	0.	0.	0.	0.	0.	0.	0.	0.	0.0270453083060404	0.	0.042243487108407377	0.	0.	0.	0.	0.	0.	0.	0.	0.040984908396777965	0.
1.3902727251662534	0.	0.	0.	1.1236037149926107e-62	0.	0.	1.885651344012094e-62	0.	0.3021500836024177	0.	0.	0.	0.	0.	0.	0.	0.	0.	0.	0.	0.	0.	0.	0.	0.	0.	0.	0.	0.	0.	0.	0.	0.026498013616226005	0.	0.0415759171410803	0.	0.	0.	0.	0.	0.	0.	0.	0.04033931625015118	0.
1.3588187335809403	0.	0.	0.	4.013989767043498e-64	0.	0.	6.82172953342495e-64	0.	0.29851770478918205	0.	0.	0.	0.	0.	0.	0.	0.	0.	0.	0.	0.	0.	0.	0.	0.	0.	0.	0.	0.	0.	0.	0.	0.025975197076517256	0.	0.04093843772851996	0.	0.	0.	0.	0.	0.	0.	0.	0.039722737656253844	0.
1.328756505370391	0.	0.	0.	1.434102066115133e-65	0.	0.	2.4681267674672508e-65	0.	0.2950132341698046	0.	0.	0.	0.	0.	0.	0.	0.	0.	0.	0.	0.	0.	0.	0.	0.	0.	0.	0.	0.	0.	0.	0.	0.025475230879141202	0.	0.04032888135435283	0.	0.	0.	0.	0.	0.	0.	0.	0.03913308867153746	0.
1.299995666681111	0.	0.	0.	5.124147868498949e-67	0.	0.	8.930534282347659e-67	0.	0.291629336507292	0.	0.	0.	0.	0.	0.	0.	0.	0.	0.	0.	0.	0.	0.	0.	0.	0.	0.	0.	0.	0.	0.	0.	0.024996629367825058	0.	0.03974529136542336	0.	0.	0.	0.	0.	0.	0.	0.	0.038568487504928174	0.
1.2724535024282655	0.	0.	0.	1.831042381477228e-68	0.	0.	3.231631652449244e-68	0.	0.28835924818954584	0.	0.	0.	0.	0.	0.	0.	0.	0.	0.	0.	0.	0.	0.	0.	0.	0.	0.	0.	0.	0.	0.	0.	0.024538033792554537	0.	0.03918589616025496	0.	0.	0.	0.	0.	0.	0.	0.	0.03802722984096523	0.
1.2460541618209007	0.	0.	0.	6.543466607978279e-70	0.	0.	1.1694949441288073e-69	0.	0.2851967343342488	0.	0.	0.	0.	0.	0.	0.	0.	0.	0.	0.	0.	0.	0.	0.	0.	0.	0.	0.	0.	0.	0.	0.	0.024098198829620734	0.	0.03864908778263013	0.	0.	0.	0.	0.	0.	0.	0.	0.037507768374683524	0.
1.2207279607739414	0.	0.	0.	2.338556951433126e-71	0.	0.	4.232576254882413e-71	0.	0.2821360238925393	0.	0.	0.	0.	0.	0.	0.	0.	0.	0.	0.	0.	0.	0.	0.	0.	0.	0.	0.	0.	0.	0.	0.	0.023675981125757563	0.	0.038133402836952345	0.	0.	0.	0.	0.	0.	0.	0.	0.03700869454648129	0.
1.1964107676969091	0.	0.	0.	8.358273555714164e-73	0.	0.	1.5319310792941934e-72	0.	0.2791717705744487	0.	0.	0.	0.	0.	0.	0.	0.	0.	0.	0.	0.	0.	0.	0.	0.	0.	0.	0.	0.	0.	0.	0.	0.023270328888801248	0.	0.03763750627964409	0.	0.	0.	0.	0.	0.	0.	0.	0.03652872302681343	0.
1.1730434612602396	0.	0.	0.	2.987527854041549e-74	0.	0.	5.5449786422284015e-74	0.	0.27629901301756965	0.	0.	0.	0.	0.	0.	0.	0.	0.	0.	0.	0.	0.	0.	0.	0.	0.	0.	0.	0.	0.	0.	0.	0.022880272872940657	0.	0.037160177456989095	0.	0.	0.	0.	0.	0.	0.	0.	0.03606667834647075	0.
1.1505714504870752	0.	0.	0.	1.0679045037204416e-75	0.	0.	2.0071743547552125e-75	0.	0.27351313987511056	0.	0.	0.	0.	0.	0.	0.	0.	0.	0.	0.	0.	0.	0.	0.	0.	0.	0.	0.	0.	0.	0.	0.	0.022504918424034487	0.	0.036700297812251634	0.	0.	0.	0.	0.	0.	0.	0.	0.03562148311892361	0.
1.1289442489698382	0.	0.	0.	3.8174768783037864e-77	0.	0.	7.265966550322841e-77	0.	0.2708098586994606	0.	0.	0.	0.	0.	0.	0.	0.	0.	0.	0.	0.	0.	0.	0.	0.	0.	0.	0.	0.	0.	0.	0.	0.022143438392789934	0.	0.03625684022960978	0.	0.	0.	0.	0.	0.	0.	0.	0.03519214782794097	0.
1.1081150962213275	0.	0.	0.	1.364716833482237e-78	0.	0.	2.6304096275880024e-78	0.	0.26818516814078347	0.	0.	0.	0.	0.	0.	0.	0.	0.	0.	0.	0.	0.	0.	0.	0.	0.	0.	0.	0.	0.	0.	0.	0.02179506686242049	0.	0.035828859690013135	0.	0.	0.	0.	0.	0.	0.	0.	0.03477776186923951	0.
1.0880406201831534	0.	0.	0.	4.878985212302286e-80	0.	0.	9.523000005818177e-80	0.	0.26563533305123094	0.	0.	0.	0.	0.	0.	0.	0.	0.	0.	0.	0.	0.	0.	0.	0.	0.	0.	0.	0.	0.	0.	0.	0.02145909329250305	0.	0.035415484429775476	0.	0.	0.	0.	0.	0.	0.	0.	0.03437748506378272	0.
1.0686805357651752	0.	0.	0.	1.7443598840988444e-81	0.	0.	3.447810848625403e-81	0.	0.26315686214266437	0.	0.	0.	0.	0.	0.	0.	0.	0.	0.	0.	0.	0.	0.	0.	0.	0.	0.	0.	0.	0.	0.	0.	0.021134858885967285	0.	0.035015911884308984	0.	0.	0.	0.	0.	0.	0.	0.	0.03399054380328312	0.
1.0499973750065625	0.	0.	0.	6.2367911289151276e-83	0.	0.	1.248335254252067e-82	0.	0.26074648789400534	0.	0.	0.	0.	0.	0.	0.	0.	0.	0.	0.	0.	0.	0.	0.	0.	0.	0.	0.	0.	0.	0.	0.	0.020821749576934744	0.	0.03462939620399173	0.	0.	0.	0.	0.	0.	0.	0.	0.033616219002294404	0.
1.0319562450552096	0.	0.	0.	2.2299945321173114e-84	0.	0.	4.519976591289418e-84	0.	0.25840114844538836	0.	0.	0.	0.	0.	0.	0.	0.	0.	0.	0.	0.	0.	0.	0.	0.	0.	0.	0.	0.	0.	0.	0.	0.020519194134877045	0.	0.034255247892783704	0.	0.	0.	0.	0.	0.	0.	0.	0.033253845805903445	0.
1.0145246106761807	0.	0.	0.	7.973756053837471e-86	0.	0.	1.6366558254577686e-85	0.	0.256117971251067	0.	0.	0.	0.	0.	0.	0.	0.	0.	0.	0.	0.	0.	0.	0.	0.	0.	0.	0.	0.	0.	0.	0.	0.020226660194227142	0.	0.03389282729411404	0.	0.	0.	0.	0.	0.	0.	0.	0.032902807325306406	0.
0.9976720984369805	0.	0.	0.	2.851266071761056e-87	0.	0.	5.926439907082352e-87	0.	0.2538942582926729	0.	0.	0.	0.	0.	0.	0.	0.	0.	0.	0.	0.	0.	0.	0.	0.	0.	0.	0.	0.	0.	0.	0.	0.019943650615758583	0.	0.03354153954339286	0.	0.	0.	0.	0.	0.	0.	0.	0.0325625297800098	0.
0.9813703200902861	0.	0.	0.	1.0195942574555705e-88	0.	0.	2.1460752910753284e-88	0.	0.2517274726798537	0.	0.	0.	0.	0.	0.	0.	0.	0.	0.	0.	0.	0.	0.	0.	0.	0.	0.	0.	0.	0.	0.	0.	0.01966970076633751	0.	0.0332008309144908	0.	0.	0.	0.	0.	0.	0.	0.	0.03223247899280917	0.
0.9655927129936593	0.	0.	0.	3.6461210580286108e-90	0.	0.	7.771588901890579e-90	0.	0.2496152264870313	0.	0.	0.	0.	0.	0.	0.	0.	0.	0.	0.	0.	0.	0.	0.	0.	0.	0.	0.	0.	0.	0.	0.	0.01940437589631315	0.	0.03287018622265685	0.	0.	0.	0.	0.	0.	0.	0.	0.031912157894874026	0.
0.9503143956792371	0.	0.	0.	1.3039115793994217e-91	0.	0.	2.814412695605325e-91	0.	0.24755527018584716	0.	0.	0.	0.	0.	0.	0.	0.	0.	0.	0.	0.	0.	0.	0.	0.	0.	0.	0.	0.	0.	0.	0.	0.019147268767529202	0.	0.032549120741242214	0.	0.	0.	0.	0.	0.	0.	0.	0.03160109875585013	0.
0.9355120369215417	0.	0.	0.	4.6631339310339565e-93	0.	0.	1.019244054928165e-92	0.	0.24554548056068043	0.	0.	0.	0.	0.	0.	0.	0.	0.	0.	0.	0.	0.	0.	0.	0.	0.	0.	0.	0.	0.	0.	0.	0.018897997502080634	0.	0.032237186570056094	0.	0.	0.	0.	0.	0.	0.	0.	0.0312988693020942	0.
0.9211637368542258	0.	0.	0.	1.6677068112886847e-94	0.	0.	3.6913092146983184e-94	0.	0.24358385460575102	0.	0.	0.	0.	0.	0.	0.	0.	0.	0.	0.	0.	0.	0.	0.	0.	0.	0.	0.	0.	0.	0.	0.	0.01865620364112835	0.	0.03193396237639293	0.	0.	0.	0.	0.	0.	0.	0.	0.031005062870994804	0.
0.907248918861705	0.	0.	0.	5.964485676496612e-96	0.	0.	1.3368846295325075e-95	0.	0.2416684990314006	0.	0.	0.	0.	0.	0.	0.	0.	0.	0.	0.	0.	0.	0.	0.	0.	0.	0.	0.	0.	0.	0.	0.	0.01842155035958901	0.	0.03163905282230046	0.	0.	0.	0.	0.	0.	0.	0.	0.030719297834276345	0.
0.8937482311232926	0.	0.	0.	2.133227806752183e-97	0.	0.	4.84192616336753e-97	0.	0.2397976231188933	0.	0.	0.	0.	0.	0.	0.	0.	0.	0.	0.	0.	0.	0.	0.	0.	0.	0.	0.	0.	0.	0.	0.	0.01819372086107282	0.	0.031352087546762115	0.	0.	0.	0.	0.	0.	0.	0.	0.03044121663535575	0.
0.8806434568191158	0.	0.	0.	7.629777962648108e-99	0.	0.	1.7536891803115127e-98	0.	0.2379684349524153	0.	0.	0.	0.	0.	0.	0.	0.	0.	0.	0.	0.	0.	0.	0.	0.	0.	0.	0.	0.	0.	0.	0.	0.017972416918862536	0.	0.031072718764192077	0.	0.	0.	0.	0.	0.	0.	0.	0.030170483475404214	0.
0.8679174321216241	0.	0.	0.	2.728955855459204e-100	0.	0.	6.351800368613751e-100	0.	0.23618261863628773	0.	0.	0.	0.	0.	0.	0.	0.	0.	0.	0.	0.	0.	0.	0.	0.	0.	0.	0.	0.	0.	0.	0.	0.01775735747870325	0.	0.030800619505398735	0.	0.	0.	0.	0.	0.	0.	0.	0.029906782620654538	0.
0.8555539711963497	0.	0.	0.	9.76091695543134e-102	0.	0.	2.3006490426492345e-101	0.	0.2344353611258455	0.	0.	0.	0.	0.	0.	0.	0.	0.	0.	0.	0.	0.	0.	0.	0.	0.	0.	0.	0.	0.	0.	0.	0.017548277511910182	0.	0.03053548206713063	0.	0.	0.	0.	0.	0.	0.	0.	0.02964981691050399	0.
0.8435377975228107	0.	0.	0.	3.491353294927014e-103	0.	0.	8.33321921465666e-103	0.	0.23272631370491012	0.	0.	0.	0.	0.	0.	0.	0.	0.	0.	0.	0.	0.	0.	0.	0.	0.	0.	0.	0.	0.	0.	0.	0.01734492683854363	0.	0.030277016589634054	0.	0.	0.	0.	0.	0.	0.	0.	0.029399306388483572	0.
0.8318544809228039	0.	0.	0.	1.2488366955640614e-104	0.	0.	3.018448348479112e-104	0.	0.23105410390459447	0.	0.	0.	0.	0.	0.	0.	0.	0.	0.	0.	0.	0.	0.	0.	0.	0.	0.	0.	0.	0.	0.	0.	0.017147069112668254	0.	0.03002495003074312	0.	0.	0.	0.	0.	0.	0.	0.	0.02915498727172334	0.
0.8204903797502974	0.	0.	0.	4.467101315822554e-106	0.	0.	1.093359117692301e-105	0.	0.2294174271998093	0.	0.	0.	0.	0.	0.	0.	0.	0.	0.	0.	0.	0.	0.	0.	0.	0.	0.	0.	0.	0.	0.	0.	0.01695448086863463	0.	0.02977902369517575	0.	0.	0.	0.	0.	0.	0.	0.	0.0289166097881075	0.
0.8094325877559831	0.	0.	0.	1.59791582093747e-107	0.	0.	3.960497158011734e-107	0.	0.22781504283326548	0.	0.	0.	0.	0.	0.	0.	0.	0.	0.	0.	0.	0.	0.	0.	0.	0.	0.	0.	0.	0.	0.	0.	0.016766950664211036	0.	0.029538994309370542	0.	0.	0.	0.	0.	0.	0.	0.	0.02868393877618198	0.
0.7986688851913478	0.	0.	0.	5.71596550602885e-109	0.	0.	1.4346436675443763e-108	0.	0.22624576986352143	0.	0.	0.	0.	0.	0.	0.	0.	0.	0.	0.	0.	0.	0.	0.	0.	0.	0.	0.	0.	0.	0.	0.	0.01658427827391014	0.	0.029304631070669374	0.	0.	0.	0.	0.	0.	0.	0.	0.028456751280079004	0.
0.7881876937628081	0.	0.	0.	2.0447141117274408e-110	0.	0.	5.196914122573684e-110	0.	0.22470848350801792	0.	0.	0.	0.	0.	0.	0.	0.	0.	0.	0.	0.	0.	0.	0.	0.	0.	0.	0.	0.	0.	0.	0.	0.01640627395457616	0.	0.02907571636547148	0.	0.	0.	0.	0.	0.	0.	0.	0.02823483702728518	0.
0.7779780350868094	0.	0.	0.	7.31446528390668e-112	0.	0.	1.8825819778512697e-111	0.	0.2232021117556342	0.	0.	0.	0.	0.	0.	0.	0.	0.	0.	0.	0.	0.	0.	0.	0.	0.	0.	0.	0.	0.	0.	0.	0.016232757766552898	0.	0.028852043342637586	0.	0.	0.	0.	0.	0.	0.	0.	0.028017996125357533	0.
0.7680294923325055	0.	0.	0.	2.6166117179495966e-113	0.	0.	6.819756013327836e-113	0.	0.22172562814482183	0.	0.	0.	0.	0.	0.	0.	0.	0.	0.	0.	0.	0.	0.	0.	0.	0.	0.	0.	0.	0.	0.	0.	0.016063558947033846	0.	0.028633416153851916	0.	0.	0.	0.	0.	0.	0.	0.	0.027806039300148647	0.
0.7583321747702886	0.	0.	0.	9.360572797361824e-115	0.	0.	2.4705298250816155e-114	0.	0.220278069241342	0.	0.	0.	0.	0.	0.	0.	0.	0.	0.	0.	0.	0.	0.	0.	0.	0.	0.	0.	0.	0.	0.	0.	0.015898515330959897	0.	0.028419648996373916	0.	0.	0.	0.	0.	0.	0.	0.	0.027598786971826696	0.
0.7488766849725411	0.	0.	0.	3.348665426450512e-116	0.	0.	8.949884667824228e-116	0.	0.21885849289897807	0.	0.	0.	0.	0.	0.	0.	0.	0.	0.	0.	0.	0.	0.	0.	0.	0.	0.	0.	0.	0.	0.	0.	0.015737472815307026	0.	0.02821056456078473	0.	0.	0.	0.	0.	0.	0.	0.	0.02739606774998298	0.
0.7396540884379738	0.	0.	0.	1.1979730301294945e-117	0.	0.	3.2422807258583104e-117	0.	0.21746600925496196	0.	0.	0.	0.	0.	0.	0.	0.	0.	0.	0.	0.	0.	0.	0.	0.	0.	0.	0.	0.	0.	0.	0.	0.01558028486300271	0.	0.028005997583827907	0.	0.	0.	0.	0.	0.	0.	0.	0.02719772190039351	0.
0.7306558854331572	0.	0.	0.	4.2857619529973833e-119	0.	0.	1.174598399597641e-118	0.	0.2160997693788973	0.	0.	0.	0.	0.	0.	0.	0.	0.	0.	0.	0.	0.	0.	0.	0.	0.	0.	0.	0.	0.	0.	0.	0.015426812043098426	0.	0.02780578669562471	0.	0.	0.	0.	0.	0.	0.	0.	0.02700359340629745	0.
0.7218739848647088	0.	0.	0.	1.5332555807124898e-120	0.	0.	4.255333447505517e-120	0.	0.21475895915605325	0.	0.	0.	0.	0.	0.	0.	0.	0.	0.	0.	0.	0.	0.	0.	0.	0.	0.	0.	0.	0.	0.	0.	0.01527692160412968	0.	0.027609780806933194	0.	0.	0.	0.	0.	0.	0.	0.	0.026813536201362075	0.
0.7133006800133149	0.	0.	0.	5.485375509174131e-122	0.	0.	1.541640071953012e-121	0.	0.21344279942548533	0.	0.	0.	0.	0.	0.	0.	0.	0.	0.	0.	0.	0.	0.	0.	0.	0.	0.	0.	0.	0.	0.	0.	0.015130487077902377	0.	0.027417835532487597	0.	0.	0.	0.	0.	0.	0.	0.	0.0266274106858158	0.
0.7049286259766199	0.	0.	0.	1.9624711223788438e-123	0.	0.	5.585182792722285e-123	0.	0.2121505440430349	0.	0.	0.	0.	0.	0.	0.	0.	0.	0.	0.	0.	0.	0.	0.	0.	0.	0.	0.	0.	0.	0.	0.	0.014987387618773908	0.	0.02722981330412675	0.	0.	0.	0.	0.	0.	0.	0.	0.026445083842217776	0.
0.696750818682212	0.	0.	0.	7.02109911588313e-125	0.	0.	2.023469292777025e-124	0.	0.21088147810400956	0.	0.	0.	0.	0.	0.	0.	0.	0.	0.	0.	0.	0.	0.	0.	0.	0.	0.	0.	0.	0.	0.	0.	0.014847508825511651	0.	0.027045582963908993	0.	0.	0.	0.	0.	0.	0.	0.	0.026266428843102246	0.
0.6887605753446673	0.	0.	0.	2.5119539489690473e-126	0.	0.	7.330954044345105e-126	0.	0.2096349162815018	0.	0.	0.	0.	0.	0.	0.	0.	0.	0.	0.	0.	0.	0.	0.	0.	0.	0.	0.	0.	0.	0.	0.	0.014710740683245047	0.	0.026865019386441813	0.	0.	0.	0.	0.	0.	0.	0.	0.026091324686748667	0.
0.6809515162520428	0.	0.	0.	8.987167049330676e-128	0.	0.	2.656004842984333e-127	0.	0.208410201271482	0.	0.	0.	0.	0.	0.	0.	0.	0.	0.	0.	0.	0.	0.	0.	0.	0.	0.	0.	0.	0.	0.	0.	0.014576978419915112	0.	0.02668800312797187	0.	0.	0.	0.	0.	0.	0.	0.	0.02591965585873648	0.
0.673317547777491	0.	0.	0.	3.215424865032517e-129	0.	0.	9.62280216044362e-129	0.	0.20720670885287953	0.	0.	0.	0.	0.	0.	0.	0.	0.	0.	0.	0.	0.	0.	0.	0.	0.	0.	0.	0.	0.	0.	0.	0.014446121942676499	0.	0.02651442010004179	0.	0.	0.	0.	0.	0.	0.	0.	0.025751312017158214	0.
0.6658528465209189	0.	0.	0.	1.1504246397907684e-130	0.	0.	3.4864097699675737e-130	0.	0.2060238139610071	0.	0.	0.	0.	0.	0.	0.	0.	0.	0.	0.	0.	0.	0.	0.	0.	0.	0.	0.	0.	0.	0.	0.	0.01431807557811278	0.	0.0263441612657027	0.	0.	0.	0.	0.	0.	0.	0.	0.025586187699566033	0.
0.6585518444939578	0.	0.	0.	4.1160637723884113e-132	0.	0.	1.2631628305239834e-131	0.	0.2048609511869261	0.	0.	0.	0.	0.	0.	0.	0.	0.	0.	0.	0.	0.	0.	0.	0.	0.	0.	0.	0.	0.	0.	0.	0.014192748068047541	0.	0.026177122356469747	0.	0.	0.	0.	0.	0.	0.	0.	0.025424182049901586	0.
0.651409215269032	0.	0.	0.	1.4726854169629673e-133	0.	0.	4.57661251119618e-133	0.	0.20371756168695843	0.	0.	0.	0.	0.	0.	0.	0.	0.	0.	0.	0.	0.	0.	0.	0.	0.	0.	0.	0.	0.	0.	0.	0.014070051400101754	0.	0.02601320359753336	0.	0.	0.	0.	0.	0.	0.	0.	0.025265198553295364	0.
0.6444198610201167	0.	0.	0.	5.2691639961280623e-135	0.	0.	1.6581839846936917e-134	0.	0.20259310492853844	0.	0.	0.	0.	0.	0.	0.	0.	0.	0.	0.	0.	0.	0.	0.	0.	0.	0.	0.	0.	0.	0.	0.	0.013949901992268716	0.	0.02585230950488943	0.	0.	0.	0.	0.	0.	0.	0.	0.02510914484060721	0.
0.6375789003889231	0.	0.	0.	1.8852856220443433e-136	0.	0.	6.007930927131608e-136	0.	0.2014870641321683	0.	0.	0.	0.	0.	0.	0.	0.	0.	0.	0.	0.	0.	0.	0.	0.	0.	0.	0.	0.	0.	0.	0.	0.013832219353679912	0.	0.02569434858980583	0.	0.	0.	0.	0.	0.	0.	0.	0.024955932402800585	0.
0.6308816571158193	0.	0.	0.	6.74553164053164e-138	0.	0.	2.1768107223727855e-137	0.	0.20039894206138562	0.	0.	0.	0.	0.	0.	0.	0.	0.	0.	0.	0.	0.	0.	0.	0.	0.	0.	0.	0.	0.	0.	0.	0.013716927057942741	0.	0.02553923318736352	0.	0.	0.	0.	0.	0.	0.	0.	0.0248054764257593	0.
0.6243236493798385	0.	0.	0.	2.4135632469344753e-139	0.	0.	7.887144778626212e-139	0.	0.19932826004176402	0.	0.	0.	0.	0.	0.	0.	0.	0.	0.	0.	0.	0.	0.	0.	0.	0.	0.	0.	0.	0.	0.	0.	0.013603951145194658	0.	0.02538687924421404	0.	0.	0.	0.	0.	0.	0.	0.	0.02465769558536505	0.
0.6179005797967106	0.	0.	0.	8.635839144216417e-141	0.	0.	2.857736989876332e-140	0.	0.1982745572048077	0.	0.	0.	0.	0.	0.	0.	0.	0.	0.	0.	0.	0.	0.	0.	0.	0.	0.	0.	0.	0.	0.	0.	0.01349322090249912	0.	0.025237206130078644	0.	0.	0.	0.	0.	0.	0.	0.	0.0245125118655551	0.
0.6116083260280116	0.	0.	0.	3.0899656967685542e-142	0.	0.	1.0354470451783365e-141	0.	0.19723738946262162	0.	0.	0.	0.	0.	0.	0.	0.	0.	0.	0.	0.	0.	0.	0.	0.	0.	0.	0.	0.	0.	0.	0.	0.013384668495641277	0.	0.02509013646110849	0.	0.	0.	0.	0.	0.	0.	0.	0.024369850387809203	0.
0.6054429319583051	0.	0.	0.	1.1056200933642435e-143	0.	0.	3.7517735994462077e-143	0.	0.1962163288488538	0.	0.	0.	0.	0.	0.	0.	0.	0.	0.	0.	0.	0.	0.	0.	0.	0.	0.	0.	0.	0.	0.	0.	0.013278228803611234	0.	0.024945595934226888	0.	0.	0.	0.	0.	0.	0.	0.	0.024229639251228494	0.
0.5994005994005994	0.	0.	0.	3.956045058792369e-145	0.	0.	1.359403359085094e-144	0.	0.19521096274521732	0.	0.	0.	0.	0.	0.	0.	0.	0.	0.	0.	0.	0.	0.	0.	0.	0.	0.	0.	0.	0.	0.	0.	0.013173839303538364	0.	0.024803513230725903	0.	0.	0.	0.	0.	0.	0.	0.	0.024091809440094418	0.
0.5934776802935736	0.	0.	0.	1.4155314301598401e-146	0.	0.	4.925643554320106e-146	0.	0.1942208931809919	0.	0.	0.	0.	0.	0.	0.	0.	0.	0.	0.	0.	0.	0.	0.	0.	0.	0.	0.	0.	0.	0.	0.	0.013071439777091201	0.	0.024663819630429233	0.	0.	0.	0.	0.	0.	0.	0.	0.02395629444879787	0.
0.5876706693568923	0.	0.	0.	5.065014133131668e-148	0.	0.	1.7847624811224527e-147	0.	0.19324573617123225	0.	0.	0.	0.	0.	0.	0.	0.	0.	0.	0.	0.	0.	0.	0.	0.	0.	0.	0.	0.	0.	0.	0.	0.012970972768901804	0.	0.024526449239793954	0.	0.	0.	0.	0.	0.	0.	0.	0.023823030505924103	0.
0.5819761971735357	0.	0.	0.	1.8123604991957656e-149	0.	0.	6.46696641472533e-149	0.	0.1922851211628543	0.	0.	0.	0.	0.	0.	0.	0.	0.	0.	0.	0.	0.	0.	0.	0.	0.	0.	0.	0.	0.	0.	0.	0.012872382634812848	0.	0.024391338615482427	0.	0.	0.	0.	0.	0.	0.	0.	0.023691956208184047	0.
0.576391023670458	0.	0.	0.	6.48501840981827e-151	0.	0.	2.3432759358683677e-150	0.	0.19133869800332026	0.	0.	0.	0.	0.	0.	0.	0.	0.	0.	0.	0.	0.	0.	0.	0.	0.	0.	0.	0.	0.	0.	0.	0.012775615986063693	0.	0.02425842670574381	0.	0.	0.	0.	0.	0.	0.	0.	0.02356301246445676	0.
0.5709120319710738	0.	0.	0.	2.3204940393020474e-152	0.	0.	8.490804284674147e-152	0.	0.19040609917885584	0.	0.	0.	0.	0.	0.	0.	0.	0.	0.	0.	0.	0.	0.	0.	0.	0.	0.	0.	0.	0.	0.	0.	0.012680621452637137	0.	0.024127654736051666	0.	0.	0.	0.	0.	0.	0.	0.	0.023436142385336464	0.
0.5655362225950572	0.	0.	0.	8.303328940798013e-154	0.	0.	3.076640295171712e-153	0.	0.1894870110506419	0.	0.	0.	0.	0.	0.	0.	0.	0.	0.	0.	0.	0.	0.	0.	0.	0.	0.	0.	0.	0.	0.	0.	0.012587349588492662	0.	0.023998966101337445	0.	0.	0.	0.	0.	0.	0.	0.	0.023311291179051327	0.
0.5602607079827814	0.	0.	0.	2.9711631292213776e-155	0.	0.	1.1148258750341886e-154	0.	0.18858110460048888	0.	0.	0.	0.	0.	0.	0.	0.	0.	0.	0.	0.	0.	0.	0.	0.	0.	0.	0.	0.	0.	0.	0.	0.012495752782235525	0.	0.023872306264378713	0.	0.	0.	0.	0.	0.	0.	0.	0.02318840605331921	0.
0.5550827073233912	0.	0.	0.	1.0631710643350312e-156	0.	0.	4.0396125230736767e-156	0.	0.18768806609363795	0.	0.	0.	0.	0.	0.	0.	0.	0.	0.	0.	0.	0.	0.	0.	0.	0.	0.	0.	0.	0.	0.	0.	0.012405785172817351	0.	0.023747622659935068	0.	0.	0.	0.	0.	0.	0.	0.	0.023067436122740547	0.
0.5499995416670487	0.	0.	0.	3.804364568056951e-158	0.	0.	1.4637761478174148e-157	0.	0.18680759690766618	0.	0.	0.	0.	0.	0.	0.	0.	0.	0.	0.	0.	0.	0.	0.	0.	0.	0.	0.	0.	0.	0.	0.	0.012317402568160512	0.	0.023624864604238426	0.	0.	0.	0.	0.	0.	0.	0.	0.02294833232137807	0.
0.5450086293032973	0.	0.	0.	1.3613298626544477e-159	0.	0.	5.304101720010303e-159	0.	0.18593940341624926	0.	0.	0.	0.	0.	0.	0.	0.	0.	0.	0.	0.	0.	0.	0.	0.	0.	0.	0.	0.	0.	0.	0.	0.012230562371395083	0.	0.023503982005634083	0.	0.	0.	0.	0.	0.	0.	0.	0.022831046152676462	0.
0.5401074813887964	0.	0.	0.	4.871321739681218e-161	0.	0.	1.921990258876403e-160	0.	0.18508320299856001	0.	0.	0.	0.	0.	0.	0.	0.	0.	0.	0.	0.	0.	0.	0.	0.	0.	0.	0.	0.	0.	0.	0.	0.012145223510228597	0.	0.02338493130316592	0.	0.	0.	0.	0.	0.	0.	0.	0.02271553435723011	0.
0.5352936978088645	0.	0.	0.	1.7431403180861113e-162	0.	0.	6.964542157230271e-162	0.	0.1842387220642908	0.	0.	0.	0.	0.	0.	0.	0.	0.	0.	0.	0.	0.	0.	0.	0.	0.	0.	0.	0.	0.	0.	0.	0.012061346363155888	0.	0.023267663351391882	0.	0.	0.	0.	0.	0.	0.	0.	0.02260175262212659	0.
0.5305649632583763	0.	0.	0.	6.237635740573435e-164	0.	0.	2.5236902576799998e-163	0.	0.18340569568163795	0.	0.	0.	0.	0.	0.	0.	0.	0.	0.	0.	0.	0.	0.	0.	0.	0.	0.	0.	0.	0.	0.	0.	0.01197889270493978	0.	0.023152135386859004	0.	0.	0.	0.	0.	0.	0.	0.	0.022489656269889545	0.
0.5259190435285662	0.	0.	0.	2.2320796861831153e-165	0.	0.	9.144953842634292e-165	0.	0.18258386722815095	0.	0.	0.	0.	0.	0.	0.	0.	0.	0.	0.	0.	0.	0.	0.	0.	0.	0.	0.	0.	0.	0.	0.	0.011897825022738817	0.	0.023038304940272814	0.	0.	0.	0.	0.	0.	0.	0.	0.0223792052709704	0.
0.5213537819872268	0.	0.	0.	7.98732583766997e-167	0.	0.	3.3138204190466963e-166	0.	0.18177298805853603	0.	0.	0.	0.	0.	0.	0.	0.	0.	0.	0.	0.	0.	0.	0.	0.	0.	0.	0.	0.	0.	0.	0.	0.011818109543035868	0.	0.02292613097553798	0.	0.	0.	0.	0.	0.	0.	0.	0.02227035989055395	0.
0.5168670962406533	0.	0.	0.	2.8582155251913515e-168	0.	0.	1.2008209401321374e-167	0.	0.1809728114134197	0.	0.	0.	0.	0.	0.	0.	0.	0.	0.	0.	0.	0.	0.	0.	0.	0.	0.	0.	0.	0.	0.	0.	0.011739710011491532	0.	0.022815573828315946	0.	0.	0.	0.	0.	0.	0.	0.	0.022163081720785665	0.
0.5124569749664768	0.	0.	0.	1.0227992765744774e-169	0.	0.	4.351403609552937e-169	0.	0.18018311870212797	0.	0.	0.	0.	0.	0.	0.	0.	0.	0.	0.	0.	0.	0.	0.	0.	0.	0.	0.	0.	0.	0.	0.	0.011662593806697806	0.	0.02270659514776243	0.	0.	0.	0.	0.	0.	0.	0.	0.022057333624467358	0.
0.5081214749072678	0.	0.	0.	3.660055470660365e-171	0.	0.	1.576820533582626e-170	0.	0.1794036706170204	0.	0.	0.	0.	0.	0.	0.	0.	0.	0.	0.	0.	0.	0.	0.	0.	0.	0.	0.	0.	0.	0.	0.	0.011586728808222457	0.	0.02259915784125587	0.	0.	0.	0.	0.	0.	0.	0.	0.021953079681636574	0.
0.5038587180154686	0.	0.	0.	1.3097448291198297e-172	0.	0.	5.713956154139648e-172	0.	0.17863425089928153	0.	0.	0.	0.	0.	0.	0.	0.	0.	0.	0.	0.	0.	0.	0.	0.	0.	0.	0.	0.	0.	0.	0.	0.011512083966457741	0.	0.02249322602193833	0.	0.	0.	0.	0.	0.	0.	0.	0.021850285138863224	0.
0.4996668887408395	0.	0.	0.	4.686918931510909e-174	0.	0.	2.070585808812151e-173	0.	0.17787464635117453	0.	0.	0.	0.	0.	0.	0.	0.	0.	0.	0.	0.	0.	0.	0.	0.	0.	0.	0.	0.	0.	0.	0.	0.011438629258238733	0.	0.02238876495889589	0.	0.	0.	0.	0.	0.	0.	0.	0.021748916361097954	0.
0.49554423145219234	0.	0.	0.	1.6772194436309987e-175	0.	0.	7.503281319444209e-175	0.	0.1771246500568957	0.	0.	0.	0.	0.	0.	0.	0.	0.	0.	0.	0.	0.	0.	0.	0.	0.	0.	0.	0.	0.	0.	0.	0.011366335644656523	0.	0.022285741029832957	0.	0.	0.	0.	0.	0.	0.	0.	0.021648940785923255	0.
0.4914890479857141	0.	0.	0.	6.00197162086292e-177	0.	0.	2.7190099667031577e-176	0.	0.17638406115628621	0.	0.	0.	0.	0.	0.	0.	0.	0.	0.	0.	0.	0.	0.	0.	0.	0.	0.	0.	0.	0.	0.	0.	0.011295175030933951	0.	0.022184121676079742	0.	0.	0.	0.	0.	0.	0.	0.	0.021550326880065057	0.
0.48749969531269044	0.	0.	0.	2.1478284989983498e-178	0.	0.	9.85307875422373e-178	0.	0.17565268461888378	0.	0.	0.	0.	0.	0.	0.	0.	0.	0.	0.	0.	0.	0.	0.	0.	0.	0.	0.	0.	0.	0.	0.	0.011225120228257083	0.	0.022083875359819243	0.	0.	0.	0.	0.	0.	0.	0.	0.02145304409803793	0.
0.4835745833199008	0.	0.	0.	7.686113974383195e-180	0.	0.	3.570546036398985e-179	0.	0.17493033102816183	0.	0.	0.	0.	0.	0.	0.	0.	0.	0.	0.	0.	0.	0.	0.	0.	0.	0.	0.	0.	0.	0.	0.	0.011156144917440113	0.	0.021984971514915585	0.	0.	0.	0.	0.	0.	0.	0.	0.021357062834601807	0.
0.47971217269638217	0.	0.	0.	2.7505247534056977e-181	0.	0.	1.2938943322650832e-180	0.	0.17421681637545952	0.	0.	0.	0.	0.	0.	0.	0.	0.	0.	0.	0.	0.	0.	0.	0.	0.	0.	0.	0.	0.	0.	0.	0.011088223614333275	0.	0.02188738054186295	0.	0.	0.	0.	0.	0.	0.	0.	0.021262354419920002	0.
0.4759109729206656	0.	0.	0.	9.842961268113276e-183	0.	0.	4.688829471366136e-182	0.	0.1735119618630977	0.	0.	0.	0.	0.	0.	0.	0.	0.	0.	0.	0.	0.	0.	0.	0.	0.	0.	0.	0.	0.	0.	0.	0.011021331636866962	0.	0.02179107372067719	0.	0.	0.	0.	0.	0.	0.	0.	0.02116889103528034	0.
0.47216954034295244	0.	0.	0.	3.522389999320206e-184	0.	0.	1.699149079157271e-183	0.	0.1728155937161582	0.	0.	0.	0.	0.	0.	0.	0.	0.	0.	0.	0.	0.	0.	0.	0.	0.	0.	0.	0.	0.	0.	0.	0.010955445073648989	0.	0.021696023209018145	0.	0.	0.	0.	0.	0.	0.	0.	0.021076645711316677	0.
0.46848647635704915	0.	0.	0.	1.2605222402661109e-185	0.	0.	6.157436125448005e-185	0.	0.17212754300252073	0.	0.	0.	0.	0.	0.	0.	0.	0.	0.	0.	0.	0.	0.	0.	0.	0.	0.	0.	0.	0.	0.	0.	0.010890540754027418	0.	0.021602202000864327	0.	0.	0.	0.	0.	0.	0.	0.	0.020985592287638903	0.
0.4648604256571964	0.	0.	0.	4.510918307281389e-187	0.	0.	2.2313602780813732e-186	0.	0.17144764546072594	0.	0.	0.	0.	0.	0.	0.	0.	0.	0.	0.	0.	0.	0.	0.	0.	0.	0.	0.	0.	0.	0.	0.	0.010826596219541223	0.	0.021509583897595594	0.	0.	0.	0.	0.	0.	0.	0.	0.02089570538696441	0.
0.4612900745752287	0.	0.	0.	1.6142870213896983e-188	0.	0.	8.086131491697811e-188	0.	0.17077574133524354	0.	0.	0.	0.	0.	0.	0.	0.	0.	0.	0.	0.	0.	0.	0.	0.	0.	0.	0.	0.	0.	0.	0.	0.010763589691288164	0.	0.02141814346084874	0.	0.	0.	0.	0.	0.	0.	0.	0.020806960365182335	0.
0.45777414949377804	0.	0.	0.	5.776940041749973e-190	0.	0.	2.9303074497342e-189	0.	0.17011167521878925	0.	0.	0.	0.	0.	0.	0.	0.	0.	0.	0.	0.	0.	0.	0.	0.	0.	0.	0.	0.	0.	0.	0.	0.010701500065368923	0.	0.02132785601129874	0.	0.	0.	0.	0.	0.	0.	0.	0.020719333314685305	0.
0.45431141533149594	0.	0.	0.	2.067360652827041e-191	0.	0.	1.0619078647357653e-190	0.	0.16945529590134092	0.	0.	0.	0.	0.	0.	0.	0.	0.	0.	0.	0.	0.	0.	0.	0.	0.	0.	0.	0.	0.	0.	0.	0.01064030685613102	0.	0.02123869758120829	0.	0.	0.	0.	0.	0.	0.	0.	0.020632801016141455	0.
0.4509006740965078	0.	0.	0.	7.398367223455885e-193	0.	0.	3.848236144810973e-192	0.	0.16880645622549922	0.	0.	0.	0.	0.	0.	0.	0.	0.	0.	0.	0.	0.	0.	0.	0.	0.	0.	0.	0.	0.	0.	0.	0.010579990193596999	0.	0.021150644893087822	0.	0.	0.	0.	0.	0.	0.	0.	0.020547340918346	0.
0.4475407635045425	0.	0.	0.	2.64762665417315e-194	0.	0.	1.3945618882935702e-193	0.	0.16816501287780283	0.	0.	0.	0.	0.	0.	0.	0.	0.	0.	0.	0.	0.	0.	0.	0.	0.	0.	0.	0.	0.	0.	0.	0.010520530795578376	0.	0.02106367533439372	0.	0.	0.	0.	0.	0.	0.	0.	0.020462931113747956	0.
0.4442305556583867	0.	0.	0.	9.474990864850333e-196	0.	0.	5.053765001440641e-195	0.	0.16753082653669604	0.	0.	0.	0.	0.	0.	0.	0.	0.	0.	0.	0.	0.	0.	0.	0.	0.	0.	0.	0.	0.	0.	0.	0.01046190994603123	0.	0.020977766933352467	0.	0.	0.	0.	0.	0.	0.	0.	0.020379550315065244	0.
0.4409689557855127	0.	0.	0.	3.390798817569291e-197	0.	0.	1.831443146721849e-196	0.	0.166903761323711	0.	0.	0.	0.	0.	0.	0.	0.	0.	0.	0.	0.	0.	0.	0.	0.	0.	0.	0.	0.	0.	0.	0.	0.010404109474362936	0.	0.02089289833584424	0.	0.	0.	0.	0.	0.	0.	0.	0.020297177832930342	0.
0.4377549010309128	0.	0.	0.	1.2134625779807516e-198	0.	0.	6.637017463914482e-198	0.	0.1662836849620099	0.	0.	0.	0.	0.	0.	0.	0.	0.	0.	0.	0.	0.	0.	0.	0.	0.	0.	0.	0.	0.	0.	0.	0.010347111735642274	0.	0.020809048783300536	0.	0.	0.	0.	0.	0.	0.	0.	0.020215793554508362	0.
0.43458735930234244	0.	0.	0.	4.342620400875878e-200	0.	0.	2.405213181593466e-199	0.	0.16567046858943424	0.	0.	0.	0.	0.	0.	0.	0.	0.	0.	0.	0.	0.	0.	0.	0.	0.	0.	0.	0.	0.	0.	0.	0.010290899591664347	0.	0.020726198245523846	0.	0.	0.	0.	0.	0.	0.	0.	0.02013537792324573	0.
0.4314653281653375	0.	0.	0.	1.5540981382597724e-201	0.	0.	8.71636206442819e-201	0.	0.16506398664580282	0.	0.	0.	0.	0.	0.	0.	0.	0.	0.	0.	0.	0.	0.	0.	0.	0.	0.	0.	0.	0.	0.	0.	0.010235456392830864	0.	0.0206443266306032	0.	0.	0.	0.	0.	0.	0.	0.	0.02005591191827089	0.
0.4283878337855205	0.	0.	0.	5.561681049229696e-203	0.	0.	3.1587699408982825e-202	0.	0.16446411676492106	0.	0.	0.	0.	0.	0.	0.	0.	0.	0.	0.	0.	0.	0.	0.	0.	0.	0.	0.	0.	0.	0.	0.	0.010180765960803929	0.	0.020563415305236865	0.	0.	0.	0.	0.	0.	0.	0.	0.01997737703769788	0.
0.42535392991585086	0.	0.	0.	1.9903743327512633e-204	0.	0.	1.1447265522491991e-203	0.	0.16387073967088223	0.	0.	0.	0.	0.	0.	0.	0.	0.	0.	0.	0.	0.	0.	0.	0.	0.	0.	0.	0.	0.	0.	0.	0.01012681257189414	0.	0.02048344553647895	0.	0.	0.	0.	0.	0.	0.	0.	0.01989975527863355	0.
0.42236269692660744	0.	0.	0.	7.123024973928832e-206	0.	0.	4.148456299005435e-205	0.	0.1632837390784336	0.	0.	0.	0.	0.	0.	0.	0.	0.	0.	0.	0.	0.	0.	0.	0.	0.	0.	0.	0.	0.	0.	0.	0.010073580940906796	0.	0.020404399243815888	0.	0.	0.	0.	0.	0.	0.	0.	0.019823029120999123	0.
0.4194132408760144	0.	0.	0.	2.5491487052064975e-207	0.	0.	1.5033921002571995e-206	0.	0.1627030015972567	0.	0.	0.	0.	0.	0.	0.	0.	0.	0.	0.	0.	0.	0.	0.	0.	0.	0.	0.	0.	0.	0.	0.	0.010021056206709497	0.	0.020326258835913845	0.	0.	0.	0.	0.	0.	0.	0.	0.019747181518417024	0.
0.4165046926195369	0.	0.	0.	9.122772668267304e-209	0.	0.	5.448274352633145e-208	0.	0.1621284166399762	0.	0.	0.	0.	0.	0.	0.	0.	0.	0.	0.	0.	0.	0.	0.	0.	0.	0.	0.	0.	0.	0.	0.	0.009969223916611668	0.	0.0202490071555148	0.	0.	0.	0.	0.	0.	0.	0.	0.019672195844583837	0.
0.41363620695598224	0.	0.	0.	3.264821876748742e-210	0.	0.	1.9744521520182874e-209	0.	0.16155987661048035	0.	0.	0.	0.	0.	0.	0.	0.	0.	0.	0.	0.	0.	0.	0.	0.	0.	0.	0.	0.	0.	0.	0.	0.00991807001714987	0.	0.02017262754134013	0.	0.	0.	0.	0.	0.	0.	0.	0.019598055953775072	0.
0.41080696180864607	0.	0.	0.	1.1684040887389943e-211	0.	0.	7.155420798236566e-211	0.	0.1609972758134503	0.	0.	0.	0.	0.	0.	0.	0.	0.	0.	0.	0.	0.	0.	0.	0.	0.	0.	0.	0.	0.	0.	0.	0.009867580823251672	0.	0.02009710373550383	0.	0.	0.	0.	0.	0.	0.	0.	0.01952474609065883	0.
0.4080161574398346	0.	0.	0.	4.181456294256561e-213	0.	0.	2.593132124015071e-212	0.	0.1604405116107892	0.	0.	0.	0.	0.	0.	0.	0.	0.	0.	0.	0.	0.	0.	0.	0.	0.	0.	0.	0.	0.	0.	0.	0.009817743031598243	0.	0.020022419907888524	0.	0.	0.	0.	0.	0.	0.	0.	0.01945225091417878	0.
0.4052630156971875	0.	0.	0.	1.496452561192388e-214	0.	0.	9.397557549405531e-214	0.	0.15988948389297533	0.	0.	0.	0.	0.	0.	0.	0.	0.	0.	0.	0.	0.	0.	0.	0.	0.	0.	0.	0.	0.	0.	0.	0.009768543690548758	0.	0.01994856063455291	0.	0.	0.	0.	0.	0.	0.	0.	0.019380555476606973	0.
0.40254677929031	0.	0.	0.	5.35549016251191e-216	0.	0.	3.405698568144458e-215	0.	0.15934409482613354	0.	0.	0.	0.	0.	0.	0.	0.	0.	0.	0.	0.	0.	0.	0.	0.	0.	0.	0.	0.	0.	0.	0.	0.009719970192736339	0.	0.019875510884452333	0.	0.	0.	0.	0.	0.	0.	0.	0.019309645210689307	0.
0.39986671109630123	0.	0.	0.	1.9166215182730636e-217	0.	0.	1.2342361599824952e-216	0.	0.15880424889630063	0.	0.	0.	0.	0.	0.	0.	0.	0.	0.	0.	0.	0.	0.	0.	0.	0.	0.	0.	0.	0.	0.	0.	0.009672010263665024	0.	0.01980325600668724	0.	0.	0.	0.	0.	0.	0.	0.	0.019239505917305368	0.
0.39722209349284004	0.	0.	0.	6.85921399653856e-219	0.	0.	4.4729203959249254e-218	0.	0.158269852839339	0.	0.	0.	0.	0.	0.	0.	0.	0.	0.	0.	0.	0.	0.	0.	0.	0.	0.	0.	0.	0.	0.	0.	0.009624651950754232	0.	0.019731781718245894	0.	0.	0.	0.	0.	0.	0.	0.	0.019170123753614057	0.
0.3946122277175628	0.	0.	0.	2.454783205948489e-220	0.	0.	1.621006870134467e-219	0.	0.15774081557324365	0.	0.	0.	0.	0.	0.	0.	0.	0.	0.	0.	0.	0.	0.	0.	0.	0.	0.	0.	0.	0.	0.	0.	0.00957788361281791	0.	0.019661074092234374	0.	0.	0.	0.	0.	0.	0.	0.	0.019101485221656656	0.
0.39203643325253024	0.	0.	0.	8.785222385169404e-222	0.	0.	5.874614224446459e-221	0.	0.15721704813293555	0.	0.	0.	0.	0.	0.	0.	0.	0.	0.	0.	0.	0.	0.	0.	0.	0.	0.	0.	0.	0.	0.	0.	0.009531693909952354	0.	0.01959111954655899	0.	0.	0.	0.	0.	0.	0.	0.	0.019033577157405158	0.
0.38949404723264475	0.	0.	0.	3.1440769741793154e-223	0.	0.	2.1289949429517592e-222	0.	0.15669846360743317	0.	0.	0.	0.	0.	0.	0.	0.	0.	0.	0.	0.	0.	0.	0.	0.	0.	0.	0.	0.	0.	0.	0.	0.009486071793814825	0.	0.019521904833041608	0.	0.	0.	0.	0.	0.	0.	0.	0.018966386720232226	0.
0.38698442387693893	0.	0.	0.	1.125212020318435e-224	0.	0.	7.715617255459443e-224	0.	0.156184977079259	0.	0.	0.	0.	0.	0.	0.	0.	0.	0.	0.	0.	0.	0.	0.	0.	0.	0.	0.	0.	0.	0.	0.	0.009441006498280132	0.	0.019453417026957808	0.	0.	0.	0.	0.	0.	0.	0.	0.018899901382782188	0.
0.38450693394170876	0.	0.	0.	4.026950726452832e-226	0.	0.	2.7961950826759194e-225	0.	0.1556765055660486	0.	0.	0.	0.	0.	0.	0.	0.	0.	0.	0.	0.	0.	0.	0.	0.	0.	0.	0.	0.	0.	0.	0.	0.009396487530452314	0.	0.0193856435169684	0.	0.	0.	0.	0.	0.	0.	0.	0.01883410892122854	0.
0.38206096419451996	0.	0.	0.	1.4411826222742388e-227	0.	0.	1.0133628866983344e-226	0.	0.1551729679642157	0.	0.	0.	0.	0.	0.	0.	0.	0.	0.	0.	0.	0.	0.	0.	0.	0.	0.	0.	0.	0.	0.	0.	0.009352504662019319	0.	0.019318571998485006	0.	0.	0.	0.	0.	0.	0.	0.	0.018768997408700337	0.
0.3796459169081637	0.	0.	0.	5.157775701295217e-229	0.	0.	3.6725121609690374e-228	0.	0.15467428499461003	0.	0.	0.	0.	0.	0.	0.	0.	0.	0.	0.	0.	0.	0.	0.	0.	0.	0.	0.	0.	0.	0.	0.	0.00930904792093385	0.	0.01925219045315766	0.	0.	0.	0.	0.	0.	0.	0.	0.018704555196036025	0.
0.37726120937368346	0.	0.	0.	1.845893356067776e-230	0.	0.	1.3309513998683716e-229	0.	0.15418037915008997	0.	0.	0.	0.	0.	0.	0.	0.	0.	0.	0.	0.	0.	0.	0.	0.	0.	0.	0.	0.	0.	0.	0.	0.009266107583407731	0.	0.019186487155137245	0.	0.	0.	0.	0.	0.	0.	0.	0.018640770916931882	0.
0.37490627343164207	0.	0.	0.	6.606196193748248e-232	0.	0.	4.823495142549713e-231	0.	0.153691174644792	0.	0.	0.	0.	0.	0.	0.	0.	0.	0.	0.	0.	0.	0.	0.	0.	0.	0.	0.	0.	0.	0.	0.	0.00922367416620406	0.	0.019121450653296505	0.	0.	0.	0.	0.	0.	0.	0.	0.01857763347134253	0.
0.3725805550208335	0.	0.	0.	2.364269723113449e-233	0.	0.	1.7480835009888693e-232	0.	0.15320658951613614	0.	0.	0.	0.	0.	0.	0.	0.	0.	0.	0.	0.	0.	0.	0.	0.	0.	0.	0.	0.	0.	0.	0.	0.009181738419215152	0.	0.019057069764927055	0.	0.	0.	0.	0.	0.	0.	0.	0.018515132019229847	0.
0.3702835137436898	0.	0.	0.	8.461420012288932e-235	0.	0.	6.335241419757029e-234	0.	0.15272656684178704	0.	0.	0.	0.	0.	0.	0.	0.	0.	0.	0.	0.	0.	0.	0.	0.	0.	0.	0.	0.	0.	0.	0.	0.009140291318315792	0.	0.018993333567719047	0.	0.	0.	0.	0.	0.	0.	0.	0.01845325597279495	0.
0.36801462244766525	0.	0.	0.	3.028239029414265e-236	0.	0.	2.295962654505083e-235	0.	0.15225103609192484	0.	0.	0.	0.	0.	0.	0.	0.	0.	0.	0.	0.	0.	0.	0.	0.	0.	0.	0.	0.	0.	0.	0.	0.009099324061198392	0.	0.018930231392025734	0.	0.	0.	0.	0.	0.	0.	0.	0.018391994988993115	0.
0.36577336682191713	0.	0.	0.	1.083771449477e-237	0.	0.	8.320838875672993e-237	0.	0.15177991186401182	0.	0.	0.	0.	0.	0.	0.	0.	0.	0.	0.	0.	0.	0.	0.	0.	0.	0.	0.	0.	0.	0.	0.	0.009058828049880167	0.	0.018867752813407055	0.	0.	0.	0.	0.	0.	0.	0.	0.018331338962316004	0.
0.3635592450086345	0.	0.	0.	3.878697382398129e-239	0.	0.	3.015574315321818e-238	0.	0.15131313419236794	0.	0.	0.	0.	0.	0.	0.	0.	0.	0.	0.	0.	0.	0.	0.	0.	0.	0.	0.	0.	0.	0.	0.	0.00901879490054651	0.	0.018805887646426035	0.	0.	0.	0.	0.	0.	0.	0.	0.01827127801883839	0.
0.361371767228399	0.	0.	0.	1.3881446463512947e-240	0.	0.	1.0928827565373117e-239	0.	0.15085063667414722	0.	0.	0.	0.	0.	0.	0.	0.	0.	0.	0.	0.	0.	0.	0.	0.	0.	0.	0.	0.	0.	0.	0.	0.008979216425158958	0.	0.01874462593347863	0.	0.	0.	0.	0.	0.	0.	0.	0.018211802505187814	0.
0.3592104554189891	0.	0.	0.	4.968029504955783e-242	0.	0.	3.960752667990734e-241	0.	0.1503923542955133	0.	0.	0.	0.	0.	0.	0.	0.	0.	0.	0.	0.	0.	0.	0.	0.	0.	0.	0.	0.	0.	0.	0.	0.00894008463421601	0.	0.018683957944931093	0.	0.	0.	0.	0.	0.	0.	0.	0.018152902989006216	0.
0.35707484288706914	0.	0.	0.	1.7780100753946403e-243	0.	0.	1.4354314905444704e-242	0.	0.149938223416807	0.	0.	0.	0.	0.	0.	0.	0.	0.	0.	0.	0.	0.	0.	0.	0.	0.	0.	0.	0.	0.	0.	0.	0.008901391721579336	0.	0.0186238741677995	0.	0.	0.	0.	0.	0.	0.	0.	0.01809457024777038	0.
0.35496447397222997	0.	0.	0.	6.36333613810488e-245	0.	0.	5.202209062942958e-244	0.	0.14948818173544748	0.	0.	0.	0.	0.	0.	0.	0.	0.	0.	0.	0.	0.	0.	0.	0.	0.	0.	0.	0.	0.	0.	0.	0.008863130065512443	0.	0.0185643653008186	0.	0.	0.	0.	0.	0.	0.	0.	0.018036795264072238	0.
0.35287890372287245	0.	0.	0.	2.277383123783868e-246	0.	0.	1.8853574795546585e-245	0.	0.1490421682500054	0.	0.	0.	0.	0.	0.	0.	0.	0.	0.	0.	0.	0.	0.	0.	0.	0.	0.	0.	0.	0.	0.	0.	0.008825292221634114	0.	0.0185054222484317	0.	0.	0.	0.	0.	0.	0.	0.	0.017979569219800356	0.
0.35081769758345077	0.	0.	0.	8.150568580421098e-248	0.	0.	6.832823143556176e-247	0.	0.14860012322547633	0.	0.	0.	0.	0.	0.	0.	0.	0.	0.	0.	0.	0.	0.	0.	0.	0.	0.	0.	0.	0.	0.	0.	0.008787870917766515	0.	0.01844703611498275	0.	0.	0.	0.	0.	0.	0.	0.	0.01792288349051753	0.
0.3487804310926128	0.	0.	0.	2.9170258565336636e-249	0.	0.	2.4763225145003425e-248	0.	0.14816198815969317	0.	0.	0.	0.	0.	0.	0.	0.	0.	0.	0.	0.	0.	0.	0.	0.	0.	0.	0.	0.	0.	0.	0.	0.008750859052012809	0.	0.018389198199113173	0.	0.	0.	0.	0.	0.	0.	0.	0.01786672964003348	0.
0.34676668959179785	0.	0.	0.	1.0439824698221524e-250	0.	0.	8.974593313701048e-250	0.	0.14772770575078653	0.	0.	0.	0.	0.	0.	0.	0.	0.	0.	0.	0.	0.	0.	0.	0.	0.	0.	0.	0.	0.	0.	0.	0.008714249676112215	0.	0.018331899988343826	0.	0.	0.	0.	0.	0.	0.	0.	0.017811099415162644	0.
0.3447760679438705	0.	0.	0.	3.7363424892944635e-252	0.	0.	3.2525417813278767e-251	0.	0.14729721986572533	0.	0.	0.	0.	0.	0.	0.	0.	0.	0.	0.	0.	0.	0.	0.	0.	0.	0.	0.	0.	0.	0.	0.	0.008678036008048885	0.	0.018275133153845317	0.	0.	0.	0.	0.	0.	0.	0.	0.01775598474065511	0.
0.34280817026139127	0.	0.	0.	1.3372132974469254e-253	0.	0.	1.1787766287705972e-252	0.	0.14687047550981214	0.	0.	0.	0.	0.	0.	0.	0.	0.	0.	0.	0.	0.	0.	0.	0.	0.	0.	0.	0.	0.	0.	0.	0.008642211413435514	0.	0.01821888954537951	0.	0.	0.	0.	0.	0.	0.	0.	0.017701377714304647	0.
0.34086260964413945	0.	0.	0.	4.785807442179692e-255	0.	0.	4.272092681480945e-254	0.	0.14644741879720724	0.	0.	0.	0.	0.	0.	0.	0.	0.	0.	0.	0.	0.	0.	0.	0.	0.	0.	0.	0.	0.	0.	0.	0.008606769415851095	0.	0.018163161186412192	0.	0.	0.	0.	0.	0.	0.	0.	0.017647270602212814	0.
0.3389390079255238	0.	0.	0.	1.7128142671948735e-256	0.	0.	1.5482829211286986e-255	0.	0.14602799692232749	0.	0.	0.	0.	0.	0.	0.	0.	0.	0.	0.	0.	0.	0.	0.	0.	0.	0.	0.	0.	0.	0.	0.	0.008571703674734314	0.	0.018107940269389257	0.	0.	0.	0.	0.	0.	0.	0.	0.017593655834213823	0.
0.3370369954275314	0.	0.	0.	6.130075319415831e-258	0.	0.	5.611260861258498e-257	0.	0.14561215813217382	0.	0.	0.	0.	0.	0.	0.	0.	0.	0.	0.	0.	0.	0.	0.	0.	0.	0.	0.	0.	0.	0.	0.	0.008537007993282173	0.	0.018053219151167182	0.	0.	0.	0.	0.	0.	0.	0.	0.01754052599945142	0.
0.3351562107238815	0.	0.	0.	2.1939254676304903e-259	0.	0.	2.0336260955693082e-258	0.	0.14519985169948793	0.	0.	0.	0.	0.	0.	0.	0.	0.	0.	0.	0.	0.	0.	0.	0.	0.	0.	0.	0.	0.	0.	0.	0.00850267631156417	0.	0.01799899034859212	0.	0.	0.	0.	0.	0.	0.	0.	0.017487873842098555	0.
0.33329630041106545	0.	0.	0.	7.8519665269791955e-261	0.	0.	7.370250613651043e-260	0.	0.14479102789679188	0.	0.	0.	0.	0.	0.	0.	0.	0.	0.	0.	0.	0.	0.	0.	0.	0.	0.	0.	0.	0.	0.	0.	0.008468702702748205	0.	0.01794524653422648	0.	0.	0.	0.	0.	0.	0.	0.	0.017435692257217902	0.
0.3314569188869677	0.	0.	0.	2.810188627355367e-262	0.	0.	2.6711228276979588e-261	0.	0.14438563797116025	0.	0.	0.	0.	0.	0.	0.	0.	0.	0.	0.	0.	0.	0.	0.	0.	0.	0.	0.	0.	0.	0.	0.	0.008435081369450467	0.	0.017891980532212734	0.	0.	0.	0.	0.	0.	0.	0.	0.01738397428675538	0.
0.32963772813677766	0.	0.	0.	1.0057568028742314e-263	0.	0.	9.680681421321403e-263	0.	0.14398363406409515	0.	0.	0.	0.	0.	0.	0.	0.	0.	0.	0.	0.	0.	0.	0.	0.	0.	0.	0.	0.	0.	0.	0.	0.008401806640204068	0.	0.01783918531426895	0.	0.	0.	0.	0.	0.	0.	0.	0.017332713115662878	0.
0.3278383975259129	0.	0.	0.	3.599572724426973e-265	0.	0.	3.5084755636782307e-264	0.	0.14358496940980509	0.	0.	0.	0.	0.	0.	0.	0.	0.	0.	0.	0.	0.	0.	0.	0.	0.	0.	0.	0.	0.	0.	0.	0.008368872965058807	0.	0.017786854782238504	0.	0.	0.	0.	0.	0.	0.	0.	0.017281902132193834	0.
0.32605860359968697	0.	0.	0.	1.2882773898323193e-266	0.	0.	1.271544121761947e-265	0.	0.14318959798099604	0.	0.	0.	0.	0.	0.	0.	0.	0.	0.	0.	0.	0.	0.	0.	0.	0.	0.	0.	0.	0.	0.	0.	0.008336274916103935	0.	0.01773497983378905	0.	0.	0.	0.	0.	0.	0.	0.	0.017231534605556417	0.
0.32429802988946843	0.	0.	0.	4.6107148951712144e-268	0.	0.	4.608343636668017e-267	0.	0.1427974746859794	0.	0.	0.	0.	0.	0.	0.	0.	0.	0.	0.	0.	0.	0.	0.	0.	0.	0.	0.	0.	0.	0.	0.	0.008304007178704009	0.	0.017683556216799855	0.	0.	0.	0.	0.	0.	0.	0.	0.017181604316849158	0.
0.3225563667250852	0.	0.	0.	1.6501658523722487e-269	0.	0.	1.6701624449782242e-268	0.	0.1424085552928783	0.	0.	0.	0.	0.	0.	0.	0.	0.	0.	0.	0.	0.	0.	0.	0.	0.	0.	0.	0.	0.	0.	0.	0.008272064551994224	0.	0.017632576657859986	0.	0.	0.	0.	0.	0.	0.	0.	0.01713210491156518	0.
0.3208333110532423	0.	0.	0.	5.905917281104393e-271	0.	0.	6.0530324277860925e-270	0.	0.14202279640850757	0.	0.	0.	0.	0.	0.	0.	0.	0.	0.	0.	0.	0.	0.	0.	0.	0.	0.	0.	0.	0.	0.	0.	0.008240441945016488	0.	0.017582034836481228	0.	0.	0.	0.	0.	0.	0.	0.	0.017083030260488855	0.
0.319128566261728	0.	0.	0.	2.1137204708723703e-272	0.	0.	2.1937529055208465e-271	0.	0.1416401554941773	0.	0.	0.	0.	0.	0.	0.	0.	0.	0.	0.	0.	0.	0.	0.	0.	0.	0.	0.	0.	0.	0.	0.	0.00820913437381859	0.	0.017531924520000283	0.	0.	0.	0.	0.	0.	0.	0.	0.017034374319642127	0.
0.31744184200919523	0.	0.	0.	7.564986712811952e-274	0.	0.	7.950653605866583e-273	0.	0.14126059069944838	0.	0.	0.	0.	0.	0.	0.	0.	0.	0.	0.	0.	0.	0.	0.	0.	0.	0.	0.	0.	0.	0.	0.	0.008178136958644066	0.	0.017482239611277182	0.	0.	0.	0.	0.	0.	0.	0.	0.016986131176347334	0.
0.3157728540603126	0.	0.	0.	2.7075045890629948e-275	0.	0.	2.8814982782281876e-274	0.	0.14088406106547366	0.	0.	0.	0.	0.	0.	0.	0.	0.	0.	0.	0.	0.	0.	0.	0.	0.	0.	0.	0.	0.	0.	0.	0.008147444921211094	0.	0.017432974132964088	0.	0.	0.	0.	0.	0.	0.	0.	0.01693829503402389	0.
0.3141213241260883	0.	0.	0.	9.69015321363805e-277	0.	0.	1.0443216936688154e-275	0.	0.14051052635647462	0.	0.	0.	0.	0.	0.	0.	0.	0.	0.	0.	0.	0.	0.	0.	0.	0.	0.	0.	0.	0.	0.	0.	0.008117053582075238	0.	0.017384122224496208	0.	0.	0.	0.	0.	0.	0.	0.	0.01689086020927355	0.
0.31248697970917877	0.	0.	0.	3.468106993482844e-278	0.	0.	3.784867050462971e-277	0.	0.14013994707936883	0.	0.	0.	0.	0.	0.	0.	0.	0.	0.	0.	0.	0.	0.	0.	0.	0.	0.	0.	0.	0.	0.	0.	0.008086958352182608	0.	0.017335678139179772	0.	0.	0.	0.	0.	0.	0.	0.	0.01684382112906234	0.
0.3108695539540017	0.	0.	0.	1.241237039880983e-279	0.	0.	1.3717259263932564e-278	0.	0.13977228446632678	0.	0.	0.	0.	0.	0.	0.	0.	0.	0.	0.	0.	0.	0.	0.	0.	0.	0.	0.	0.	0.	0.	0.	0.00805715475374136	0.	0.017287636241365572	0.	0.	0.	0.	0.	0.	0.	0.	0.016797172327980794	0.
0.30926878550147935	0.	0.	0.	4.442396890990389e-281	0.	0.	4.971465712507298e-280	0.	0.13940750045775563	0.	0.	0.	0.	0.	0.	0.	0.	0.	0.	0.	0.	0.	0.	0.	0.	0.	0.	0.	0.	0.	0.	0.	0.008027638383148418	0.	0.017239991003708495	0.	0.	0.	0.	0.	0.	0.	0.	0.016750908445588308	0.
0.3076844183482475	0.	0.	0.	1.589938661622255e-282	0.	0.	1.8017806846903754e-281	0.	0.13904555768573482	0.	0.	0.	0.	0.	0.	0.	0.	0.	0.	0.	0.	0.	0.	0.	0.	0.	0.	0.	0.	0.	0.	0.	0.007998404931541936	0.	0.017192737004508272	0.	0.	0.	0.	0.	0.	0.	0.	0.016705024223840244	0.
0.3061162017101692	0.	0.	0.	5.690412651477993e-284	0.	0.	6.530099166059559e-283	0.	0.1386864194579568	0.	0.	0.	0.	0.	0.	0.	0.	0.	0.	0.	0.	0.	0.	0.	0.	0.	0.	0.	0.	0.	0.	0.	0.007969450176887669	0.	0.01714586892750537	0.	0.	0.	0.	0.	0.	0.	0.	0.016659514506881103	0.
0.3045638898900016	0.	0.	0.	2.0366083712440615e-285	0.	0.	2.3666715577973443e-284	0.	0.13833004974208288	0.	0.	0.	0.	0.	0.	0.	0.	0.	0.	0.	0.	0.	0.	0.	0.	0.	0.	0.	0.	0.	0.	0.	0.007940769981792075	0.	0.017099381549949225	0.	0.	0.	0.	0.	0.	0.	0.	0.016614374229516456	0.
0.30302724214906923	0.	0.	0.	7.289062164503248e-287	0.	0.	8.577417831252254e-286	0.	0.1379764131505757	0.	0.	0.	0.	0.	0.	0.	0.	0.	0.	0.	0.	0.	0.	0.	0.	0.	0.	0.	0.	0.	0.	0.	0.007912360291381029	0.	0.017053269754206988	0.	0.	0.	0.	0.	0.	0.	0.	0.016569598428413455	0.
0.3015060225828011	0.	0.	0.	2.6087721187674546e-288	0.	0.	3.1086762514215123e-287	0.	0.13762547492592916	0.	0.	0.	0.	0.	0.	0.	0.	0.	0.	0.	0.	0.	0.	0.	0.	0.	0.	0.	0.	0.	0.	0.	0.007884217131243466	0.	0.017007528516118857	0.	0.	0.	0.	0.	0.	0.	0.	0.016525182230849134	0.
0.3	0.	0.	0.	9.336863068529372e-290	0.	0.	1.1266649228190686e-288	0.	0.13727720092632437	0.	0.	0.	0.	0.	0.	0.	0.	0.	0.	0.	0.	0.	0.	0.	0.	0.	0.	0.	0.	0.	0.	0.	0.00785633660543458	0.	0.016962152905011588	0.	0.	0.	0.	0.	0.	0.	0.	0.016481120854718843	0.