0.1	0	19.460334469211286	0
0.016680567139282735	0	4.075776935207068	0
0.009099181073703368	0	2.251183792498522	0
0.006255864873318737	0	1.5481123066937077	0
0.004766444232602479	0	1.1795983341103087	0
0.0038498556304138593	0	0.9528269985211574	0
0.003228931223764934	0	0.799217457440255	0
0.0027804810232170164	0	0.6882862056581495	0
0.00244140625	0	0.6044203547117966	0
0.002176041780002176	0	0.5387946016723214	0
0.0019627085377821396	0	0.4860421462337722	0
0.00178746983644651	0	0.44271909340372123	0
0.0016409583196586805	0	0.4065027635321497	0
0.001516645180859938	0	0.3757800528513854	0
0.001409840688002256	0	0.34938950794255264	0
0.001317089232795522	0	0.3264774925166967	0
0.001235788433020267	0	0.3063994320246928	0
0.0011639411045801082	0	0.2886604483702382	0
0.0010999890001099988	0	0.2728742274440973	0
0.0010426985037276472	0	0.2587379799429614	0
0.0009910802775024777	0	0.2460032115802099	0
0.0009443316492752255	0	0.23447406234939802	0
0.0009017945711966816	0	0.2239911465883874	0
0.0008629244509643181	0	0.2144119948919745	0
0.0008272667107875579	0	0.20562735352619696	0
0.0007944389275074479	0	0.19754652731924105	0
0.0007641170627340109	0	0.19008498448212535	0
0.0007360247304309425	0	0.18317392073306768	0
0.0007099247479767145	0	0.17675422565418866	0
0.0006856124232971101	0	0.1707798646447044	0
0.0006629101756711966	0	0.16520177185490187	0
0.0006416631909910488	0	0.1599865980906552	0
0.0006217358865953744	0	0.1550952934600962	0
0.0006030090149847741	0	0.15050365743475783	0
0.0005853772756541592	0	0.14617976113366332	0
0.0005687473339968719	0	0.14210616341593296	0
0.0005530361685654242	0	0.13826238435620605	0
0.0005381696849016495	0	0.13462366421960453	0
0.0005240815470887271	0	0.13117976838322784	0
0.0005107121881463701	0	0.12790813521455627	0
0.00049800796812749	0	0.12491169872973032	0
0.00048592045482154575	0	0.12207235548563387	0
0.00047440580672707437	0	0.11937758641192857	0
0.0004634242417220845	0	0.11680010849944211	0
0.0004529395778603135	0	0.11434807003228596	0
0.0004429188351234637	0	0.11201354356956303	0
0.0004333318888937037	0	0.10977029645886108	0
0.00042415116747608855	0	0.10764926138377799	0
0.0004153513872736336	0	0.10560595264535155	0
0.0004069093202579805	0	0.10365379680801784	0
0.00039880358923230307	0	0.1017669644026853	0
0.0003910144870867466	0	0.0999816859482412	0
0.00038352381682902513	0	0.09825180546116573	0
0.0003763147496566128	0	0.09659397790276886	0
0.0003693716987404425	0	0.0950044595594324	0
0.00036268020672771783	0	0.09347978456526276	0
0.00035622684525505845	0	0.09201674020334548	0
0.00034999912500218756	0	0.09058874759940966	0
0.0003439854150184032	0	0.08923976564324318	0
0.0003381748702253936	0	0.08791963183607357	0
0.00033255736614566016	0	0.08664950872352031	0
0.0003271234400300954	0	0.08542712441400135	0
0.0003218642376645531	0	0.08425035663637431	0
0.0003167714652264124	0	0.08311722084549214	0
0.00031183734564051396	0	0.0819994839098956	0
0.00030705457895140864	0	0.08094771940274786	0
0.000302416306287235	0	0.0799071955548539	0
0.0002979160770410975	0	0.07890272992512208	0
0.0002935478189397053	0	0.07793285752987289	0
0.000289305810707208	0	0.07699619956901753	0
0.0002851846570654499	0	0.07609145721843982	0
0.0002811792658409369	0	0.07521740592750153	0
0.00027728482697426796	0	0.07437289018651098	0
0.00027349679325009915	0	0.07352720834007324	0
0.0002698108625853277	0	0.07273815532355486	0
0.0002662229617304493	0	0.07194524316675092	0
0.0002627292312542693	0	0.07120772127281517	0
0.00025932601169560313	0	0.07046383384356034	0
0.0002560098307775018	0	0.0697430248531375	0
0.0002527773915900962	0	0.06904449151020943	0
0.0002496255616575137	0	0.0683674711554562	0
0.0002465513628126579	0	0.06771123876278763	0
0.0002435519618110524	0	0.06707510445611885	0
0.00024062466162156962	0	0.066458411435686	0
0.00023776689333777166	0	0.06586053385489625	0
0.0002349762086588733	0	0.06528087492272043	0
0.00023225027289407066	0	0.06468515409314674	0
0.00022958685844822244	0	0.06413991682530253	0
0.00022698383875068093	0	0.06357700455714974	0
0.000224439182592497	0	0.06306409770971905	0
0.0002219509488403063	0	0.06253198482124968	0
0.00021951728149798594	0	0.062014461792993254	0
0.00021713640508967734	0	0.06154634140700921	0
0.00021480662034003892	0	0.061056913234920386	0
0.00021252630012964102	0	0.06058080410445539	0
0.00021029388570527314	0	0.06011762398705733	0
0.00020810788312661287	0	0.05966699837339198	0
0.00020596685993223688	0	0.059228567420953476	0
0.00020386944200933722	0	0.05880198513749897	0
0.0002018143106527684	0	0.058386918620594766	0
0.0001998001998001998	0	0.057983047336854374	0
0.00019782589343119122	0	0.057590062440864925	0
0.0001958902231189641	0	0.05717014190861234	0
0.0001939920657245119	0	0.05679781899068772	0
0.000192130341223486	0	0.056435520504629924	0
0.0001903040106570246	0	0.056044891366423245	0
0.0001885120741983524	0	0.05570162118428631	0
0.00018675356932759378	0	0.055329179142949415	0
0.00018502756910779706	0	0.055003938977213986	0
0.0001833331805556829	0	0.05464872211853794	0
0.0001816695431010991	0	0.054340577630974225	0
0.0001800358271295988	0	0.054001686196005066	0
0.00017843123260295485	0	0.053670586509381585	0
0.00017685498775279213	0	0.05338635068972431	0
0.0001753063478428554	0	0.05307033170677628	0
0.00017378459399574228	0	0.05276151280595005	0
0.00017228903208021777	0	0.052459709086749615	0
0.00017081899165549228	0	0.05220451516190197	0
0.00016937382496908928	0	0.0519163010054522	0
0.00016795290600515617	0	0.05163457727892451	0
0.00016655562958027982	0	0.05135917947327395	0
0.00016518141048406411	0	0.051089947761428084	0
0.0001638296826619047	0	0.05082672600547646	0
0.00016249989843756347	0	0.050569363253664214	0
0.00016119152777330028	0	0.050317711683707536	0
0.00015990405756546075	0	0.05003118667705324	0
0.0001586369909735552	0	0.049790459558467275	0
0.00015738984678098417	0	0.04955502581154318	0
0.00015616215878568306	0	0.04932475234126651	0
0.00015495347521906548	0	0.04909950856941268	0
0.0001537633581917429	0	0.048838505260091994	0
0.0001525913831645927	0	0.04862288920314019	0
0.00015143713844383198	0	0.04841193298781952	0
0.00015030022469883595	0	0.04816480010624392	0
0.0001491802545015142	0	0.04796276817206349	0
0.0001480768518861289	0	0.04772434199611777	0
0.00014698965192850425	0	0.04753079406574608	0
0.0001459183003436376	0	0.0473413427248554	0
0.00014486245310078082	0	0.04711517215882857	0
0.0001438217760551125	0	0.04693357512953297	0
0.0001427959445951735	0	0.04671510090853486	0
0.00014178464330528363	0	0.04650036708553408	0
0.0001407875656422025	0	0.046329812364270834	0
0.00013980441362533815	0	0.04612222611000014	0
0.00013883489753984562	0	0.045958569768428444	0
0.00013787873565199407	0	0.045757782435201164	0
0.00013693565393621537	0	0.045560309169457795	0
0.0001360053858132782	0	0.04536607127727899	0
0.0001350876718990625	0	0.04521517438577014	0
0.0001341822597634367	0	0.045027086884547256	0
0.0001332889036987671	0	0.044842005698265915	0
0.00013240736449761335	0	0.04465985860329726	0
0.0001315374092391876	0	0.04452042619788519	0
0.00013067881108417675	0	0.0443438307078201	0
0.00012983134907754826	0	0.04416995803402463	0
0.00012899480795897965	0	0.043998741584942616	0
0.00012816897798056958	0	0.04383011603625077	0
0.00012735365473150667	0	0.043664017537123526	0
0.00012654863896938788	0	0.04350038319361351	0
0.0001257537364578945	0	0.0433391512494534	0
0.00012496875781054737	0	0.04318026153790185	0
0.00012419351834027783	0	0.043023654652441706	0
0.00012342783791456326	0	0.04286927237275669	0
0.00012267154081588844	0	0.04271705753692171	0
0.00012192445560730571	0	0.04256695401206641	0
0.00012118641500287817	0	0.04241890666662254	0
0.00012045725574279967	0	0.04227286134377756	0
0.00011973681847299636	0	0.04212876483704839	0
0.00011902494762902307	0	0.04198656486629369	0
0.00011832149132407666	0	0.041846210058956036	0
0.00011762630124095749	0	0.04170764991326886	0
0.00011693923252781692	0	0.04153363439174956	0
0.00011626014369753762	0	0.041398695693954095	0
0.00011558889653059929	0	0.04126540962623307	0
0.00011492535598129017	0	0.04113372906742183	0
0.00011426939008713042	0	0.041003607689816354	0
0.00011362086988137982	0	0.040838744385555306	0
0.00011297966930850794	0	0.04071180520055653	0
0.00011234566514251048	0	0.04058629524021463	0
0.00011171873690796052	0	0.04042652260876359	0
0.00011109876680368848	0	0.04030395265138244	0
0.00011048563962898924	0	0.04018268866559377	0
0.00010987924271225922	0	0.04002767473084582	0
0.00010927946584197096	0	0.03990912163223444	0
0.00010868620119989566	0	0.0397917576062625	0
0.00010809934329648948	0	0.039641189469375074	0
0.00010751878890836173	0	0.039526319578293695	0
0.00010694443701774744	0	0.039378622161550296	0
0.00010637618875390934	0	0.03926611062150812	0
0.00010581394733639841	0	0.03915460811000189	0
0.00010525761802010421	0	0.03901087597309265	0
0.00010470710804202942	0	0.03890153433085005	0
0.00010416232656972627	0	0.03876037057175382	0
0.00010362318465133389	0	0.038653066323001174	0
0.0001030895951671598	0	0.03851435873053214	0
0.00010256147278274917	0	0.03840897306583764	0
0.00010203873390338974	0	0.03827261385122993	0
0.00010152129663000054	0	0.038169032492364606	0
0.0001010090807163564	0	0.03803491813105615	0
0.00010050200752760038	0	0.03790200434996088	0
0.0001	0	0.03780106233721405	0