0.01	0	18.07612653190746	0
0.0016680567139282735	0	3.0199752680803127	0
0.0009099181073703368	0	1.6519334229579532	0
0.0006255864873318737	0	1.140861662887121	0
0.00047664442326024784	0	0.8768713152765387	0
0.00038498556304138594	0	0.7213617093993508	0
0.00032289312237649337	0	0.6184248661140571	0
0.00027804810232170165	0	0.5459431903131823	0
0.000244140625	0	0.49272825327931735	0
0.0002176041780002176	0	0.452328901561646	0
0.00019627085377821394	0	0.4204102131514545	0
0.00017874698364465097	0	0.3952171110635989	0
0.00016409583196586806	0	0.37425623421520837	0
0.0001516645180859938	0	0.35671839040156644	0
0.00014098406880022558	0	0.3416042824263816	0
0.0001317089232795522	0	0.3284694797039941	0
0.00012357884330202668	0	0.3167561463508607	0
0.00011639411045801082	0	0.30604933208951896	0
0.00010999890001099989	0	0.2960497083653394	0
0.00010426985037276472	0	0.28678599333986615	0
0.00009910802775024777	0	0.2778549096328788	0
0.00009443316492752255	0	0.2695727562833762	0
0.00009017945711966815	0	0.2614361520184995	0
0.00008629244509643182	0	0.2536018261389171	0
0.00008272667107875579	0	0.24603460604356814	0
0.00007944389275074478	0	0.2388389653650417	0
0.00007641170627340109	0	0.2318533418413723	0
0.00007360247304309424	0	0.22508137218003077	0
0.00007099247479767145	0	0.21852974924074425	0
0.00006856124232971101	0	0.21227369066885143	0
0.00006629101756711965	0	0.2062310098787358	0
0.00006416631909910488	0	0.20045847475554973	0
0.00006217358865953743	0	0.19489648806326315	0
0.000060300901498477405	0	0.18958469441944117	0
0.00005853772756541592	0	0.1844786708704106	0
0.00005687473339968719	0	0.1796039586578261	0
0.00005530361685654242	0	0.17494673606730893	0
0.00005381696849016495	0	0.17047798770079578	0
0.000052408154708872704	0	0.16620915290263596	0
0.00005107121881463701	0	0.16211719017561882	0
0.000049800796812749006	0	0.1582070191182226	0
0.000048592045482154574	0	0.1544678892011605	0
0.000047440580672707434	0	0.15088990446468684	0
0.00004634242417220845	0	0.14745867055102008	0
0.00004529395778603135	0	0.14417288854648247	0
0.000044291883512346366	0	0.1410241609916077	0
0.00004333318888937037	0	0.13800180426283915	0
0.000042415116747608854	0	0.13510493309348073	0
0.00004153513872736336	0	0.13232134276103874	0
0.00004069093202579805	0	0.12964741133523197	0
0.00003988035892323031	0	0.12707579523123122	0
0.00003910144870867466	0	0.12460366548397356	0
0.00003835238168290251	0	0.12222333819616549	0
0.000037631474965661276	0	0.11993108062590122	0
0.00003693716987404425	0	0.1177222199151516	0
0.00003626802067277178	0	0.11559239709707371	0
0.000035622684525505844	0	0.11353754139682835	0
0.00003499991250021875	0	0.1115535504736235	0
0.00003439854150184032	0	0.10963751681443316	0
0.000033817487022539354	0	0.10778554425480111	0
0.000033255736614566014	0	0.10599477667276298	0
0.00003271234400300954	0	0.10426225999888321	0
0.00003218642376645531	0	0.10258522377572922	0
0.00003167714652264124	0	0.10096106735972651	0
0.000031183734564051393	0	0.09938728159672114	0
0.00003070545789514086	0	0.0978617139701617	0
0.0000302416306287235	0	0.0963820778032847	0
0.000029791607704109755	0	0.09494639640752618	0
0.00002935478189397053	0	0.09355274557424663	0
0.000028930581070720805	0	0.0921993109803662	0
0.00002851846570654499	0	0.09088438053191084	0
0.000028117926584093688	0	0.0896063373352239	0
0.000027728482697426798	0	0.08836365323601729	0
0.000027349679325009916	0	0.08715487359822556	0
0.00002698108625853277	0	0.0859786508712372	0
0.000026622296173044928	0	0.08483367766443091	0
0.000026272923125426935	0	0.0837187211805487	0
0.00002593260116956031	0	0.08263262316830766	0
0.000025600983077750185	0	0.0815742774998482	0
0.00002527773915900962	0	0.08054263622322758	0
0.00002496255616575137	0	0.07953669581106965	0
0.000024655136281265793	0	0.07855551022686601	0
0.00002435519618110524	0	0.07759817523242933	0
0.00002406246616215696	0	0.07666383394629256	0
0.000023776689333777167	0	0.07575166594536019	0
0.00002349762086588733	0	0.07486089077167365	0
0.000023225027289407068	0	0.07399076363342867	0
0.000022958685844822242	0	0.07314057548097935	0
0.000022698383875068094	0	0.07230964735225613	0
0.0000224439182592497	0	0.07149733235610273	0
0.00002219509488403063	0	0.07070301096329551	0
0.000021951728149798592	0	0.06992609184985864	0
0.000021713640508967733	0	0.06916600850640804	0
0.000021480662034003892	0	0.0684222192839314	0
0.000021252630012964103	0	0.06769420533263892	0
0.00002102938857052731	0	0.06698146959966085	0
0.000020810788312661285	0	0.06628353569675738	0
0.00002059668599322369	0	0.06559994683783645	0
0.00002038694420093372	0	0.06493026484131352	0
0.00002018143106527684	0	0.06427406919274807	0
0.00001998001998001998	0	0.06363095616355478	0
0.000019782589343119124	0	0.06300053798191796	0
0.000019589022311896412	0	0.062382442052340656	0
0.000019399206572451187	0	0.0617763102099444	0
0.0000192130341223486	0	0.06118179807233015	0
0.00001903040106570246	0	0.06059857431530332	0
0.00001885120741983524	0	0.06002632010152916	0
0.000018675356932759377	0	0.059464728507363625	0
0.000018502756910779706	0	0.058913503934394235	0
0.000018333318055568287	0	0.0583723616292275	0
0.00001816695431010991	0	0.05784102716099169	0
0.00001800358271295988	0	0.05731923597970777	0
0.000017843123260295483	0	0.0568067329651918	0
0.00001768549877527921	0	0.056303272008092625	0
0.00001753063478428554	0	0.05580861562418883	0
0.000017378459399574228	0	0.05532253457390244	0
0.000017228903208021776	0	0.05484480750915474	0
0.000017081899165549226	0	0.05437522063713047	0
0.000016937382496908926	0	0.053913567396364555	0
0.000016795290600515617	0	0.05345964816877384	0
0.00001665556295802798	0	0.053013269963962543	0
0.00001651814104840641	0	0.052574246171029695	0
0.00001638296826619047	0	0.05214239628528845	0
0.000016249989843756348	0	0.05171754566287998	0
0.000016119152777330025	0	0.051299525284830595	0
0.000015990405756546073	0	0.05088817153234855	0
0.00001586369909735552	0	0.05048332597314904	0
0.000015738984678098415	0	0.05008483515714343	0
0.000015616215878568305	0	0.04969255042243255	0
0.000015495347521906546	0	0.04930632770992301	0
0.00001537633581917429	0	0.048926027386546306	0
0.00001525913831645927	0	0.048551514076670264	0
0.000015143713844383197	0	0.048182656500938184	0
0.000015030022469883593	0	0.04781932732258992	0
0.000014918025450151418	0	0.04746140300058586	0
0.00001480768518861289	0	0.04710876364916285	0
0.000014698965192850424	0	0.046761292903688564	0
0.00001459183003436376	0	0.04641887779234739	0
0.000014486245310078083	0	0.04608140861335232	0
0.00001438217760551125	0	0.04574877881752271	0
0.000014279594459517349	0	0.045420884895820995	0
0.000014178464330528361	0	0.045097626271721106	0
0.000014078756564220248	0	0.0447789051980763	0
0.000013980441362533814	0	0.04446462665834019	0
0.000013883489753984562	0	0.044154698271878116	0
0.000013787873565199407	0	0.04384903020319569	0
0.000013693565393621536	0	0.04354753507489989	0
0.000013600538581327821	0	0.043250127884199026	0
0.000013508767189906249	0	0.04295672592278598	0
0.000013418225976343668	0	0.04266724869994641	0
0.00001332889036987671	0	0.042381617868734484	0
0.000013240736449761336	0	0.04209975715508007	0
0.000013153740923918762	0	0.041821592289689805	0
0.000013067881108417675	0	0.041547050942616764	0
0.000012983134907754826	0	0.04127606266037402	0
0.000012899480795897966	0	0.04100855880548076	0
0.00001281689779805696	0	0.040744472498329944	0
0.000012735365473150666	0	0.04048373856127518	0
0.000012654863896938789	0	0.04022629346483776	0
0.00001257537364578945	0	0.03997207527594123	0
0.000012496875781054736	0	0.03972102360808496	0
0.000012419351834027782	0	0.03947307957337183	0
0.000012342783791456325	0	0.03922818573631096	0
0.000012267154081588844	0	0.03898628606931848	0
0.000012192445560730571	0	0.03874732590984456	0
0.000012118641500287818	0	0.03851125191905747	0
0.000012045725574279967	0	0.03827801204201922	0
0.000011973681847299637	0	0.038047555469290215	0
0.000011902494762902306	0	0.03781983259990375	0
0.000011832149132407666	0	0.03759479500565313	0
0.000011762630124095748	0	0.037372395396638156	0
0.000011693923252781692	0	0.03715258758801874	0
0.000011626014369753761	0	0.036935326467927	0
0.000011558889653059928	0	0.03672056796649124	0
0.000011492535598129017	0	0.03650826902592644	0
0.000011426939008713042	0	0.03629838757164926	0
0.000011362086988137982	0	0.0360908824843766	0
0.000011297966930850794	0	0.03588571357316874	0
0.000011234566514251047	0	0.035682841549380596	0
0.000011171873690796052	0	0.035482228001484414	0
0.000011109876680368848	0	0.035283835370731556	0
0.000011048563962898925	0	0.03508762692761939	0
0.000010987924271225922	0	0.034893566749133874	0
0.000010927946584197096	0	0.0347016196967371	0
0.000010868620119989567	0	0.03451175139507164	0
0.000010809934329648947	0	0.034323928211355464	0
0.000010751878890836173	0	0.03413811723544001	0
0.000010694443701774743	0	0.03395428626050823	0
0.000010637618875390933	0	0.03377240376438736	0
0.000010581394733639842	0	0.03359243889145455	0
0.00001052576180201042	0	0.03341436143511346	0
0.000010470710804202943	0	0.03323814182082037	0
0.000010416232656972626	0	0.03306375108964063	0
0.00001036231846513339	0	0.03289116088231526	0
0.000010308959516715978	0	0.032720343423820394	0
0.000010256147278274916	0	0.03255127150840068	0
0.000010203873390338972	0	0.0323839184850612	0
0.000010152129663000055	0	0.03221825824349981	0
0.00001010090807163564	0	0.03205426520046636	0
0.000010050200752760036	0	0.03189191428653188	0
0.00001	0	0.03173118093325508	0