10.	0	7.1642602332504435	0
1.6680567139282734	0	1.210827758176503	0
0.9099181073703367	0	0.7528597318776499	0
0.6255864873318737	0	0.6015528084130018	0
0.47664442326024786	0	0.5303155242128025	0
0.3849855630413859	0	0.5104222450942818	0
0.32289312237649337	0	0.46665092102292677	0
0.27804810232170163	0	0.46158037521722667	0
0.244140625	0	0.4994826707304374	0
0.2176041780002176	0	0.1854922694718577	0
0.19627085377821396	0	0.2888887834710143	0
0.17874698364465097	0	0.15665204366781446	0
0.16409583196586805	0	0.2905167407787985	0
0.1516645180859938	0	0.3605538387109893	0
0.1409840688002256	0	0.24031446355790703	0
0.1317089232795522	0	0.3972815524461665	0
0.12357884330202669	0	0.4907382374579364	0
0.11639411045801082	0	0.39159242960172924	0
0.10999890001099988	0	0.3743135846260169	0
0.10426985037276472	0	0.45613624337925646	0
0.09910802775024777	0	0.45334411947154	0
0.09443316492752254	0	0.455535812949768	0
0.09017945711966815	0	0.4573605867708941	0
0.08629244509643182	0	0.4589387844726342	0
0.0827266710787558	0	0.460037406729738	0
0.07944389275074479	0	0.4609044484766853	0
0.07641170627340109	0	0.4613939607639331	0
0.07360247304309424	0	0.46169541709964473	0
0.07099247479767144	0	0.461805209306926	0
0.068561242329711	0	0.4616997884619786	0
0.06629101756711966	0	0.46142073319598165	0
0.06416631909910488	0	0.46100822239865114	0
0.062173588659537427	0	0.46047613008750904	0
0.0603009014984774	0	0.45984183903569803	0
0.05853772756541592	0	0.4591375477751296	0
0.05687473339968719	0	0.4583606286953879	0
0.05530361685654242	0	0.45755657775227704	0
0.05381696849016495	0	0.45666249770817047	0
0.0524081547088727	0	0.4558156100746526	0
0.051071218814637005	0	0.45489305447078143	0
0.049800796812749	0	0.45400065534685485	0
0.048592045482154574	0	0.453097011733296	0
0.047440580672707434	0	0.452246338755919	0
0.04634242417220845	0	0.4513417051511437	0
0.04529395778603135	0	0.4505044512617189	0
0.044291883512346364	0	0.4496828149550344	0
0.04333318888937037	0	0.448938598514784	0
0.04241511674760885	0	0.4482180246290704	0
0.041535138727363356	0	0.4474729207727781	0
0.04069093202579804	0	0.44686448058134864	0
0.0398803589232303	0	0.4462398461410442	0
0.03910144870867466	0	0.44565546407242485	0
0.03835238168290251	0	0.44515489463171926	0
0.03763147496566128	0	0.4446942246943107	0
0.036937169874044246	0	0.4442761143790806	0
0.03626802067277178	0	0.44390313335320475	0
0.03562268452550584	0	0.4435777433858024	0
0.03499991250021875	0	0.4433196008242899	0
0.03439854150184032	0	0.4430908525926613	0
0.03381748702253935	0	0.44292291528202127	0
0.03325573661456602	0	0.44279972469544226	0
0.03271234400300954	0	0.4427224284626068	0
0.03218642376645531	0	0.44269205593955124	0
0.03167714652264124	0	0.4426954410828881	0
0.031183734564051394	0	0.44275577337094285	0
0.030705457895140863	0	0.4428403527609539	0
0.0302416306287235	0	0.4429935855869044	0
0.029791607704109754	0	0.4431607822681286	0
0.029354781893970526	0	0.44336694071931854	0
0.028930581070720805	0	0.44361206860215624	0
0.02851846570654499	0	0.44389607873593634	0
0.028117926584093688	0	0.44421878595302106	0
0.027728482697426796	0	0.44457990494472216	0
0.027349679325009913	0	0.44491261229554846	0
0.02698108625853277	0	0.4453442185633705	0
0.026622296173044926	0	0.44573705452960943	0
0.026272923125426933	0	0.4462371031085108	0
0.025932601169560313	0	0.44668798420453193	0
0.025600983077750182	0	0.447164913379681	0
0.02527773915900962	0	0.44766726358470776	0
0.02496255616575137	0	0.44819435541766334	0
0.024655136281265793	0	0.4487454574086841	0
0.024355196181105238	0	0.44931978747231194	0
0.02406246616215696	0	0.44991651414898653	0
0.023776689333777166	0	0.45053475817950533	0
0.023497620865887327	0	0.4510602705823512	0
0.023225027289407067	0	0.45171570173746967	0
0.022958685844822243	0	0.4523899089758017	0
0.022698383875068093	0	0.45296037917072907	0
0.0224439182592497	0	0.45366642558405673	0
0.02219509488403063	0	0.4542621947196062	0
0.021951728149798594	0	0.4548684827507127	0
0.021713640508967732	0	0.4556141727035219	0
0.02148066203400389	0	0.4562410125782994	0
0.0212526300129641	0	0.45687614090436074	0
0.021029388570527312	0	0.45751883801682103	0
0.020810788312661286	0	0.4581683769943801	0
0.020596685993223687	0	0.45882402510758213	0
0.02038694420093372	0	0.4594850453294929	0
0.02018143106527684	0	0.4601506978607144	0
0.01998001998001998	0	0.4608202416766501	0
0.019782589343119123	0	0.4613541403811929	0
0.01958902231189641	0	0.462028934650281	0
0.019399206572451186	0	0.4627055481297822	0
0.0192130341223486	0	0.4633832495958913	0
0.01903040106570246	0	0.4639220899253034	0
0.01885120741983524	0	0.4646000245133402	0
0.018675356932759377	0	0.4651383139023342	0
0.018502756910779707	0	0.46581417027754785	0
0.018333318055568287	0	0.4663500713687178	0
0.018166954310109912	0	0.46702160439152984	0
0.01800358271295988	0	0.46755334026351986	0
0.017843123260295482	0	0.46808271598874135	0
0.01768549877527921	0	0.46874422524399467	0
0.01753063478428554	0	0.46926701828340117	0
0.017378459399574227	0	0.4697863765499469	0
0.017228903208021777	0	0.4703020169077428	0
0.017081899165549225	0	0.4708136407949302	0
0.016937382496908928	0	0.4713209586530273	0
0.016795290600515617	0	0.47182369022725973	0
0.016655562958027982	0	0.4723215648472072	0
0.01651814104840641	0	0.4728143216875698	0
0.01638296826619047	0	0.4733017100083132	0
0.01624998984375635	0	0.4737834893735667	0
0.016119152777330024	0	0.4742594298492386	0
0.01599040575654607	0	0.47472931217851705	0
0.015863699097355518	0	0.47519292793550777	0
0.015738984678098415	0	0.4756500796563107	0
0.015616215878568304	0	0.4761005809481793	0
0.015495347521906545	0	0.47643149682135477	0
0.01537633581917429	0	0.4768700006892461	0
0.015259138316459269	0	0.477301397633885	0
0.015143713844383198	0	0.4776178669887382	0
0.015030022469883593	0	0.47803653756979336	0
0.014918025450151418	0	0.47844773026963505	0
0.01480768518861289	0	0.47874897063407773	0
0.014698965192850423	0	0.4791468581351457	0
0.014591830034363758	0	0.47943809775099405	0
0.014486245310078081	0	0.4798223881928032	0
0.01438217760551125	0	0.4801034253532884	0
0.01427959445951735	0	0.48047388622079107	0
0.014178464330528362	0	0.48074456365274293	0
0.014078756564220248	0	0.48110102056191034	0
0.013980441362533813	0	0.48136122437463685	0
0.013883489753984561	0	0.48161693655883014	0
0.013787873565199407	0	0.4819532179847262	0
0.013693565393621536	0	0.48219836542872146	0
0.01360053858132782	0	0.48243899831224546	0
0.013508767189906248	0	0.4827550190449994	0
0.013418225976343668	0	0.4829850778357542	0
0.013328890369876709	0	0.48321063328215363	0
0.013240736449761335	0	0.4834316947333908	0
0.013153740923918762	0	0.48364827435472457	0
0.013067881108417676	0	0.48393209519286967	0
0.012983134907754825	0	0.48413824162189745	0
0.012899480795897965	0	0.4843399671543702	0
0.012816897798056958	0	0.4845372952937085	0
0.012735365473150666	0	0.48473025196730407	0
0.01265486389693879	0	0.48491886544885787	0
0.012575373645789449	0	0.48510316627954897	0
0.012496875781054736	0	0.48528318718857705	0
0.012419351834027783	0	0.4854589630128936	0
0.012342783791456325	0	0.48563053061628625	0
0.012267154081588842	0	0.48579792880807887	0
0.012192445560730571	0	0.48596119826122897	0
0.012118641500287818	0	0.4861203814304724	0
0.012045725574279968	0	0.48627552247002254	0
0.011973681847299637	0	0.48642666715136285	0
0.011902494762902305	0	0.48657386278114145	0
0.011832149132407665	0	0.48666833144572513	0
0.011762630124095747	0	0.4868090804032465	0
0.011693923252781692	0	0.48694601274232796	0
0.011626014369753761	0	0.4870791807176232	0
0.011558889653059928	0	0.48720863773664136	0
0.011492535598129017	0	0.4873344382824476	0
0.011426939008713041	0	0.48741495707829047	0
0.011362086988137982	0	0.4875348099371032	0
0.011297966930850794	0	0.48765115576198986	0
0.011234566514251048	0	0.487725522170072	0
0.011171873690796051	0	0.48783617288307557	0
0.01110987668036885	0	0.48794347169184954	0
0.011048563962898925	0	0.48804747811206795	0
0.010987924271225922	0	0.48811382077310117	0
0.010927946584197096	0	0.4882124929350218	0
0.010868620119989566	0	0.4882753737274904	0
0.010809934329648947	0	0.488368878792681	0
0.010751878890836173	0	0.48845935363596854	0
0.010694443701774744	0	0.48851691473774667	0
0.010637618875390933	0	0.4886024933571178	0
0.01058139473363984	0	0.4886568817451235	0
0.01052576180201042	0	0.48873773417630734	0
0.010470710804202941	0	0.48878906188312177	0
0.010416232656972627	0	0.48886535837562084	0
0.010362318465133389	0	0.48891373749359507	0
0.010308959516715979	0	0.4889856480467904	0
0.010256147278274917	0	0.48903119042066723	0
0.010203873390338973	0	0.4890988843412822	0
0.010152129663000053	0	0.48914170127689094	0
0.01010090807163564	0	0.4892053467600929	0
0.010050200752760037	0	0.4892455487493922	0
0.01	0	0.48930531248419595	0