0.01	0	429.7185759076727	0
0.0016680567139282735	0	11.975486623383164	0
0.0009099181073703368	0	3.573337274484657	0
0.0006255864873318737	0	1.696675728465899	0
0.00047664442326024784	0	0.9935877971436505	0
0.00038498556304138594	0	0.6601871236807167	0
0.00032289312237649337	0	0.4746827358625939	0
0.00027804810232170165	0	0.3608326740194878	0
0.000244140625	0	0.28592850598289404	0
0.0002176041780002176	0	0.23393323097526714	0
0.00019627085377821394	0	0.19608618453132776	0
0.00017874698364465097	0	0.16785189410806242	0
0.00016409583196586806	0	0.1458937918117599	0
0.0001516645180859938	0	0.128493769418101	0
0.00014098406880022558	0	0.11435392576198207	0
0.0001317089232795522	0	0.10269174532067492	0
0.00012357884330202668	0	0.09288454766021911	0
0.00011639411045801082	0	0.08449396612372491	0
0.00010999890001099989	0	0.07720817091469659	0
0.00010426985037276472	0	0.07086180246461281	0
0.00009910802775024777	0	0.06522004770615047	0
0.00009443316492752255	0	0.060254613966096396	0
0.00009017945711966815	0	0.05576560236910803	0
0.00008629244509643182	0	0.05172368440946279	0
0.00008272667107875579	0	0.04806640440811151	0
0.00007944389275074478	0	0.04476792298072032	0
0.00007641170627340109	0	0.04175740073530966	0
0.00007360247304309424	0	0.03900359816004624	0
0.00007099247479767145	0	0.03648023387639627	0
0.00006856124232971101	0	0.03417614118971536	0
0.00006629101756711965	0	0.03205621192811253	0
0.00006416631909910488	0	0.030111661477825555	0
0.00006217358865953743	0	0.02831701826527285	0
0.000060300901498477405	0	0.026664696208587375	0
0.00005853772756541592	0	0.025135769685617086	0
0.00005687473339968719	0	0.023723459572168586	0
0.00005530361685654242	0	0.022416315128456647	0
0.00005381696849016495	0	0.021201983232426093	0
0.000052408154708872704	0	0.020074882309462527	0
0.00005107121881463701	0	0.01902544196283307	0
0.000049800796812749006	0	0.018048724323923963	0
0.000048592045482154574	0	0.01713828811340638	0
0.000047440580672707434	0	0.016288410893106335	0
0.00004634242417220845	0	0.01549330319981687	0
0.00004529395778603135	0	0.01474935681150713	0
0.000044291883512346366	0	0.014052416333272399	0
0.00004333318888937037	0	0.013398379229866175	0
0.000042415116747608854	0	0.012784720343186942	0
0.00004153513872736336	0	0.012207710394704965	0
0.00004069093202579805	0	0.011664967521834699	0
0.00003988035892323031	0	0.011153830679699318	0
0.00003910144870867466	0	0.010672406148248118	0
0.00003835238168290251	0	0.010218324329854946	0
0.000037631474965661276	0	0.009789869535950395	0
0.00003693716987404425	0	0.0093853246967947	0
0.00003626802067277178	0	0.009003120304345863	0
0.000035622684525505844	0	0.008641818333144879	0
0.00003499991250021875	0	0.00830005740121013	0
0.00003439854150184032	0	0.007976711429424063	0
0.000033817487022539354	0	0.007670581886766406	0
0.000033255736614566014	0	0.007380669626536877	0
0.00003271234400300954	0	0.007106011666271373	0
0.00003218642376645531	0	0.006845714465949341	0
0.00003167714652264124	0	0.006598947302364194	0
0.000031183734564051393	0	0.006364926491796808	0
0.00003070545789514086	0	0.0061429519068531176	0
0.0000302416306287235	0	0.005932330069682979	0
0.000029791607704109755	0	0.0057324387192826285	0
0.00002935478189397053	0	0.005542685485481819	0
0.000028930581070720805	0	0.005362514615806167	0
0.00002851846570654499	0	0.005191404116630885	0
0.000028117926584093688	0	0.005028863200608315	0
0.000027728482697426798	0	0.004874430000515726	0
0.000027349679325009916	0	0.004727667878432912	0
0.00002698108625853277	0	0.004588170438188103	0
0.000026622296173044928	0	0.004455549017866165	0
0.000026272923125426935	0	0.004329437918491625	0
0.00002593260116956031	0	0.004209493948628147	0
0.000025600983077750185	0	0.004095391778256354	0
0.00002527773915900962	0	0.003986824572434263	0
0.00002496255616575137	0	0.0038835008839756074	0
0.000024655136281265793	0	0.0037851468465927387	0
0.00002435519618110524	0	0.00369150274873448	0
0.00002406246616215696	0	0.003602323863726312	0
0.000023776689333777167	0	0.0035173779148708973	0
0.00002349762086588733	0	0.0034364455429282768	0
0.000023225027289407068	0	0.0033593191650215046	0
0.000022958685844822242	0	0.003285802797879242	0
0.000022698383875068094	0	0.003215710597137883	0
0.0000224439182592497	0	0.0031488671327203352	0
0.00002219509488403063	0	0.0030851061366699703	0
0.000021951728149798592	0	0.003024270553340223	0
0.000021713640508967733	0	0.0029662115863140514	0
0.000021480662034003892	0	0.0029107885818716174	0
0.000021252630012964103	0	0.002857868400742404	0
0.00002102938857052731	0	0.0028073250537934205	0
0.000020810788312661285	0	0.002759039310109848	0
0.00002059668599322369	0	0.002712898326328471	0
0.00002038694420093372	0	0.00266879529604756	0
0.00002018143106527684	0	0.002626629118225517	0
0.00001998001998001998	0	0.002586304083554458	0
0.000019782589343119124	0	0.0025477295778596606	0
0.000019589022311896412	0	0.0025108198016339845	0
0.000019399206572451187	0	0.002475493501589657	0
0.0000192130341223486	0	0.002441673733755557	0
0.00001903040106570246	0	0.002409287604759275	0
0.00001885120741983524	0	0.002378266061601863	0
0.000018675356932759377	0	0.0023485436832333534	0
0.000018502756910779706	0	0.002320058468122995	0
0.000018333318055568287	0	0.0022927516583268453	0
0.00001816695431010991	0	0.0022665675508344247	0
0.00001800358271295988	0	0.0022414533370096698	0
0.000017843123260295483	0	0.002217358939900089	0
0.00001768549877527921	0	0.002194236863286005	0
0.00001753063478428554	0	0.0021720420532705996	0
0.000017378459399574228	0	0.0021507317623703412	0
0.000017228903208021776	0	0.002130265423971447	0
0.000017081899165549226	0	0.002110604533461449	0
0.000016937382496908926	0	0.0020917125261978634	0
0.000016795290600515617	0	0.002073554717683205	0
0.00001665556295802798	0	0.0020560981126634898	0
0.00001651814104840641	0	0.0020393114011020112	0
0.00001638296826619047	0	0.002023164824085822	0
0.000016249989843756348	0	0.002007630098833348	0
0.000016119152777330025	0	0.0019926803394298134	0
0.000015990405756546073	0	0.0019782899820029068	0
0.00001586369909735552	0	0.0019644347142628448	0
0.000015738984678098415	0	0.0019510914087020096	0
0.000015616215878568305	0	0.0019382380598668167	0
0.000015495347521906546	0	0.0019258537249878453	0
0.00001537633581917429	0	0.0019139184679621247	0
0.00001525913831645927	0	0.0019024133065209442	0
0.000015143713844383197	0	0.001891320162245833	0
0.000015030022469883593	0	0.0018806218134736251	0
0.000014918025450151418	0	0.0018703018507915982	0
0.00001480768518861289	0	0.001860344634962223	0
0.000014698965192850424	0	0.0018507352572306936	0
0.00001459183003436376	0	0.0018414595018095546	0
0.000014486245310078083	0	0.0018325038104089902	0
0.00001438217760551125	0	0.001823855248751272	0
0.000014279594459517349	0	0.0018155014748887097	0
0.000014178464330528361	0	0.0018074307092786652	0
0.000014078756564220248	0	0.001799631706468606	0
0.000013980441362533814	0	0.0017920937283338516	0
0.000013883489753984562	0	0.0017848065187564257	0
0.000013787873565199407	0	0.0017777602796706165	0
0.000013693565393621536	0	0.0017709456484025646	0
0.000013600538581327821	0	0.0017643536762192496	0
0.000013508767189906249	0	0.00175797580802499	0
0.000013418225976343668	0	0.0017518038631405943	0
0.00001332889036987671	0	0.0017458300171006764	0
0.000013240736449761336	0	0.0017400467844129824	0
0.000013153740923918762	0	0.0017344470022259233	0
0.000013067881108417675	0	0.0017290238148543577	0
0.000012983134907754826	0	0.0017237706591120235	0
0.000012899480795897966	0	0.0017186812504095244	0
0.00001281689779805696	0	0.0017137495695723403	0
0.000012735365473150666	0	0.00170896985034075	0
0.000012654863896938789	0	0.0017043365675126004	0
0.00001257537364578945	0	0.001699844425694018	0
0.000012496875781054736	0	0.0016954883486246161	0
0.000012419351834027782	0	0.0016912634690455011	0
0.000012342783791456325	0	0.001687165119080468	0
0.000012267154081588844	0	0.001683188821102375	0
0.000012192445560730571	0	0.0016793302790583673	0
0.000012118641500287818	0	0.0016755853702290831	0
0.000012045725574279967	0	0.0016719501373984379	0
0.000011973681847299637	0	0.0016684207814118988	0
0.000011902494762902306	0	0.0016649936541024454	0
0.000011832149132407666	0	0.0016616652515645655	0
0.000011762630124095748	0	0.001658432207757796	0
0.000011693923252781692	0	0.0016552912884223187	0
0.000011626014369753761	0	0.0016522393852901427	0
0.000011558889653059928	0	0.001649273510576319	0
0.000011492535598129017	0	0.0016463907917355057	0
0.000011426939008713042	0	0.0016435884664700228	0
0.000011362086988137982	0	0.0016408638779763249	0
0.000011297966930850794	0	0.001638214470417514	0
0.000011234566514251047	0	0.0016356377846102445	0
0.000011171873690796052	0	0.0016331314539149739	0
0.000011109876680368848	0	0.0016306932003191527	0
0.000011048563962898925	0	0.001628320830703499	0
0.000010987924271225922	0	0.0016260122332820558	0
0.000010927946584197096	0	0.0016237653742072263	0
0.000010868620119989567	0	0.0016215782943314638	0
0.000010809934329648947	0	0.0016194491061177528	0
0.000010751878890836173	0	0.0016173759906914238	0
0.000010694443701774743	0	0.001615357195026263	0
0.000010637618875390933	0	0.0016133910292582545	0
0.000010581394733639842	0	0.0016114758641206225	0
0.00001052576180201042	0	0.0016096101284942233	0
0.000010470710804202943	0	0.0016077923070676105	0
0.000010416232656972626	0	0.001606020938101422	0
0.00001036231846513339	0	0.0016042946112919997	0
0.000010308959516715978	0	0.0016026119657294542	0
0.000010256147278274916	0	0.0016009716879455838	0
0.000010203873390338972	0	0.0015993725100473543	0
0.000010152129663000055	0	0.0015978132079318206	0
0.00001010090807163564	0	0.0015962925995786181	0
0.000010050200752760036	0	0.0015948095434163267	0
0.00001	0	0.0015933629367592254	0