100.	0	461.06495133443394	0
16.680567139282733	0	13.95352649178714	0
9.099181073703368	0	4.185110822942082	0
6.255864873318736	0	1.981521137991622	0
4.7664442326024785	0	1.1523519746131419	0
3.849855630413859	0	0.7534478923131288	0
3.228931223764934	0	0.5314172389802415	0
2.7804810232170163	0	0.3952435742808262	0
2.44140625	0	0.3057376106909188	0
2.1760417800021763	0	0.24373705936028753	0
1.9627085377821394	0	0.19902241639480872	0
1.7874698364465098	0	0.16568824538703025	0
1.6409583196586803	0	0.1401616890055795	0
1.516645180859938	0	0.12017370550976193	0
1.4098406880022558	0	0.10422758806505662	0
1.317089232795522	0	0.09128084381771698	0
1.2357884330202669	0	0.08061395155100962	0
1.1639411045801082	0	0.0717307380695593	0
1.0999890001099988	0	0.06424074066599175	0
1.042698503727647	0	0.057869599124953444	0
0.9910802775024776	0	0.05240139610667144	0
0.9443316492752254	0	0.047663224072147924	0
0.9017945711966815	0	0.04353367201758528	0
0.8629244509643181	0	0.03991643563689631	0
0.8272667107875579	0	0.0368027651911298	0
0.7944389275074478	0	0.034024675691728914	0
0.7641170627340109	0	0.0314966061223801	0
0.7360247304309424	0	0.029244944631266274	0
0.7099247479767145	0	0.027269893225157046	0
0.68561242329711	0	0.025494483197503377	0
0.6629101756711966	0	0.02385647800192563	0
0.6416631909910488	0	0.022345500193397556	0
0.6217358865953743	0	0.02096642629204846	0
0.603009014984774	0	0.019729300200004	0
0.5853772756541592	0	0.018610368601578442	0
0.5687473339968719	0	0.017586467620949713	0
0.5530361685654241	0	0.01662343847399296	0
0.5381696849016495	0	0.015715723410497963	0
0.524081547088727	0	0.014863728842636547	0
0.5107121881463701	0	0.014076821310443239	0
0.49800796812749004	0	0.013357496040515325	0
0.4859204548215457	0	0.012706618668184438	0
0.47440580672707433	0	0.012105335955919172	0
0.4634242417220845	0	0.011550597306008424	0
0.45293957786031347	0	0.011014650722083628	0
0.44291883512346364	0	0.010494410621840986	0
0.43333188889370367	0	0.009997090156890195	0
0.4241511674760885	0	0.009525086888845695	0
0.4153513872736336	0	0.00908902015661923	0
0.4069093202579805	0	0.008695422397221281	0
0.3988035892323031	0	0.008345410241095768	0
0.3910144870867466	0	0.008032609359494753	0
0.3835238168290251	0	0.00773720067703567	0
0.37631474965661277	0	0.007453877522584864	0
0.36937169874044246	0	0.007172246076276065	0
0.36268020672771784	0	0.006886550680909066	0
0.35622684525505843	0	0.00659748029668492	0
0.3499991250021875	0	0.006314378630657412	0
0.3439854150184032	0	0.006044632120149263	0
0.33817487022539355	0	0.00579596510708798	0
0.3325573661456601	0	0.005577905504131404	0
0.3271234400300954	0	0.0053911670024104665	0
0.3218642376645531	0	0.005227166547666832	0
0.31677146522641236	0	0.005090779307192677	0
0.3118373456405139	0	0.004967451777173532	0
0.3070545789514086	0	0.0048404987894285455	0
0.302416306287235	0	0.004713513668600122	0
0.2979160770410975	0	0.004573367732869192	0
0.2935478189397053	0	0.004424827238055277	0
0.289305810707208	0	0.004270872023254087	0
0.2851846570654499	0	0.004117415640758885	0
0.2811792658409369	0	0.003972114953164353	0
0.277284826974268	0	0.00384368221933017	0
0.2734967932500991	0	0.003733896201005512	0
0.2698108625853277	0	0.0036490678315009672	0
0.26622296173044924	0	0.003581789880359451	0
0.26272923125426934	0	0.003530499914765992	0
0.2593260116956031	0	0.0034977024981136797	0
0.25600983077750183	0	0.003458325773356229	0
0.2527773915900962	0	0.003412029690085415	0
0.2496255616575137	0	0.0033509797502008463	0
0.24655136281265794	0	0.003268997334670311	0
0.24355196181105238	0	0.003162397090859921	0
0.2406246616215696	0	0.0030304981254937035	0
0.23776689333777165	0	0.002875652820269848	0
0.23497620865887328	0	0.0027228534138366432	0
0.23225027289407066	0	0.002541451951577691	0
0.22958685844822244	0	0.002357210328970605	0
0.22698383875068093	0	0.0021995822211464612	0
0.224439182592497	0	0.0020530170006624188	0
0.2219509488403063	0	0.0019095057233478037	0
0.2195172814979859	0	0.001805060585221004	0
0.21713640508967733	0	0.001726031833415789	0
0.21480662034003892	0	0.0016766064834347408	0
0.21252630012964102	0	0.0016570300493578282	0
0.21029388570527313	0	0.0016619496871917705	0
0.20810788312661285	0	0.0016869519938044492	0
0.20596685993223687	0	0.0017259148810593822	0
0.2038694420093372	0	0.0017715458026416626	0
0.2018143106527684	0	0.0018160328024575672	0
0.1998001998001998	0	0.001851937975086878	0
0.19782589343119122	0	0.001862854122913591	0
0.1958902231189641	0	0.0018686988669575112	0
0.19399206572451186	0	0.0018528260120882387	0
0.192130341223486	0	0.0018172873582252768	0
0.1903040106570246	0	0.0017623305465526622	0
0.1885120741983524	0	0.0016893470603748862	0
0.18675356932759377	0	0.001615165625649921	0
0.18502756910779705	0	0.0015234953294753998	0
0.18333318055568287	0	0.001443266539927562	0
0.18166954310109912	0	0.0013665014137701098	0
0.18003582712959879	0	0.0012881081430028468	0
0.17843123260295482	0	0.0012323550841540137	0
0.1768549877527921	0	0.0011912798067110137	0
0.1753063478428554	0	0.0011707360118315565	0
0.17378459399574225	0	0.0011698479393482196	0
0.17228903208021779	0	0.001188279745594804	0
0.17081899165549225	0	0.0012249480554624235	0
0.16937382496908926	0	0.001278312955321819	0
0.16795290600515617	0	0.0013449979667505896	0
0.1665556295802798	0	0.0014215514761716397	0
0.1651814104840641	0	0.001503225163688919	0
0.1638296826619047	0	0.0015849128079743519	0
0.16249989843756346	0	0.0016619445172379806	0
0.16119152777330026	0	0.00172964991229226	0
0.15990405756546072	0	0.0017839226274010847	0
0.1586369909735552	0	0.0018220010887167908	0
0.15738984678098414	0	0.001841492101897115	0
0.15616215878568304	0	0.0018396181188561303	0
0.15495347521906547	0	0.0018260197881547063	0
0.1537633581917429	0	0.00179479007363991	0
0.1525913831645927	0	0.001747750036452973	0
0.15143713844383197	0	0.0017001679604723202	0
0.15030022469883592	0	0.0016328665757700629	0
0.14918025450151418	0	0.0015597069786592666	0
0.1480768518861289	0	0.0014993829278716166	0
0.14698965192850424	0	0.0014260746875869534	0
0.1459183003436376	0	0.0013701714969618507	0
0.14486245310078083	0	0.001308210611393776	0
0.1438217760551125	0	0.001266602529628333	0
0.14279594459517347	0	0.001227972890612409	0
0.14178464330528362	0	0.0012071693795674882	0
0.1407875656422025	0	0.0011964152222555752	0
0.13980441362533813	0	0.0012032432568348489	0
0.13883489753984563	0	0.001218956486096373	0
0.13787873565199407	0	0.001259545589268225	0
0.13693565393621537	0	0.0012980634150932175	0
0.1360053858132782	0	0.0013458221995633092	0
0.13508767189906248	0	0.0014007326886720695	0
0.13418225976343667	0	0.0014856809305688736	0
0.13328890369876709	0	0.0015499562139483104	0
0.13240736449761337	0	0.0016154286826673024	0
0.1315374092391876	0	0.0016799961947942463	0
0.13067881108417675	0	0.0017408798817927858	0
0.12983134907754826	0	0.0018184182447971268	0
0.12899480795897966	0	0.0018662342048419987	0
0.1281689779805696	0	0.0019055523763608373	0
0.12735365473150664	0	0.0019353404392244574	0
0.1265486389693879	0	0.0019559061103265538	0
0.1257537364578945	0	0.0019662843890313167	0
0.12496875781054737	0	0.001965112955666532	0
0.12419351834027782	0	0.0019562617282176207	0
0.12342783791456326	0	0.001939154646892582	0
0.12267154081588842	0	0.0019113506597614148	0
0.12192445560730572	0	0.001879152164623247	0
0.12118641500287818	0	0.001840995284241908	0
0.12045725574279967	0	0.0017962145579366305	0
0.11973681847299636	0	0.0017495871914396132	0
0.11902494762902306	0	0.0017032123761023322	0
0.11832149132407666	0	0.0016690409638346754	0
0.11762630124095748	0	0.0016236924962827238	0
0.11693923252781692	0	0.0015785129392725961	0
0.11626014369753761	0	0.0015380392763750259	0
0.11558889653059928	0	0.0015012552372088135	0
0.11492535598129015	0	0.0014785925879203213	0
0.11426939008713041	0	0.0014523964871300213	0
0.11362086988137982	0	0.0014330504010157414	0
0.11297966930850793	0	0.001421943483796502	0
0.11234566514251047	0	0.0014142201908478077	0
0.11171873690796051	0	0.001418404976450082	0
0.11109876680368848	0	0.0014254600822362453	0
0.11048563962898923	0	0.0014327636423777587	0
0.10987924271225923	0	0.001453909355751566	0
0.10927946584197096	0	0.001476964721075734	0
0.10868620119989567	0	0.0014971693541355581	0
0.10809934329648947	0	0.001527848424308001	0
0.10751878890836172	0	0.0015615102033569891	0
0.10694443701774743	0	0.0015871685950906806	0
0.10637618875390933	0	0.0016182887406372326	0
0.10581394733639841	0	0.0016442754369623953	0
0.1052576180201042	0	0.0016785138933245716	0
0.10470710804202943	0	0.0016968121395981252	0
0.10416232656972625	0	0.001729172622716767	0
0.10362318465133388	0	0.0017407498171618347	0
0.10308959516715979	0	0.0017639052084466194	0
0.10256147278274916	0	0.0017729446845744065	0
0.10203873390338973	0	0.0017864621640412308	0
0.10152129663000055	0	0.0017849169276012015	0
0.1010090807163564	0	0.0017878023205888508	0
0.10050200752760037	0	0.0017847770127366158	0
0.1	0	0.00007636312785523152	0