1.2129458308219911e-27
1.2467978835105898e-27
1.2810969263315204e-27
1.3156641632318498e-27
1.3495460152626039e-27
1.3797029495239258e-27
1.4001750975847245e-27
1.4048535943031312e-27
1.3927848607301714e-27
1.3705843508243562e-27
1.3481454461812974e-27
1.3317260086536408e-27
1.3205512553453448e-27
1.3083335250616075e-27
1.2748390644788745e-27
1.2079842403531075e-27
1.0437749654054643e-27
8.372208252549172e-28
7.353368744254113e-28
7.217334747314453e-28
7.054630339145661e-28
6.8811236694455145e-28
6.764384746551513e-28
6.710000947117806e-28
6.712980881333351e-28
6.750230059027671e-28
6.800441950559617e-28
6.870768398046493e-28
6.9625503718853005e-28
7.074446901679039e-28
7.19885915517807e-28
7.334148168563844e-28
7.476440027356149e-28
7.623201787471772e-28
7.771602511405946e-28
7.910914435982705e-28
8.033091738820077e-28
8.13202555477619e-28
8.206821903586388e-28
8.254202857613564e-28
8.285194173455236e-28
8.312460571527481e-28
8.351646706461908e-28
8.4133313447237e-28
8.497961476445197e-28
8.604494124650956e-28
8.729055374860763e-28
8.866728335618971e-28
9.0154270529747e-28
9.169042661786078e-28
9.327426165342332e-28