3.757482126355172e-28
3.862971797585488e-28
3.9697279408574107e-28
4.077303566038608e-28
4.18249524384737e-28
4.276065178215504e-28
4.339388780295849e-28
4.3536179661750795e-28
4.315847299993039e-28
4.2467128261923795e-28
4.176833368837833e-28
4.125652998685837e-28
4.0906387716531755e-28
4.052234869450331e-28
3.948048919439316e-28
3.7401612587273122e-28
3.230406261980534e-28
2.5919553562998773e-28
2.2768645621836185e-28
2.2341025061905384e-28
2.183257378637791e-28
2.129208821803332e-28
2.093077119439841e-28
2.076165992766619e-28
2.0762032419443134e-28
2.0878249853849414e-28
2.1032757783308624e-28
2.125217716246844e-28
2.1537161585316064e-28
2.1882495650649075e-28
2.227104304023088e-28
2.2696470766887067e-28
2.314276009835303e-28
2.360320551879704e-28
2.4065141053870324e-28
2.4499881996959454e-28
2.488358651399613e-28
2.5192412770912048e-28
2.5420383574504377e-28
2.5570575196576104e-28
2.566620155668134e-28
2.5752980361175295e-28
2.587265009917319e-28
2.6060032013803727e-28
2.6320429545268417e-28
2.6649372349679475e-28
2.7036057095974683e-28
2.746148482263088e-28
2.7918950013816357e-28
2.839504163786769e-28
2.8888642108812924e-28