7.2398871697485465e-28
7.5401452675461785e-28
7.848748007267716e-28
8.164205274283888e-28
8.479364518374205e-28
8.771575997173789e-28
8.997924409359694e-28
9.114749396294357e-28
9.11460038483143e-28
9.044564997255803e-28
8.973635540902616e-28
8.945621385872365e-28
8.955605153888463e-28
8.951283821463586e-28
8.771725008636716e-28
8.339442754685881e-28
7.152864475399257e-28
5.667890741601589e-28
5.020137912258507e-28
4.970219072178008e-28
4.90189731642604e-28
4.824262344241143e-28
4.785221340954305e-28
4.7920013625174775e-28
4.840206570774317e-28
4.914786807969213e-28
4.998680261597039e-28
5.099337504804134e-28
5.218993709534407e-28
5.354147106409074e-28
5.503829120919109e-28
5.663643914908172e-28
5.832622913867235e-28
6.006742808297278e-28
6.1842154606431745e-28
6.3563982060551665e-28
6.5158404713869125e-28
6.657997407019141e-28
6.777951634675267e-28
6.877342280447484e-28
6.961831779927017e-28
7.043937095999719e-28
7.138708386421204e-28
7.252627649828794e-28
7.391729850471021e-28
7.551619150191547e-28
7.729836859852077e-28
7.923253738731147e-28
8.126058339774612e-28
8.338548685908318e-28
8.556403444707397e-28