6.909230733513833e-29
7.195630765259266e-29
7.489779393076899e-29
7.790186502337458e-29
8.089997565746309e-29
8.367605921179058e-29
8.583970565348865e-29
8.694239047914745e-29
8.693344979137184e-29
8.627034878134729e-29
8.557893559336664e-29
8.528538301140073e-29
8.532859633564951e-29
8.526005106270315e-29
8.352704774886371e-29
7.938750930875542e-29
6.809542064815759e-29
5.405109026730062e-29
4.7882760759443044e-29
4.7344084320962436e-29
4.663180952817202e-29
4.583385314419866e-29
4.542332656383515e-29
4.5456854142993695e-29
4.58912225574255e-29
4.659530171975493e-29
4.739400316104294e-29
4.835363698229194e-29
4.9496554902940994e-29
5.078773922920227e-29
5.22167591586709e-29
5.374114642441271e-29
5.535419551059604e-29
5.70156733222306e-29
5.869577756673099e-29
6.034086411744357e-29
6.185482058078053e-29
6.320188420563937e-29
6.433437132388356e-29
6.525973250865937e-29
6.605694383531809e-29
6.681541218161583e-29
6.768563912510873e-29
6.873244465216996e-29
7.0013943233341e-29
7.149139188826086e-29
7.314392901211978e-29
7.494547759890558e-29
7.684239352196457e-29
7.883467678129675e-29
8.088209428191187e-29