1.190417528152466e-27
1.2236735939979554e-27
1.257376649975777e-27
1.2913479000329973e-27
1.3246337652206423e-27
1.3542245119810105e-27
1.3743390679359437e-27
1.3789579659700395e-27
1.3671276271343231e-27
1.34537410736084e-27
1.3233821928501132e-27
1.3072905480861667e-27
1.2963392898440364e-27
1.284345054626465e-27
1.2514763802289964e-27
1.1857837304472926e-27
1.024494791030884e-27
8.218592643737793e-28
7.21860121935606e-28
7.085100166499615e-28
6.925450190901757e-28
6.755295947194099e-28
6.640717476606369e-28
6.587525650858879e-28
6.589015617966652e-28
6.627307772636414e-28
6.676774680614471e-28
6.745909154415131e-28
6.836201161146165e-28
6.946160733699799e-28
7.068487033247948e-28
7.201392099261284e-28
7.341300010681153e-28
7.485379830002786e-28
7.631396606564522e-28
7.768175587058068e-28
7.888266935944557e-28
7.985487289726735e-28
8.057378202676774e-28
8.10580213367939e-28
8.136197462677957e-28
8.163165867328644e-28
8.201607018709183e-28
8.262397676706315e-28
8.345686838030815e-28
8.450431525707246e-28
8.572757825255395e-28
8.708046838641168e-28
8.85421261191368e-28
9.005295276641845e-28
9.16084784269333e-28