1.236308515071869e-27
1.270756554603577e-27
1.3056813836097718e-27
1.3408893063664437e-27
1.3753820449113847e-27
1.4060753673315049e-27
1.4269200071692468e-27
1.431673002243042e-27
1.4193658739328386e-27
1.3967183738946916e-27
1.3738324791193009e-27
1.3570554494857789e-27
1.3456572011113167e-27
1.3331861764192584e-27
1.2990212306380273e-27
1.2310042321681979e-27
1.0637703239917755e-27
8.531485736370085e-28
7.493053160607817e-28
7.354262724518777e-28
7.18842938542366e-28
7.0115702897310265e-28
6.8923729211092e-28
6.836797147989273e-28
6.839777082204819e-28
6.877473250031472e-28
6.92857912182808e-28
7.000172041356565e-28
7.093518480658531e-28
7.207351967692375e-28
7.3339991718530665e-28
7.471672132611276e-28
7.616496935486795e-28
7.765791639685631e-28
7.917023301124573e-28
8.0587191730737695e-28
8.182982429862021e-28
8.283704206347467e-28
8.359841525554656e-28
8.40796746313572e-28
8.439405769109726e-28
8.467268154025078e-28
8.506901279091836e-28
8.56962889432907e-28
8.65574899315834e-28
8.764218598604202e-28
8.890865802764892e-28
9.030922710895537e-28
9.182303369045258e-28
9.338749915361405e-28
9.499815359711646e-28