2.3346526682376865e-27
2.431619727611542e-27
2.531447523832321e-27
2.6337188661098477e-27
2.736169004440308e-27
2.8317056953907012e-27
2.9068596363067627e-27
2.9476847350597384e-27
2.951975840330124e-27
2.934334629774094e-27
2.9168126165866856e-27
2.9129387021064762e-27
2.9202097415924074e-27
2.923130077123642e-27
2.867643702030182e-27
2.7298813432455066e-27
2.348717957735062e-27
1.8630184799432753e-27
1.654303887486458e-27
1.648552614450455e-27
1.6318053841590883e-27
1.6067739367485047e-27
1.5898777097463608e-27
1.5880301505327226e-27
1.6018570452928545e-27
1.6230741769075396e-27
1.6474798381328585e-27
1.677815568447113e-27
1.7138429731130603e-27
1.7552938580513e-27
1.8018106311559678e-27
1.8513669371604922e-27
1.903575384616852e-27
1.9578101873397828e-27
2.0138925492763522e-27
2.068663740158081e-27
2.1197994112968444e-27
2.1656010001897818e-27
2.2053831219673163e-27
2.239711964130402e-27
2.269511306285858e-27
2.2988934576511388e-27
2.3318813294172292e-27
2.3708886682987215e-27
2.417584237456322e-27
2.4695244908332827e-27
2.5263816356658933e-27
2.586933898925781e-27
2.6503468990325926e-27
2.7169186294078826e-27
2.7847121328115467e-27