3.828628055751324e-28
3.9359056875109675e-28
4.044598788022996e-28
4.154111370444298e-28
4.261240005493164e-28
4.356448903679849e-28
4.420889981091023e-28
4.43534266203642e-28
4.396752513945104e-28
4.326277069747449e-28
4.255056641995908e-28
4.20275879651308e-28
4.167074084281921e-28
4.1278879493474955e-28
4.0216532945632935e-28
3.81022696197033e-28
3.291196919977665e-28
2.640379287302495e-28
2.3194031231105334e-28
2.2757843360304836e-28
2.2239707298576835e-28
2.1688791960477832e-28
2.132002510130406e-28
2.114718891680241e-28
2.114751484710724e-28
2.1265641301870354e-28
2.142242275886238e-28
2.164556742459536e-28
2.193502219133079e-28
2.228668924383819e-28
2.26819421492517e-28
2.311482044905424e-28
2.3568932882323863e-28
2.4037201404571535e-28
2.4507705098763115e-28
2.494989661499858e-28
2.534030664786697e-28
2.565472083464265e-28
2.5887431192285296e-28
2.6039170408993963e-28
2.6136027859896425e-28
2.622394462302328e-28
2.634576149396599e-28
2.653612363785506e-28
2.6800991513207566e-28
2.7135149718821054e-28
2.752891250960529e-28
2.7961418280750513e-28
2.842707910239697e-28
2.8911366356909275e-28
2.941353498697281e-28