1.2102902326732872e-28
1.2442242335528135e-28
1.2785865999758244e-28
1.3131910860538482e-28
1.3470692131668328e-28
1.3771479241549966e-28
1.3975418489426374e-28
1.402104873210192e-28
1.3899057675153015e-28
1.3676121346652507e-28
1.345113631337881e-28
1.3285749964416026e-28
1.3172698710113762e-28
1.3048845194280145e-28
1.2712857611477375e-28
1.2044421117752791e-28
1.0403781086206437e-28
8.344879050552848e-29
7.330560644939542e-29
7.193470099046828e-29
7.029482984095814e-29
6.855214078202844e-29
6.739506677240134e-29
6.684819470345975e-29
6.685415516197683e-29
6.7218488188833e-29
6.77132062457502e-29
6.841728540807963e-29
6.933072567582132e-29
7.043937095999719e-29
7.168734196200969e-29
7.305452213436366e-29
7.448950252234937e-29
7.597142152115702e-29
7.745781086385252e-29
7.885553838610651e-29
8.009084341377021e-29
8.108474987149239e-29
8.18253368422389e-29
8.229919329434635e-29
8.260615690797571e-29
8.288480834364893e-29
8.326925791800024e-29
8.386977411359551e-29
8.470647347792984e-29
8.576221969276668e-29
8.700497529357672e-29
8.837141040861607e-29
8.984066343307498e-29
9.136952104270461e-29
9.295798323750497e-29