6.955871321409941e-28
7.244804548025133e-28
7.541784393638374e-28
7.845320743620398e-28
8.148559070676567e-28
8.429743701219562e-28
8.649088574647906e-28
8.761592229157688e-28
8.761741240620615e-28
8.696474219858648e-28
8.628972027152776e-28
8.602447986751797e-28
8.610941640138626e-28
8.608408445268871e-28
8.43600218266249e-28
8.018621075004341e-28
6.874809085577727e-28
5.450408511459829e-28
4.827987630814316e-28
4.780154951214791e-28
4.714515401795508e-28
4.640084176063539e-28
4.60275680460036e-28
4.609685837626458e-28
4.656251919791105e-28
4.728298962116242e-28
4.809212186485529e-28
4.906367660313846e-28
5.021702532619239e-28
5.152087562680244e-28
5.2964051645249135e-28
5.450408511459829e-28
5.613427051901817e-28
5.781213959157468e-28
5.951310544088484e-28
6.118277888298037e-28
6.272057718038561e-28
6.409148263931276e-28
6.5247811591625235e-28
6.619701461046936e-28
6.702253811508418e-28
6.781602415516974e-28
6.873020948022604e-28
6.98299140766263e-28
7.117250735759736e-28
7.271477599889041e-28
7.443287816643716e-28
7.629850168228151e-28
7.825427713319662e-28
8.030243969112636e-28
8.240350131839516e-28