3.9023069292306904e-28
4.0115960165858268e-28
4.122226074337959e-28
4.233675613999367e-28
4.342815704643726e-28
4.43973806500435e-28
4.505371116101742e-28
4.5200472921133045e-28
4.480712160468102e-28
4.408746749162674e-28
4.33603635430336e-28
4.282695531845093e-28
4.246265836060047e-28
4.206334717571736e-28
4.097939610481262e-28
3.8827883601188663e-28
3.354222528636456e-28
2.6905911788344392e-28
2.3634316511452197e-28
2.318993382155895e-28
2.266136799007654e-28
2.2099650390446186e-28
2.1723433695733554e-28
2.1546872593462468e-28
2.154910754412413e-28
2.166644245386124e-28
2.1825871294736865e-28
2.2053113775700327e-28
2.2347411414980885e-28
2.270541145466268e-28
2.3107369875907897e-28
2.35480712775141e-28
2.40103793412447e-28
2.448721602261067e-28
2.496591534726322e-28
2.541592996530235e-28
2.581341804265976e-28
2.613304763063789e-28
2.6371838499978197e-28
2.652420272082091e-28
2.662255028635264e-28
2.671195716410876e-28
2.683563667833806e-28
2.702897905148566e-28
2.7298317270725963e-28
2.763843593485654e-28
2.8038904241472483e-28
2.8479605643078684e-28
2.89530895665288e-28
2.9445944980159407e-28
2.9957426826655867e-28