3.837552690505982e-27
3.9416715919971475e-27
4.04757845401764e-27
4.154796487092972e-27
4.260464954376222e-27
4.355405658483507e-27
4.421798592805862e-27
4.4406913757324225e-27
4.4085080862045295e-27
4.3446778953075416e-27
4.279298138618471e-27
4.231738388538361e-27
4.2001510858535775e-27
4.165226256847382e-27
4.0639084935188295e-27
3.858531427383423e-27
3.3530749857425695e-27
2.694747918844223e-27
2.367014753818512e-27
2.3277392208576204e-27
2.278123316168785e-27
2.22326272726059e-27
2.1826760232448583e-27
2.1622932732105257e-27
2.1618164837360385e-27
2.169236519932747e-27
2.1808582633733753e-27
2.1989464640617377e-27
2.2231733292341233e-27
2.2536580562591554e-27
2.288165694475174e-27
2.3261896550655368e-27
2.3665379643440245e-27
2.4084358394145966e-27
2.451644885540009e-27
2.4929467737674713e-27
2.5295403659343717e-27
2.559637701511383e-27
2.5824639976024628e-27
2.5986450403928753e-27
2.609640997648239e-27
2.619742974638939e-27
2.6333016753196714e-27
2.65344603061676e-27
2.6801462411880493e-27
2.7129851162433624e-27
2.7507110834121704e-27
2.7920129716396332e-27
2.8362351953983307e-27
2.8817089915275576e-27
2.9284343600273138e-27