7.046619302332402e-29
7.33853275820613e-29
7.638194810152054e-29
7.944264355003835e-29
8.249588842540982e-29
8.532561610639098e-29
8.752949564307929e-29
8.865304207354787e-29
8.864261127114298e-29
8.796460911482573e-29
8.725680466592312e-29
8.69543113961816e-29
8.701242586672307e-29
8.692599921822549e-29
8.515723315328362e-29
8.094467909634115e-29
6.943950404375793e-29
5.510907165408136e-29
4.8817062631994487e-29
4.826795539110899e-29
4.754003439471126e-29
4.672568674981595e-29
4.630621948167682e-29
4.6338256946206095e-29
4.6780075933784247e-29
4.749607601314783e-29
4.8309678600728514e-29
4.9285703682899485e-29
5.0449483208358293e-29
5.176450936868789e-29
5.321960630416871e-29
5.477156069055199e-29
5.641441206932069e-29
5.810643723085524e-29
5.981708882525564e-29
6.149272272586824e-29
6.303350125253201e-29
6.440589682608844e-29
6.555924554914238e-29
6.649950788021089e-29
6.731162035316229e-29
6.80827546738088e-29
6.896862782090905e-29
7.003405978083613e-29
7.133791008144617e-29
7.284143574237825e-29
7.452526527345184e-29
7.635959638208153e-29
7.828929482698441e-29
8.031734083741905e-29
8.240350131839515e-29