3.911395460367204e-27
4.0174215197563175e-27
4.125235539674759e-27
4.234360730648042e-27
4.34193635582924e-27
4.438665020465851e-27
4.5062499284744276e-27
4.525440704822541e-27
4.4926018297672276e-27
4.4274604678153995e-27
4.360709941387177e-27
4.312196612358095e-27
4.280013322830201e-27
4.244373309612275e-27
4.141029191017151e-27
3.931957006454469e-27
3.417203170061112e-27
2.7460027873516084e-27
2.4120117604732514e-27
2.371961444616318e-27
2.3213621616363527e-27
2.2654585957527165e-27
2.224037510156632e-27
2.2031779706478122e-27
2.2101808160543444e-27
2.2219813555479055e-27
2.240367549657822e-27
2.264981806278229e-27
2.296002921462059e-27
2.3310767471790318e-27
2.3697860926389698e-27
2.410819786787033e-27
2.4534626454114915e-27
2.497476273775101e-27
2.5394933462142943e-27
2.576742523908615e-27
2.6073166489601136e-27
2.6311561226844785e-27
2.6470093727111813e-27
2.658213925361633e-27
2.6684648990631103e-27
2.682202395796776e-27
2.7027341425418856e-27
2.729851543903351e-27
2.763256606459618e-27
2.801667958498001e-27
2.8436850309371946e-27
2.8886820375919346e-27
2.9349604159593585e-27
2.9824903666973114e-27