200    0.00177207    0.00177207    0.00177207    0.00177207    0.00262196    0.00262196 
199    0.0017689    0.0017689    0.0017689    0.0017689    0.00262215    0.00262215 
198    0.00176571    0.00176571    0.00176571    0.00176571    0.00262237    0.00262237 
197    0.00176248    0.00176248    0.00176248    0.00176248    0.00262259    0.00262259 
196    0.00175921    0.00175921    0.00175921    0.00175921    0.00262281    0.00262281 
195    0.0017559    0.0017559    0.0017559    0.0017559    0.00262304    0.00262304 
194    0.00175255    0.00175255    0.00175255    0.00175255    0.00262327    0.00262327 
193    0.00174916    0.00174916    0.00174916    0.00174916    0.0026235    0.0026235 
192    0.00174574    0.00174574    0.00174574    0.00174574    0.00262373    0.00262373 
191    0.00174227    0.00174227    0.00174227    0.00174227    0.00262397    0.00262397 
190    0.00173876    0.00173876    0.00173876    0.00173876    0.00262422    0.00262422 
189    0.00173521    0.00173521    0.00173521    0.00173521    0.00262446    0.00262446 
188    0.00173162    0.00173162    0.00173162    0.00173162    0.00262472    0.00262472 
187    0.00172798    0.00172798    0.00172798    0.00172798    0.00262497    0.00262497 
186    0.0017243    0.0017243    0.0017243    0.0017243    0.00262523    0.00262523 
185    0.00172058    0.00172058    0.00172058    0.00172058    0.00262549    0.00262549 
184    0.00171681    0.00171681    0.00171681    0.00171681    0.00262576    0.00262576 
183    0.00171299    0.00171299    0.00171299    0.00171299    0.00262603    0.00262603 
182    0.00170913    0.00170913    0.00170913    0.00170913    0.00262631    0.00262631 
181    0.00170522    0.00170522    0.00170522    0.00170522    0.00262659    0.00262659 
180    0.00170126    0.00170126    0.00170126    0.00170126    0.00262688    0.00262688 
179    0.00169725    0.00169725    0.00169725    0.00169725    0.00262717    0.00262717 
178    0.0016932    0.0016932    0.0016932    0.0016932    0.00262746    0.00262746 
177    0.00168909    0.00168909    0.00168909    0.00168909    0.00262776    0.00262776 
176    0.00168493    0.00168493    0.00168493    0.00168493    0.00262807    0.00262807 
175    0.00168072    0.00168072    0.00168072    0.00168072    0.00262838    0.00262838 
174    0.00167646    0.00167646    0.00167646    0.00167646    0.00262869    0.00262869 
173    0.00167214    0.00167214    0.00167214    0.00167214    0.00262901    0.00262901 
172    0.00166777    0.00166777    0.00166777    0.00166777    0.00262934    0.00262934 
171    0.00166334    0.00166334    0.00166334    0.00166334    0.00262967    0.00262967 
170    0.00165886    0.00165886    0.00165886    0.00165886    0.00263001    0.00263001 
169    0.00165432    0.00165432    0.00165432    0.00165432    0.00263035    0.00263035 
168    0.00164973    0.00164973    0.00164973    0.00164973    0.0026307    0.0026307 
167    0.00164507    0.00164507    0.00164507    0.00164507    0.00263106    0.00263106 
166    0.00164035    0.00164035    0.00164035    0.00164035    0.00263142    0.00263142 
165    0.00163558    0.00163558    0.00163558    0.00163558    0.00263179    0.00263179 
164    0.00163074    0.00163074    0.00163074    0.00163074    0.00263216    0.00263216 
163    0.00162584    0.00162584    0.00162584    0.00162584    0.00263255    0.00263255 
162    0.00162087    0.00162087    0.00162087    0.00162087    0.00263293    0.00263293 
161    0.00161584    0.00161584    0.00161584    0.00161584    0.00263333    0.00263333 
160    0.00161075    0.00161075    0.00161075    0.00161075    0.00263373    0.00263373 
159    0.00160558    0.00160558    0.00160558    0.00160558    0.00263414    0.00263414 
158    0.00160035    0.00160035    0.00160035    0.00160035    0.00263456    0.00263456 
157    0.00159505    0.00159505    0.00159505    0.00159505    0.00263499    0.00263499 
156    0.00158968    0.00158968    0.00158968    0.00158968    0.00263542    0.00263542 
155    0.00158424    0.00158424    0.00158424    0.00158424    0.00263586    0.00263586 
154    0.00157873    0.00157873    0.00157873    0.00157873    0.00263631    0.00263631 
153    0.00157314    0.00157314    0.00157314    0.00157314    0.00263677    0.00263677 
152    0.00156748    0.00156748    0.00156748    0.00156748    0.00263724    0.00263724 
151    0.00156174    0.00156174    0.00156174    0.00156174    0.00263771    0.00263771 
150    0.00155593    0.00155593    0.00155593    0.00155593    0.0026382    0.0026382 
149    0.00155003    0.00155003    0.00155003    0.00155003    0.00263869    0.00263869 
148    0.00154406    0.00154406    0.00154406    0.00154406    0.0026392    0.0026392 
147    0.001538    0.001538    0.001538    0.001538    0.00263971    0.00263971 
146    0.00153187    0.00153187    0.00153187    0.00153187    0.00264024    0.00264024 
145    0.00152564    0.00152564    0.00152564    0.00152564    0.00264077    0.00264077 
144    0.00151934    0.00151934    0.00151934    0.00151934    0.00264132    0.00264132 
143    0.00151295    0.00151295    0.00151295    0.00151295    0.00264188    0.00264188 
142    0.00150646    0.00150646    0.00150646    0.00150646    0.00264244    0.00264244 
141    0.00149989    0.00149989    0.00149989    0.00149989    0.00264302    0.00264302 
140    0.00149323    0.00149323    0.00149323    0.00149323    0.00264361    0.00264361 
139    0.00148648    0.00148648    0.00148648    0.00148648    0.00264422    0.00264422 
138    0.00147963    0.00147963    0.00147963    0.00147963    0.00264483    0.00264483 
137    0.00147269    0.00147269    0.00147269    0.00147269    0.00264546    0.00264546 
136    0.00146564    0.00146564    0.00146564    0.00146564    0.0026461    0.0026461 
135    0.00145851    0.00145851    0.00145851    0.00145851    0.00264676    0.00264676 
134    0.00145127    0.00145127    0.00145127    0.00145127    0.00264743    0.00264743 
133    0.00144392    0.00144392    0.00144392    0.00144392    0.00264811    0.00264811 
132    0.00143648    0.00143648    0.00143648    0.00143648    0.00264881    0.00264881 
131    0.00142893    0.00142893    0.00142893    0.00142893    0.00264952    0.00264952 
130    0.00142127    0.00142127    0.00142127    0.00142127    0.00265025    0.00265025 
129    0.0014135    0.00141351    0.0014135    0.00141351    0.002651    0.002651 
128    0.00140563    0.00140563    0.00140563    0.00140563    0.00265176    0.00265176 
127    0.00139764    0.00139764    0.00139764    0.00139764    0.00265254    0.00265254 
126    0.00138954    0.00138954    0.00138954    0.00138954    0.00265333    0.00265333 
125    0.00138132    0.00138132    0.00138132    0.00138132    0.00265414    0.00265414 
124    0.00137298    0.00137298    0.00137298    0.00137298    0.00265498    0.00265498 
123    0.00136453    0.00136453    0.00136453    0.00136453    0.00265583    0.00265583 
122    0.00135595    0.00135595    0.00135595    0.00135595    0.00265669    0.00265669 
121    0.00134725    0.00134725    0.00134725    0.00134725    0.00265758    0.00265758 
120    0.00133842    0.00133842    0.00133842    0.00133842    0.00265849    0.00265849 
119    0.00132947    0.00132947    0.00132947    0.00132947    0.00265942    0.00265942 
118    0.00132038    0.00132038    0.00132038    0.00132038    0.00266038    0.00266038 
117    0.00131117    0.00131117    0.00131117    0.00131117    0.00266135    0.00266135 
116    0.00130182    0.00130182    0.00130182    0.00130182    0.00266235    0.00266235 
115    0.00129234    0.00129234    0.00129234    0.00129234    0.00266337    0.00266337 
114    0.00128271    0.00128272    0.00128271    0.00128272    0.00266442    0.00266442 
113    0.00127295    0.00127295    0.00127295    0.00127295    0.00266549    0.00266549 
112    0.00126305    0.00126305    0.00126305    0.00126305    0.00266659    0.00266659 
111    0.00125301    0.00125301    0.00125301    0.00125301    0.00266771    0.00266771 
110    0.00124281    0.00124281    0.00124281    0.00124281    0.00266887    0.00266887 
109    0.00123247    0.00123248    0.00123247    0.00123248    0.00267005    0.00267005 
108    0.00122199    0.00122199    0.00122199    0.00122199    0.00267126    0.00267126 
107    0.00121134    0.00121134    0.00121134    0.00121134    0.0026725    0.0026725 
106    0.00120055    0.00120055    0.00120055    0.00120055    0.00267377    0.00267377 
105    0.0011896    0.0011896    0.0011896    0.0011896    0.00267508    0.00267508 
104    0.00117848    0.00117848    0.00117848    0.00117848    0.00267641    0.00267641 
103    0.00116721    0.00116721    0.00116721    0.00116721    0.00267778    0.00267778 
102    0.00115578    0.00115578    0.00115578    0.00115578    0.00267919    0.00267919 
101    0.00114418    0.00114418    0.00114418    0.00114418    0.00268064    0.00268064 
100    0.00113242    0.00113242    0.00113242    0.00113242    0.00268212    0.00268212 
99    0.00112048    0.00112048    0.00112048    0.00112048    0.00268364    0.00268364 
98    0.00110838    0.00110838    0.00110838    0.00110838    0.0026852    0.0026852 
97    0.0010961    0.0010961    0.0010961    0.0010961    0.00268681    0.00268681 
96    0.00108365    0.00108365    0.00108365    0.00108365    0.00268845    0.00268845 
95    0.00107102    0.00107102    0.00107102    0.00107102    0.00269014    0.00269014 
94    0.00105822    0.00105822    0.00105822    0.00105822    0.00269188    0.00269188 
93    0.00104523    0.00104523    0.00104523    0.00104523    0.00269367    0.00269367 
92    0.00103206    0.00103207    0.00103206    0.00103207    0.0026955    0.0026955 
91    0.00101872    0.00101872    0.00101872    0.00101872    0.00269739    0.00269739 
90    0.00100518    0.00100518    0.00100518    0.00100518    0.00269933    0.00269933 
89    0.000991464    0.000991465    0.000991464    0.000991465    0.00270132    0.00270132 
88    0.000977559    0.00097756    0.000977559    0.00097756    0.00270337    0.00270337 
87    0.000963467    0.000963468    0.000963467    0.000963468    0.00270547    0.00270547 
86    0.000949186    0.000949186    0.000949186    0.000949186    0.00270764    0.00270764 
85    0.000934716    0.000934716    0.000934716    0.000934716    0.00270987    0.00270987 
84    0.000920056    0.000920056    0.000920056    0.000920056    0.00271217    0.00271217 
83    0.000905206    0.000905206    0.000905206    0.000905206    0.00271453    0.00271453 
82    0.000890166    0.000890166    0.000890166    0.000890166    0.00271696    0.00271696 
81    0.000874935    0.000874936    0.000874935    0.000874936    0.00271946    0.00271946 
80    0.000859515    0.000859516    0.000859515    0.000859516    0.00272204    0.00272204 
79    0.000843907    0.000843908    0.000843907    0.000843908    0.0027247    0.0027247 
78    0.00082811    0.000828111    0.00082811    0.000828111    0.00272743    0.00272743 
77    0.000812126    0.000812127    0.000812126    0.000812127    0.00273025    0.00273025 
76    0.000795958    0.000795959    0.000795958    0.000795959    0.00273315    0.00273315 
75    0.000779606    0.000779607    0.000779606    0.000779607    0.00273614    0.00273614 
74    0.000763074    0.000763075    0.000763074    0.000763075    0.00273922    0.00273922 
73    0.000746365    0.000746366    0.000746365    0.000746366    0.0027424    0.0027424 
72    0.000729481    0.000729482    0.000729481    0.000729482    0.00274567    0.00274567 
71    0.000712427    0.000712428    0.000712427    0.000712428    0.00274905    0.00274905 
70    0.000695207    0.000695209    0.000695207    0.000695209    0.00275253    0.00275253 
69    0.000677827    0.000677829    0.000677827    0.000677829    0.00275612    0.00275612 
68    0.000660293    0.000660295    0.000660293    0.000660295    0.00275983    0.00275983 
67    0.00064261    0.000642612    0.00064261    0.000642612    0.00276365    0.00276365 
66    0.000624786    0.000624788    0.000624786    0.000624788    0.00276759    0.00276759 
65    0.000606829    0.000606832    0.000606829    0.000606832    0.00277166    0.00277166 
64    0.000588749    0.000588751    0.000588749    0.000588751    0.00277586    0.00277586 
63    0.000570554    0.000570557    0.000570554    0.000570557    0.00278019    0.00278019 
62    0.000552256    0.000552259    0.000552256    0.000552259    0.00278466    0.00278466 
61    0.000533867    0.00053387    0.000533867    0.00053387    0.00278928    0.00278928 
60    0.000515399    0.000515402    0.000515399    0.000515402    0.00279404    0.00279404 
59    0.000496867    0.00049687    0.000496867    0.00049687    0.00279895    0.00279895 
58    0.000478286    0.000478289    0.000478286    0.000478289    0.00280403    0.00280403 
57    0.000459672    0.000459676    0.000459672    0.000459676    0.00280926    0.00280926 
56    0.000441044    0.000441049    0.000441044    0.000441049    0.00281467    0.00281467 
55    0.000422422    0.000422426    0.000422422    0.000422426    0.00282025    0.00282025 
54    0.000403825    0.00040383    0.000403825    0.00040383    0.002826    0.002826 
53    0.000385276    0.000385282    0.000385276    0.000385282    0.00283194    0.00283194 
52    0.0003668    0.000366806    0.0003668    0.000366806    0.00283807    0.00283807 
51    0.000348421    0.000348428    0.000348421    0.000348428    0.0028444    0.0028444 
50    0.000330168    0.000330175    0.000330168    0.000330175    0.00285092    0.00285092 
49    0.000312068    0.000312076    0.000312068    0.000312076    0.00285764    0.00285764 
48    0.000294153    0.000294161    0.000294153    0.000294161    0.00286458    0.00286458 
47    0.000276454    0.000276463    0.000276454    0.000276463    0.00287172    0.00287172 
46    0.000259006    0.000259016    0.000259006    0.000259016    0.00287909    0.00287909 
45    0.000241844    0.000241855    0.000241844    0.000241855    0.00288667    0.00288667 
44    0.000225004    0.000225016    0.000225004    0.000225016    0.00289448    0.00289448 
43    0.000208524    0.000208538    0.000208524    0.000208538    0.00290251    0.00290251 
42    0.000192444    0.000192459    0.000192444    0.000192459    0.00291077    0.00291077 
41    0.000176804    0.000176821    0.000176804    0.000176821    0.00291926    0.00291926 
40    0.000161645    0.000161663    0.000161645    0.000161663    0.00292798    0.00292798 
39    0.000147006    0.000147027    0.000147006    0.000147027    0.00293693    0.00293693 
38    0.00013293    0.000132953    0.00013293    0.000132953    0.00294611    0.00294611 
37    0.000119456    0.000119481    0.000119456    0.000119481    0.00295552    0.00295552 
36    0.000106622    0.000106651    0.000106622    0.000106651    0.00296514    0.00296514 
35    9.44655e-05    9.44984e-05    9.44655e-05    9.44984e-05    0.00297499    0.00297499 
34    8.30208e-05    8.3058e-05    8.30208e-05    8.3058e-05    0.00298504    0.00298504 
33    7.23184e-05    7.23607e-05    7.23184e-05    7.23607e-05    0.00299529    0.00299529 
32    6.23845e-05    6.24327e-05    6.23845e-05    6.24327e-05    0.00300572    0.00300572 
31    5.324e-05    5.32951e-05    5.324e-05    5.32951e-05    0.00301634    0.00301634 
30    4.48995e-05    4.49628e-05    4.48995e-05    4.49628e-05    0.00302711    0.00302711 
29    3.73703e-05    3.74433e-05    3.73703e-05    3.74433e-05    0.00303802    0.00303802 
28    3.06514e-05    3.07361e-05    3.06514e-05    3.07361e-05    0.00304906    0.00304906 
27    2.47328e-05    2.48314e-05    2.47328e-05    2.48314e-05    0.00306019    0.00306019 
26    1.95947e-05    1.97101e-05    1.95947e-05    1.97101e-05    0.0030714    0.0030714 
25    1.52074e-05    1.53429e-05    1.52074e-05    1.53429e-05    0.00308265    0.00308265 
24    1.15307e-05    1.16906e-05    1.15307e-05    1.16906e-05    0.00309391    0.00309391 
23    8.51483e-06    8.70418e-06    8.51483e-06    8.70418e-06    0.00310515    0.00310515 
22    6.10085e-06    6.32569e-06    6.10085e-06    6.32569e-06    0.00311632    0.00311632 
21    4.22245e-06    4.48934e-06    4.22245e-06    4.48934e-06    0.00312737    0.00312737 
20    2.80783e-06    3.12279e-06    2.80783e-06    3.12279e-06    0.00313826    0.00313826 
19    1.78231e-06    2.14874e-06    1.78231e-06    2.14874e-06    0.00314892    0.00314892 
18    1.07138e-06    1.48701e-06    1.07138e-06    1.48701e-06    0.00315928    0.00315928 
17    6.03893e-07    1.05845e-06    6.03893e-07    1.05845e-06    0.00316925    0.00316925 
16    3.15258e-07    7.91049e-07    3.15258e-07    7.91049e-07    0.00317875    0.00317875 
15    1.50053e-07    6.26587e-07    1.50053e-07    6.26587e-07    0.00318767    0.00318767 
14    6.38122e-08    5.23899e-07    6.38122e-08    5.23899e-07    0.00319589    0.00319589 
13    2.3612e-08    4.57307e-07    2.3612e-08    4.57307e-07    0.0032033    0.0032033 
12    7.3374e-09    4.12153e-07    7.3374e-09    4.12153e-07    0.0032098    0.0032098 
11    1.82435e-09    3.80359e-07    1.82435e-09    3.80359e-07    0.00321535    0.00321535 
10    3.39102e-10    3.57388e-07    3.39102e-10    3.57388e-07    0.00321997    0.00321997 
9    4.27074e-11    3.4056e-07    4.27074e-11    3.4056e-07    0.00322382    0.00322382 
8    3.14351e-12    3.28193e-07    3.14351e-12    3.28193e-07    0.00322723    0.00322723 
7    1.07129e-13    3.19171e-07    1.07129e-13    3.19171e-07    0.00323079    0.00323079 
6    1.14535e-15    3.12715e-07    1.14535e-15    3.12715e-07    0.00323541    0.00323541 
5    1.90295e-18    3.08251e-07    1.90295e-18    3.08251e-07    0.00324268    0.00324268 
4    1.20122e-22    3.05334e-07    1.20122e-22    3.05334e-07    0.00325582    0.00325582 
3    1.06769e-29    3.03596e-07    1.06769e-29    3.03596e-07    0.00328332    0.00328332 
2    6.62676e-44    3.02717e-07    6.62676e-44    3.02717e-07    0.00335377    0.00335377 
1    7.39532e-87    3.02401e-07    7.39532e-87    3.02401e-07    0.0035901    0.0035901 
