1.6330503711700443e-26
1.5493833541870117e-26
1.4598232192993168e-26
1.3656668338775637e-26
1.2684971389770509e-26
1.1700877914428712e-26
1.0722315196990969e-26
9.76644765853882e-27
8.848055772781375e-27
7.97877320289612e-27
7.166991443634035e-27
6.417478389739991e-27
5.732045841217042e-27
5.110312366485597e-27
4.549703302383423e-27
4.046833443641663e-27
3.597364006042481e-27
3.196717810630798e-27
2.84026999950409e-27
2.5235387516021736e-27
2.242328319549561e-27
1.9927528691291816e-27
1.7713079977035522e-27
1.5747992157936102e-27
1.4004134654998779e-27
1.2456237626075747e-27
1.1081653571128847e-27
9.860834121704105e-28
8.775899672508242e-28
7.8118313550949115e-28
6.95468307733536e-28
6.192535102367403e-28
5.514421272277834e-28
4.911163389682771e-28
4.374358040094377e-28
3.8965553879737857e-28
3.4711399793624884e-28
3.0923903405666357e-28
2.755121386051179e-28
2.4547738164663317e-28
2.1872651219367986e-28
1.9489299833774574e-28
1.73666926920414e-28
1.5475477442145349e-28
1.379047363996506e-28
1.2289331778883937e-28
1.095178830623627e-28
9.759814620018009e-29
8.697766065597536e-29
7.751487955451014e-29
6.908017575740816e-29