1.3243959369659427e-26
1.2589994926452639e-26
1.1875382862091065e-26
1.1112710418701173e-26
1.0309224796295168e-26
9.483902215957644e-27
8.654383888244629e-27
7.837929592132568e-27
7.050273380279544e-27
6.3045746421813974e-27
5.610083093643191e-27
4.9728062820434574e-27
4.395318870544434e-27
3.8770487117767346e-27
3.415802574157716e-27
3.0076707839965826e-27
2.6480761623382575e-27
2.332203135490418e-27
2.055236129760742e-27
1.8125502872467045e-27
1.5999021816253665e-27
1.413525176048279e-27
1.2500340652465823e-27
1.1064727544784549e-27
9.802427411079412e-28
8.691031146049502e-28
7.711467170715334e-28
6.846690261363984e-28
6.082515931129457e-28
5.406309258937836e-28
4.80734248161316e-28
4.276318204402925e-28
3.8052502036094667e-28
3.3869270384311683e-28
3.0152696430683145e-28
2.6849141359329235e-28
2.391092622280122e-28
2.129752391576767e-28
1.8971387267112734e-28
1.6901226967573168e-28
1.505783966183663e-28
1.3416342899203304e-28
1.1954536169767382e-28
1.0652304917573932e-28
9.49221652746201e-29
8.458775341510775e-29
7.538124665617945e-29
6.717674277722838e-29
5.9866219162941e-29
5.335282795131208e-29
4.754791609942915e-29