2.2024323616027835e-26
2.2023179321289064e-26
2.2021272163391117e-26
2.2019365005493166e-26
2.2016694984436034e-26
2.2013643531799316e-26
2.2009447784423827e-26
2.2004489173889162e-26
2.1998004837036135e-26
2.1989994773864743e-26
2.197969612121582e-26
2.1966727447509764e-26
2.1950707321166995e-26
2.193049144744873e-26
2.1905316963195805e-26
2.187365814208985e-26
2.1833607826232915e-26
2.1784021720886234e-26
2.172184837341309e-26
2.1644036331176758e-26
2.1547534141540528e-26
2.142738319396973e-26
2.1279387741088868e-26
2.1096682014465335e-26
2.0873163108825689e-26
2.0600820960998537e-26
2.0272026939392092e-26
1.9878389549255376e-26
1.9411898727416996e-26
1.8866070137023926e-26