2.1699725341796878e-26
2.169743675231934e-26
2.1694385299682622e-26
2.1690570983886724e-26
2.1685993804931642e-26
2.1680272331237794e-26
2.167302513122559e-26
2.166348934173584e-26
2.1652046394348147e-26
2.163755199432373e-26
2.1619243278503417e-26
2.1596357383728027e-26
2.156775001525879e-26
2.1531704730987555e-26
2.1490319404602057e-26
2.143424896240235e-26
2.1364828414916994e-26
2.1278624877929689e-26
2.1171824035644536e-26
2.1040230140686035e-26
2.0879266014099124e-26
2.068301946640015e-26
2.044519687652588e-26
2.015950462341309e-26
1.981926765441895e-26
1.9417238769531253e-26
1.8948077926635744e-26
1.840987796783448e-26
1.7792340240478518e-26
1.7098516197204594e-26