1.099484806060791e-26
1.099446662902832e-26
1.0993894481658935e-26
1.0993131618499755e-26
1.0992368755340576e-26
1.0991224460601808e-26
1.0989889450073243e-26
1.0988173007965087e-26
1.0985884418487549e-26
1.0983214397430419e-26
1.0979590797424317e-26
1.0975204334259033e-26
1.0969864292144777e-26
1.0962807807922363e-26
1.0954225597381593e-26
1.0943354797363283e-26
1.0929623260498049e-26
1.09126495552063e-26
1.0891194028854372e-26
1.0864398460388185e-26
1.0831213912963868e-26
1.0789637870788575e-26
1.0738335323333741e-26
1.0674826965332032e-26
1.0598159217834474e-26
1.0502229175567629e-26
1.0385701828002929e-26
1.0244572143554687e-26
1.0075311880111695e-26
9.87420207977295e-27