0.0722117    6.52994e-06    6.52994e-06    0.0174651    0.0174651 
0.0661935    2.7563e-06    2.75664e-06    0.0178196    0.0178196 
0.0611012    1.15115e-06    1.15179e-06    0.0181433    0.0181433 
0.0567365    4.76917e-07    4.77804e-07    0.0184604    0.0184604 
0.0529538    1.96132e-07    1.97262e-07    0.0187654    0.0187654 
0.049644    8.01727e-08    8.15487e-08    0.0190682    0.0190682 
0.0467235    3.26121e-08    3.42205e-08    0.0193786    0.0193786 
0.0441276    1.31926e-08    1.50277e-08    0.0196738    0.0196738 
0.041805    5.31508e-09    7.27705e-09    0.0199727    0.0199727 
0.0397146    2.13326e-09    4.09014e-09    0.0202735    0.0202735 
0.037807    8.45954e-10    2.67669e-09    0.020574    0.020574 
0.0360893    3.36997e-10    2.0018e-09    0.0208585    0.0208585 
0.0345209    1.33899e-10    1.62784e-09    0.0211505    0.0211505 
0.0330831    5.30039e-11    1.3963e-09    0.0214213    0.0214213 
0.0317603    2.09326e-11    1.24027e-09    0.0216958    0.0216958 
0.0305392    8.2432e-12    1.12841e-09    0.0219587    0.0219587 
0.0294086    3.23721e-12    1.0445e-09    0.0222083    0.0222083 
0.0283586    1.2687e-12    9.79356e-10    0.0224572    0.0224572 
0.0273811    4.95947e-13    9.27405e-10    0.0226903    0.0226903 
0.0264687    1.93393e-13    8.85074e-10    0.022907    0.022907 
0.0256151    7.52786e-14    8.4997e-10    0.0231199    0.0231199 
0.0248149    2.92357e-14    8.20437e-10    0.0233153    0.0233153 
0.0240559    1.12278e-14    7.95054e-10    0.0235059    0.0235059 
0.0233419    4.30502e-15    7.73234e-10    0.0236908    0.0236908 
0.0226691    1.64729e-15    7.54297e-10    0.0238576    0.0238576 
0.022034    6.29106e-16    7.37726e-10    0.0240071    0.0240071 
0.0214335    2.40036e-16    7.23123e-10    0.0241619    0.0241619 
0.0208649    9.14223e-17    7.10173e-10    0.0242993    0.0242993 
0.0203256    3.47614e-17    6.98621e-10    0.0244207    0.0244207 
0.0198136    1.32066e-17    6.88261e-10    0.0245458    0.0245458 
0.0193267    5.00968e-18    6.78925e-10    0.0246555    0.0246555 
0.0188631    1.89758e-18    6.70479e-10    0.0247509    0.0247509 
0.0184213    7.18265e-19    6.62807e-10    0.0248493    0.0248493 
0.0179997    2.71514e-19    6.55813e-10    0.0249344    0.0249344 
0.017597    1.02538e-19    6.49415e-10    0.0250145    0.0250145 
0.0172118    3.86884e-20    6.43545e-10    0.0250897    0.0250897 
0.0168432    1.45809e-20    6.38144e-10    0.0251538    0.0251538 
0.0164901    5.4908e-21    6.33162e-10    0.025214    0.025214 
0.0161514    2.06607e-21    6.28554e-10    0.0252704    0.0252704 
0.0158264    7.7683e-22    6.24284e-10    0.0253229    0.0253229 
0.0155142    2.91872e-22    6.20316e-10    0.0253718    0.0253718 
0.0152141    1.09567e-22    6.16622e-10    0.0254128    0.0254128 
0.0149253    4.1104e-23    6.13178e-10    0.0254509    0.0254509 
0.0146474    1.54106e-23    6.0996e-10    0.0254864    0.0254864 
0.0143796    5.77423e-24    6.06948e-10    0.0255193    0.0255193 
0.0141214    2.16231e-24    6.04124e-10    0.0255498    0.0255498 
0.0138723    8.09282e-25    6.01472e-10    0.0255779    0.0255779 
0.0136318    3.02693e-25    5.9898e-10    0.0256009    0.0256009 
0.0133996    1.13159e-25    5.96633e-10    0.0256223    0.0256223 
0.0131751    4.22868e-26    5.9442e-10    0.0256445    0.0256445 
0.012958    1.57935e-26    5.92331e-10    0.0256625    0.0256625 
0.012748    5.89597e-27    5.90357e-10    0.0256792    0.0256792 
0.0125446    2.19996e-27    5.88488e-10    0.0256926    0.0256926 
0.0123496    8.28648e-28    5.86736e-10    0.0257067    0.0257067 
0.0121605    3.1198e-28    5.85073e-10    0.0257181    0.0257181 
0.0119772    1.17421e-28    5.83494e-10    0.0257301    0.0257301 
0.0117993    4.41757e-29    5.81993e-10    0.0257397    0.0257397 
0.0116266    1.66138e-29    5.80565e-10    0.0257485    0.0257485 
0.0114588    6.24607e-30    5.79205e-10    0.0257565    0.0257565 
0.0112959    2.34749e-30    5.77909e-10    0.025764    0.025764 
0.0111375    8.81986e-31    5.76672e-10    0.0257707    0.0257707 
0.0109835    3.31262e-31    5.75492e-10    0.0257761    0.0257761 
0.0108337    1.24385e-31    5.74364e-10    0.0257818    0.0257818 
0.0106879    4.66916e-32    5.73286e-10    0.025787    0.025787 
0.010546    1.75217e-32    5.72254e-10    0.0257911    0.0257911 
0.0104079    6.57351e-33    5.71267e-10    0.0257948    0.0257948 
0.0102732    2.46555e-33    5.70321e-10    0.0257988    0.0257988 
0.0101421    9.24507e-34    5.69413e-10    0.0258019    0.0258019 
0.0100142    3.46577e-34    5.68543e-10    0.0258048    0.0258048 
0.00988953    1.29892e-34    5.67708e-10    0.0258074    0.0258074 
0.00976792    4.86706e-35    5.66906e-10    0.0258097    0.0258097 
0.00964926    1.82327e-35    5.66135e-10    0.0258119    0.0258119 
0.00953345    6.8287e-36    5.65394e-10    0.0258139    0.0258139 
0.00942039    2.55697e-36    5.64681e-10    0.0258154    0.0258154 
0.00930998    9.57257e-37    5.63995e-10    0.025817    0.025817 
0.00920212    3.58295e-37    5.63335e-10    0.0258186    0.0258186 
0.00909674    1.34079e-37    5.62698e-10    0.0258197    0.0258197 
0.00899374    5.01652e-38    5.62084e-10    0.025821    0.025821 
0.00889305    1.87653e-38    5.61493e-10    0.0258219    0.0258219 
0.00879459    7.01831e-39    5.60922e-10    0.025823    0.025823 
0.00869828    2.62438e-39    5.60371e-10    0.0258237    0.0258237 
0.00860407    9.81169e-40    5.59839e-10    0.0258245    0.0258245 
0.00851187    3.66763e-40    5.59324e-10    0.0258251    0.0258251 
0.00842162    1.37074e-40    5.58828e-10    0.0258259    0.0258259 
0.00833327    5.12213e-41    5.58347e-10    0.0258264    0.0258264 
0.00824675    1.91371e-41    5.57883e-10    0.0258269    0.0258269 
0.00816202    7.14877e-42    5.57433e-10    0.0258274    0.0258274 
0.008079    2.67005e-42    5.56998e-10    0.0258278    0.0258278 
0.00799766    9.97103e-43    5.56577e-10    0.0258281    0.0258281 
0.00791794    3.72303e-43    5.56169e-10    0.0258285    0.0258285 
0.00783979    1.38992e-43    5.55773e-10    0.0258288    0.0258288 
0.00776317    5.18825e-44    5.5539e-10    0.0258291    0.0258291 
0.00768803    1.93638e-44    5.55018e-10    0.0258294    0.0258294 
0.00761434    7.22603e-45    5.54658e-10    0.0258296    0.0258296 
0.00754204    2.69619e-45    5.54308e-10    0.0258299    0.0258299 
0.0074711    1.00587e-45    5.53969e-10    0.0258301    0.0258301 
0.00740149    3.75215e-46    5.53639e-10    0.0258303    0.0258303 
0.00733316    1.39946e-46    5.53319e-10    0.0258304    0.0258304 
0.00726608    5.21901e-47    5.53008e-10    0.0258306    0.0258306 
0.00720021    1.94608e-47    5.52706e-10    0.0258308    0.0258308 
0.00713553    7.25575e-48    5.52413e-10    0.0258309    0.0258309 
0.007072    2.7049e-48    5.52127e-10    0.0258311    0.0258311 
0.0070096    1.00825e-48    5.5185e-10    0.0258312    0.0258312 
0.00694828    3.75784e-49    5.5158e-10    0.0258313    0.0258313 
0.00688803    1.40042e-49    5.51317e-10    0.0258314    0.0258314 
0.00682881    5.21831e-50    5.51061e-10    0.0258315    0.0258315 
0.00677061    1.94426e-50    5.50812e-10    0.0258316    0.0258316 
0.00671338    7.24324e-51    5.5057e-10    0.0258317    0.0258317 
0.00665712    2.69815e-51    5.50334e-10    0.0258318    0.0258318 
0.00660179    1.00497e-51    5.50104e-10    0.0258319    0.0258319 
0.00654738    3.7428e-52    5.4988e-10    0.025832    0.025832 
0.00649385    1.39379e-52    5.49661e-10    0.0258321    0.0258321 
0.00644119    5.18984e-53    5.49448e-10    0.0258322    0.0258322 
0.00638938    1.93228e-53    5.49241e-10    0.0258323    0.0258323 
0.00633839    7.19356e-54    5.49038e-10    0.0258323    0.0258323 
0.00628822    2.6778e-54    5.48841e-10    0.0258324    0.0258324 
0.00623883    9.96714e-55    5.48648e-10    0.0258325    0.0258325 
0.00619021    3.70958e-55    5.4846e-10    0.0258326    0.0258326 
0.00614187    1.36693e-55    5.48275e-10    0.0258327    0.0258327 
0.00609427    5.03651e-56    5.48094e-10    0.0258327    0.0258327 
0.00604741    1.85556e-56    5.47917e-10    0.0258328    0.0258328 
0.00600127    6.83567e-57    5.47744e-10    0.0258329    0.0258329 
0.00595582    2.51797e-57    5.47576e-10    0.025833    0.025833 
0.00591106    9.27436e-58    5.47411e-10    0.025833    0.025833 
0.00586696    3.41571e-58    5.47251e-10    0.0258331    0.0258331 
0.00582352    1.25789e-58    5.47093e-10    0.0258332    0.0258332 
0.00578071    4.632e-59    5.4694e-10    0.0258333    0.0258333 
0.00573853    1.70553e-59    5.4679e-10    0.0258333    0.0258333 
0.00569696    6.27939e-60    5.46643e-10    0.0258334    0.0258334 
0.00565599    2.31176e-60    5.46499e-10    0.0258335    0.0258335 
0.00561561    8.51006e-61    5.46359e-10    0.0258336    0.0258336 
0.00557579    3.1325e-61    5.46222e-10    0.0258336    0.0258336 
0.00553654    1.15297e-61    5.46087e-10    0.0258337    0.0258337 
0.00549784    4.24337e-62    5.45956e-10    0.0258338    0.0258338 
0.00545967    1.56162e-62    5.45827e-10    0.0258339    0.0258339 
0.00542203    5.74654e-63    5.45701e-10    0.0258339    0.0258339 
0.00538491    2.1145e-63    5.45578e-10    0.025834    0.025834 
0.00534829    7.78002e-64    5.45457e-10    0.0258341    0.0258341 
0.00531216    2.86235e-64    5.45339e-10    0.0258342    0.0258342 
0.00527652    1.05302e-64    5.45223e-10    0.0258342    0.0258342 
0.00524136    3.87364e-65    5.4511e-10    0.0258343    0.0258343 
0.00520666    1.42487e-65    5.44999e-10    0.0258344    0.0258344 
0.00517241    5.24087e-66    5.4489e-10    0.0258345    0.0258345 
0.00513862    1.92754e-66    5.44783e-10    0.0258346    0.0258346 
0.00510526    7.08884e-67    5.44679e-10    0.0258346    0.0258346 
0.00507234    2.60688e-67    5.44576e-10    0.0258347    0.0258347 
0.00503983    9.58605e-68    5.44476e-10    0.0258348    0.0258348 
0.00500774    3.52478e-68    5.44377e-10    0.0258349    0.0258349 
0.00497606    1.29598e-68    5.4428e-10    0.025835    0.025835 
0.00494477    4.76475e-69    5.44186e-10    0.0258351    0.0258351 
0.00491387    1.75168e-69    5.44093e-10    0.0258351    0.0258351 
0.00488336    6.43941e-70    5.44001e-10    0.0258352    0.0258352 
0.00485323    2.36707e-70    5.43912e-10    0.0258353    0.0258353 
0.00482346    8.70066e-71    5.43824e-10    0.0258354    0.0258354 
0.00479406    3.19793e-71    5.43738e-10    0.0258355    0.0258355 
0.00476501    1.17534e-71    5.43653e-10    0.0258355    0.0258355 
0.00473632    4.31949e-72    5.4357e-10    0.0258356    0.0258356 
0.00470796    1.58737e-72    5.43488e-10    0.0258357    0.0258357 
0.00467995    5.83315e-73    5.43408e-10    0.0258358    0.0258358 
0.00465227    2.1434e-73    5.4333e-10    0.0258359    0.0258359 
0.00462491    7.87558e-74    5.43252e-10    0.025836    0.025836 
0.00459787    2.8936e-74    5.43177e-10    0.0258361    0.0258361 
0.00457114    1.0631e-74    5.43102e-10    0.0258362    0.0258362 
0.00454473    3.90558e-75    5.43029e-10    0.0258363    0.0258363 
0.00451862    1.43475e-75    5.42957e-10    0.0258363    0.0258363 
0.0044928    5.27043e-76    5.42886e-10    0.0258364    0.0258364 
0.00446728    1.93596e-76    5.42817e-10    0.0258365    0.0258365 
0.00444205    7.11088e-77    5.42748e-10    0.0258366    0.0258366 
0.0044171    2.61175e-77    5.42681e-10    0.0258367    0.0258367 
0.00439243    9.59222e-78    5.42615e-10    0.0258368    0.0258368 
0.00436804    3.52278e-78    5.4255e-10    0.0258369    0.0258369 
0.00434391    1.2937e-78    5.42487e-10    0.025837    0.025837 
0.00432005    4.75075e-79    5.42424e-10    0.0258371    0.0258371 
0.00429645    1.7445e-79    5.42362e-10    0.0258372    0.0258372 
0.00427311    6.40561e-80    5.42302e-10    0.0258373    0.0258373 
0.00425002    2.35197e-80    5.42242e-10    0.0258374    0.0258374 
0.00422717    8.6354e-81    5.42183e-10    0.0258375    0.0258375 
0.00420457    3.17041e-81    5.42125e-10    0.0258376    0.0258376 
0.00418221    1.16394e-81    5.42069e-10    0.0258377    0.0258377 
0.00416009    4.27295e-82    5.42013e-10    0.0258378    0.0258378 
0.0041382    1.56858e-82    5.41958e-10    0.0258378    0.0258378 
0.00411654    5.75794e-83    5.41903e-10    0.025838    0.025838 
0.00409511    2.11354e-83    5.4185e-10    0.025838    0.025838 
0.00407389    7.75775e-84    5.41797e-10    0.0258382    0.0258382 
0.0040529    2.84737e-84    5.41746e-10    0.0258382    0.0258382 
0.00403212    1.04505e-84    5.41695e-10    0.0258384    0.0258384 
0.00401155    3.8354e-85    5.41645e-10    0.0258384    0.0258384 
0.0039912    1.40757e-85    5.41595e-10    0.0258386    0.0258386 
0.00397104    5.16547e-86    5.41547e-10    0.0258387    0.0258387 
0.00395109    1.89555e-86    5.41499e-10    0.0258388    0.0258388 
0.00393134    6.95575e-87    5.41452e-10    0.0258389    0.0258389 
0.00391179    2.55233e-87    5.41405e-10    0.025839    0.025839 
0.00389243    9.36512e-88    5.4136e-10    0.0258391    0.0258391 
0.00387326    3.43616e-88    5.41315e-10    0.0258392    0.0258392 
0.00385428    1.26072e-88    5.4127e-10    0.0258393    0.0258393 
0.00383548    4.6254e-89    5.41226e-10    0.0258394    0.0258394 
0.00381687    1.69693e-89    5.41183e-10    0.0258395    0.0258395 
0.00379843    6.22535e-90    5.41141e-10    0.0258396    0.0258396 
0.00378017    2.28375e-90    5.41099e-10    0.0258397    0.0258397 
0.00376209    8.37756e-91    5.41058e-10    0.0258398    0.0258398 
0.00374418    3.07307e-91    5.41017e-10    0.02584    0.02584 
0.00372644    1.12723e-91    5.40977e-10    0.02584    0.02584 
0.00370887    4.13465e-92    5.40937e-10    0.0258401    0.0258401 
0.00369146    1.51653e-92    5.40898e-10    0.0258403    0.0258403 
0.00367421    5.56222e-93    5.4086e-10    0.0258404    0.0258404 
0.00365713    2.04001e-93    5.40822e-10    0.0258405    0.0258405 
0.0036402    7.4817e-94    5.40784e-10    0.0258406    0.0258406 
0.00362343    2.74383e-94    5.40748e-10    0.0258407    0.0258407 
0.00360681    1.00623e-94    5.40711e-10    0.0258408    0.0258408 
0.00359034    3.69e-95    5.40675e-10    0.0258409    0.0258409 
0.00357403    1.35314e-95    5.4064e-10    0.0258411    0.0258411 
0.00355786    4.96185e-96    5.40605e-10    0.0258412    0.0258412 
0.00354184    1.81942e-96    5.4057e-10    0.0258413    0.0258413 
0.00352596    6.67126e-97    5.40536e-10    0.0258414    0.0258414 
0.00351022    2.44608e-97    5.40503e-10    0.0258415    0.0258415 
0.00349462    8.9685e-98    5.4047e-10    0.0258416    0.0258416 
0.00347916    3.28819e-98    5.40437e-10    0.0258417    0.0258417 
0.00346384    1.20554e-98    5.40405e-10    0.0258419    0.0258419 
0.00344865    4.4197e-99    5.40373e-10    0.025842    0.025842 
0.0034336    1.62029e-99    5.40342e-10    0.0258421    0.0258421 
0.00341867    5.93992e-100    5.40311e-10    0.0258423    0.0258423 
0.00340387    2.17749e-100    5.4028e-10    0.0258424    0.0258424 
0.0033892    7.98212e-101    5.4025e-10    0.0258425    0.0258425 
0.00337466    2.92597e-101    5.4022e-10    0.0258426    0.0258426 
0.00336024    1.07253e-101    5.40191e-10    0.0258427    0.0258427 
0.00334595    3.9313e-102    5.40161e-10    0.0258428    0.0258428 
0.00333177    1.44096e-102    5.40133e-10    0.025843    0.025843 
0.00331772    5.28148e-103    5.40104e-10    0.0258431    0.0258431 
0.00330378    1.93575e-103    5.40076e-10    0.0258432    0.0258432 
0.00328996    7.09463e-104    5.40049e-10    0.0258433    0.0258433 
0.00327625    2.60016e-104    5.40021e-10    0.0258434    0.0258434 
0.00326266    9.52926e-105    5.39994e-10    0.0258436    0.0258436 
0.00324918    3.49226e-105    5.39968e-10    0.0258437    0.0258437 
0.00323582    1.2798e-105    5.39941e-10    0.0258438    0.0258438 
0.00322256    4.68997e-106    5.39915e-10    0.025844    0.025844 
0.00320941    1.71864e-106    5.3989e-10    0.0258441    0.0258441 
0.00319636    6.29781e-107    5.39864e-10    0.0258442    0.0258442 
0.00318342    2.30772e-107    5.39839e-10    0.0258443    0.0258443 
0.00317059    8.45603e-108    5.39814e-10    0.0258445    0.0258445 
0.00315786    3.09841e-108    5.3979e-10    0.0258446    0.0258446 
0.00314523    1.13528e-108    5.39766e-10    0.0258447    0.0258447 
0.0031327    4.15962e-109    5.39742e-10    0.0258449    0.0258449 
0.00312027    1.52404e-109    5.39718e-10    0.025845    0.025845 
0.00310794    5.58377e-110    5.39695e-10    0.0258452    0.0258452 
0.00309571    2.04573e-110    5.39671e-10    0.0258452    0.0258452 
0.00308357    7.49479e-111    5.39649e-10    0.0258454    0.0258454 
0.00307153    2.74575e-111    5.39626e-10    0.0258455    0.0258455 
0.00305958    1.0059e-111    5.39604e-10    0.0258457    0.0258457 
0.00304772    3.68499e-112    5.39582e-10    0.0258458    0.0258458 
0.00303596    1.34992e-112    5.3956e-10    0.0258459    0.0258459 
0.00302428    4.94506e-113    5.39538e-10    0.0258461    0.0258461 
0.0030127    1.81144e-113    5.39517e-10    0.0258462    0.0258462 
0.0030012    6.63541e-114    5.39496e-10    0.0258463    0.0258463 
0.00298979    2.43054e-114    5.39475e-10    0.0258465    0.0258465 
0.00297847    8.90282e-115    5.39454e-10    0.0258466    0.0258466 
0.00296723    3.26095e-115    5.39434e-10    0.0258468    0.0258468 
0.00295608    1.1944e-115    5.39414e-10    0.0258469    0.0258469 
0.00294501    4.3747e-116    5.39394e-10    0.0258471    0.0258471 
0.00293402    1.60227e-116    5.39374e-10    0.0258471    0.0258471 
0.00292312    5.86835e-117    5.39354e-10    0.0258473    0.0258473 
0.00291229    2.14925e-117    5.39335e-10    0.0258475    0.0258475 
0.00290155    7.87135e-118    5.39316e-10    0.0258476    0.0258476 
0.00289088    2.88272e-118    5.39297e-10    0.0258478    0.0258478 
0.0028803    1.05571e-118    5.39278e-10    0.0258479    0.0258479 
0.00286979    3.86618e-119    5.3926e-10    0.025848    0.025848 
0.00285935    1.41582e-119    5.39241e-10    0.0258482    0.0258482 
0.00284899    5.18475e-120    5.39223e-10    0.0258483    0.0258483 
0.00283871    1.89862e-120    5.39205e-10    0.0258484    0.0258484 
0.0028285    6.95247e-121    5.39187e-10    0.0258486    0.0258486 
0.00281836    2.54585e-121    5.3917e-10    0.0258488    0.0258488 
0.0028083    9.3222e-122    5.39152e-10    0.0258489    0.0258489 
0.00279831    3.41345e-122    5.39135e-10    0.025849    0.025849 
0.00278839    1.24987e-122    5.39118e-10    0.0258492    0.0258492 
0.00277854    4.5764e-123    5.39101e-10    0.0258494    0.0258494 
0.00276875    1.67562e-123    5.39085e-10    0.0258495    0.0258495 
0.00275904    6.13509e-124    5.39068e-10    0.0258496    0.0258496 
0.0027494    2.24625e-124    5.39052e-10    0.0258498    0.0258498 
0.00273982    8.22405e-125    5.39036e-10    0.0258499    0.0258499 
0.00273031    3.01097e-125    5.3902e-10    0.0258501    0.0258501 
0.00272086    1.10235e-125    5.39004e-10    0.0258503    0.0258503 
0.00271148    4.03576e-126    5.38988e-10    0.0258503    0.0258503 
0.00270216    1.47748e-126    5.38972e-10    0.0258505    0.0258505 
0.00269291    5.40896e-127    5.38957e-10    0.0258507    0.0258507 
0.00268372    1.98014e-127    5.38942e-10    0.0258508    0.0258508 
0.00267459    7.24888e-128    5.38927e-10    0.025851    0.025851 
0.00266553    2.65362e-128    5.38912e-10    0.0258512    0.0258512 
0.00265653    9.714e-129    5.38897e-10    0.0258513    0.0258513 
0.00264758    3.55592e-129    5.38882e-10    0.0258515    0.0258515 
0.0026387    1.30166e-129    5.38868e-10    0.0258517    0.0258517 
0.00262988    4.76469e-130    5.38853e-10    0.0258518    0.0258518 
0.00262111    1.74408e-130    5.38839e-10    0.025852    0.025852 
0.00261241    6.38395e-131    5.38825e-10    0.0258521    0.0258521 
0.00260376    2.33672e-131    5.38811e-10    0.0258523    0.0258523 
0.00259516    8.55297e-132    5.38797e-10    0.0258525    0.0258525 
0.00258663    3.13054e-132    5.38783e-10    0.0258526    0.0258526 
0.00257815    1.14582e-132    5.3877e-10    0.0258528    0.0258528 
0.00256973    4.19375e-133    5.38756e-10    0.0258529    0.0258529 
0.00256136    1.53492e-133    5.38743e-10    0.0258531    0.0258531 
0.00255304    5.61771e-134    5.3873e-10    0.0258532    0.0258532 
0.00254478    2.05602e-134    5.38716e-10    0.0258534    0.0258534 
0.00253657    7.52472e-135    5.38703e-10    0.0258536    0.0258536 
0.00252842    2.75387e-135    5.38691e-10    0.0258537    0.0258537 
0.00252032    1.00784e-135    5.38678e-10    0.0258539    0.0258539 
0.00251227    3.68836e-136    5.38665e-10    0.025854    0.025854 
0.00250427    1.3498e-136    5.38653e-10    0.0258542    0.0258542 
0.00249632    4.93965e-137    5.3864e-10    0.0258543    0.0258543 
0.00248842    1.80767e-137    5.38628e-10    0.0258545    0.0258545 
0.00248057    6.61505e-138    5.38616e-10    0.0258547    0.0258547 
0.00247277    2.42071e-138    5.38604e-10    0.0258549    0.0258549 
0.00246502    8.85818e-139    5.38592e-10    0.025855    0.025855 
0.00245732    3.24147e-139    5.3858e-10    0.0258552    0.0258552 
0.00244966    1.18612e-139    5.38568e-10    0.0258553    0.0258553 
0.00244206    4.34025e-140    5.38556e-10    0.0258555    0.0258555 
0.0024345    1.58815e-140    5.38545e-10    0.0258557    0.0258557 
0.00242699    5.81117e-141    5.38533e-10    0.0258559    0.0258559 
0.00241952    2.12631e-141    5.38522e-10    0.025856    0.025856 
0.0024121    7.78014e-142    5.38511e-10    0.0258562    0.0258562 
0.00240472    2.84668e-142    5.385e-10    0.0258563    0.0258563 
0.00239739    1.04157e-142    5.38489e-10    0.0258566    0.0258566 
0.00239011    3.8109e-143    5.38478e-10    0.0258567    0.0258567 
0.00238286    1.39432e-143    5.38467e-10    0.0258569    0.0258569 
0.00237567    5.10142e-144    5.38456e-10    0.0258571    0.0258571 
0.00236851    1.86644e-144    5.38445e-10    0.0258573    0.0258573 
0.0023614    6.8286e-145    5.38435e-10    0.0258574    0.0258574 
0.00235433    2.4983e-145    5.38424e-10    0.0258577    0.0258577 
0.0023473    9.14005e-146    5.38414e-10    0.0258578    0.0258578 
0.00234032    3.34386e-146    5.38403e-10    0.0258579    0.0258579 
0.00233338    1.22333e-146    5.38393e-10    0.0258581    0.0258581 
0.00232647    4.47538e-147    5.38383e-10    0.0258583    0.0258583 
0.00231961    1.63725e-147    5.38373e-10    0.0258585    0.0258585 
0.00231279    5.9895e-148    5.38363e-10    0.0258586    0.0258586 
0.00230601    2.19111e-148    5.38353e-10    0.0258589    0.0258589 
0.00229927    8.01546e-149    5.38343e-10    0.025859    0.025859 
0.00229257    2.93216e-149    5.38333e-10    0.0258592    0.0258592 
0.0022859    1.07262e-149    5.38324e-10    0.0258594    0.0258594 
0.00227928    3.92368e-150    5.38314e-10    0.0258595    0.0258595 
0.00227269    1.43529e-150    5.38304e-10    0.0258598    0.0258598 
0.00226614    5.25021e-151    5.38295e-10    0.0258599    0.0258599 
0.00225963    1.92048e-151    5.38286e-10    0.0258601    0.0258601 
0.00225316    7.02487e-152    5.38276e-10    0.0258603    0.0258603 
0.00224672    2.56957e-152    5.38267e-10    0.0258605    0.0258605 
0.00224032    9.39895e-153    5.38258e-10    0.0258607    0.0258607 
0.00223396    3.43788e-153    5.38249e-10    0.0258609    0.0258609 
0.00222763    1.25747e-153    5.3824e-10    0.025861    0.025861 
0.00222134    4.59939e-154    5.38231e-10    0.0258613    0.0258613 
0.00221508    1.68227e-154    5.38222e-10    0.0258614    0.0258614 
0.00220886    6.153e-155    5.38213e-10    0.0258616    0.0258616 
0.00220267    2.25048e-155    5.38204e-10    0.0258618    0.0258618 
0.00219652    8.23105e-156    5.38196e-10    0.025862    0.025862 
0.0021904    3.01045e-156    5.38187e-10    0.0258621    0.0258621 
0.00218432    1.10104e-156    5.38179e-10    0.0258624    0.0258624 
0.00217827    4.02689e-157    5.3817e-10    0.0258625    0.0258625 
0.00217225    1.47275e-157    5.38162e-10    0.0258627    0.0258627 
0.00216627    5.38627e-158    5.38153e-10    0.025863    0.025863 
0.00216032    1.96988e-158    5.38145e-10    0.0258631    0.0258631 
0.0021544    7.20418e-159    5.38137e-10    0.0258633    0.0258633 
0.00214852    2.63468e-159    5.38129e-10    0.0258636    0.0258636 
0.00214266    9.63529e-160    5.38121e-10    0.0258637    0.0258637 
0.00213684    3.52368e-160    5.38113e-10    0.0258639    0.0258639 
0.00213105    1.28862e-160    5.38105e-10    0.0258642    0.0258642 
0.00212529    4.71246e-161    5.38097e-10    0.0258643    0.0258643 
0.00211956    1.72332e-161    5.38089e-10    0.0258645    0.0258645 
0.00211387    6.30202e-162    5.38081e-10    0.0258648    0.0258648 
0.0021082    2.30456e-162    5.38073e-10    0.0258649    0.0258649 
0.00210256    8.42735e-163    5.38066e-10    0.0258651    0.0258651 
0.00209696    3.0817e-163    5.38058e-10    0.0258652    0.0258652 
0.00209138    1.1269e-163    5.38051e-10    0.0258655    0.0258655 
0.00208584    4.12075e-164    5.38043e-10    0.0258657    0.0258657 
0.00208032    1.50682e-164    5.38036e-10    0.0258658    0.0258658 
0.00207483    5.50991e-165    5.38028e-10    0.0258661    0.0258661 
0.00206937    2.01475e-165    5.38021e-10    0.0258663    0.0258663 
0.00206394    7.36702e-166    5.38013e-10    0.0258665    0.0258665 
0.00205854    2.69376e-166    5.38006e-10    0.0258666    0.0258666 
0.00205316    9.84973e-167    5.37999e-10    0.0258669    0.0258669 
0.00204782    3.60149e-167    5.37992e-10    0.0258671    0.0258671 
0.0020425    1.31685e-167    5.37985e-10    0.0258673    0.0258673 
0.00203721    4.81488e-168    5.37978e-10    0.0258674    0.0258674 
0.00203195    1.76049e-168    5.37971e-10    0.0258678    0.0258678 
0.00202671    6.43687e-169    5.37964e-10    0.0258679    0.0258679 
0.0020215    2.35348e-169    5.37957e-10    0.0258681    0.0258681 
0.00201632    8.60486e-170    5.3795e-10    0.0258683    0.0258683 
0.00201116    3.14612e-170    5.37943e-10    0.0258686    0.0258686 
0.00200603    1.15027e-170    5.37936e-10    0.0258688    0.0258688 
0.00200093    4.20551e-171    5.3793e-10    0.0258689    0.0258689 
0.00199585    1.53757e-171    5.37923e-10    0.0258691    0.0258691 
0.0019908    5.62145e-172    5.37916e-10    0.0258694    0.0258694 
0.00198577    2.05521e-172    5.3791e-10    0.0258696    0.0258696 
0.00198077    7.51378e-173    5.37903e-10    0.0258698    0.0258698 
0.00197579    2.74699e-173    5.37897e-10    0.02587    0.02587 
0.00197084    1.00427e-173    5.3789e-10    0.0258701    0.0258701 
0.00196592    3.67152e-174    5.37884e-10    0.0258705    0.0258705 
0.00196101    1.34225e-174    5.37878e-10    0.0258707    0.0258707 
0.00195614    4.907e-175    5.37871e-10    0.0258708    0.0258708 
0.00195128    1.79389e-175    5.37865e-10    0.025871    0.025871 
0.00194645    6.55798e-176    5.37859e-10    0.0258712    0.0258712 
0.00194165    2.39742e-176    5.37853e-10    0.0258716    0.0258716 
0.00193687    8.76417e-177    5.37846e-10    0.0258717    0.0258717 
0.00193211    3.20386e-177    5.3784e-10    0.0258719    0.0258719 
0.00192737    1.17121e-177    5.37834e-10    0.0258721    0.0258721 
0.00192266    4.28143e-178    5.37828e-10    0.0258723    0.0258723 
0.00191797    1.5651e-178    5.37822e-10    0.0258727    0.0258727 
0.00191331    5.72125e-179    5.37816e-10    0.0258728    0.0258728 
0.00190866    2.09139e-179    5.3781e-10    0.025873    0.025873 
0.00190404    7.64496e-180    5.37805e-10    0.0258732    0.0258732 
0.00189944    2.79455e-180    5.37799e-10    0.0258734    0.0258734 
0.00189487    1.02151e-180    5.37793e-10    0.0258736    0.0258736 
0.00189031    3.73401e-181    5.37787e-10    0.025874    0.025874 
0.00188578    1.3649e-181    5.37781e-10    0.0258742    0.0258742 
0.00188127    4.9891e-182    5.37776e-10    0.0258744    0.0258744 
0.00187678    1.82364e-182    5.3777e-10    0.0258746    0.0258746 
0.00187231    6.66582e-183    5.37764e-10    0.0258747    0.0258747 
0.00186786    2.43649e-183    5.37759e-10    0.0258749    0.0258749 
0.00186344    8.90575e-184    5.37753e-10    0.0258751    0.0258751 
0.00185903    3.2552e-184    5.37748e-10    0.0258755    0.0258755 
0.00185465    1.18981e-184    5.37742e-10    0.0258757    0.0258757 
0.00185029    4.34883e-185    5.37737e-10    0.0258759    0.0258759 
0.00184594    1.58952e-185    5.37732e-10    0.0258761    0.0258761 
0.00184162    5.8097e-186    5.37726e-10    0.0258763    0.0258763 
0.00183732    2.12343e-186    5.37721e-10    0.0258765    0.0258765 
0.00183304    7.76105e-187    5.37716e-10    0.0258767    0.0258767 
0.00182877    2.8366e-187    5.3771e-10    0.0258769    0.0258769 
0.00182453    1.03676e-187    5.37705e-10    0.0258773    0.0258773 
0.00182031    3.7892e-188    5.377e-10    0.0258775    0.0258775 
0.00181611    1.38489e-188    5.37695e-10    0.0258778    0.0258778 
0.00181192    5.06151e-189    5.37689e-10    0.025878    0.025878 
0.00180776    1.84987e-189    5.37684e-10    0.0258782    0.0258782 
0.00180361    6.76081e-190    5.37679e-10    0.0258784    0.0258784 
0.00179948    2.47089e-190    5.37674e-10    0.0258786    0.0258786 
0.00179538    9.03033e-191    5.37669e-10    0.0258788    0.0258788 
0.00179129    3.30028e-191    5.37664e-10    0.025879    0.025879 
0.00178722    1.20614e-191    5.37659e-10    0.0258794    0.0258794 
0.00178316    4.40798e-192    5.37654e-10    0.0258797    0.0258797 
0.00177913    1.61093e-192    5.37649e-10    0.0258799    0.0258799 
0.00177511    5.88723e-193    5.37645e-10    0.0258801    0.0258801 
0.00177112    2.1515e-193    5.3764e-10    0.0258803    0.0258803 
0.00176714    7.86265e-194    5.37635e-10    0.0258805    0.0258805 
0.00176318    2.87338e-194    5.3763e-10    0.0258807    0.0258807 
0.00175923    1.05006e-194    5.37625e-10    0.025881    0.025881 
0.0017553    3.83736e-195    5.37621e-10    0.0258812    0.0258812 
0.0017514    1.40232e-195    5.37616e-10    0.0258814    0.0258814 
0.0017475    5.12458e-196    5.37611e-10    0.0258816    0.0258816 
0.00174363    1.87269e-196    5.37607e-10    0.0258819    0.0258819 
0.00173977    6.84346e-197    5.37602e-10    0.0258823    0.0258823 
0.00173593    2.50079e-197    5.37597e-10    0.0258825    0.0258825 
0.00173211    9.13853e-198    5.37593e-10    0.0258828    0.0258828 
0.0017283    3.33943e-198    5.37588e-10    0.025883    0.025883 
0.00172451    1.22029e-198    5.37584e-10    0.0258832    0.0258832 
0.00172074    4.45917e-199    5.37579e-10    0.0258834    0.0258834 
0.00171698    1.62945e-199    5.37575e-10    0.0258837    0.0258837 
0.00171324    5.9542e-200    5.3757e-10    0.0258839    0.0258839 
0.00170952    2.17573e-200    5.37566e-10    0.0258841    0.0258841 
0.00170581    7.95026e-201    5.37562e-10    0.0258844    0.0258844 
0.00170212    2.90506e-201    5.37557e-10    0.0258846    0.0258846 
0.00169844    1.06152e-201    5.37553e-10    0.0258849    0.0258849 
0.00169478    3.87878e-202    5.37548e-10    0.0258851    0.0258851 
0.00169114    1.41729e-202    5.37544e-10    0.0258853    0.0258853 
0.00168751    5.17872e-203    5.3754e-10    0.0258856    0.0258856 
0.0016839    1.89226e-203    5.37536e-10    0.0258858    0.0258858 
0.0016803    6.91413e-204    5.37531e-10    0.0258861    0.0258861 
0.00167672    2.52633e-204    5.37527e-10    0.0258863    0.0258863 
0.00167315    9.23084e-205    5.37523e-10    0.0258865    0.0258865 
0.0016696    3.37279e-205    5.37519e-10    0.0258868    0.0258868 
0.00166606    1.23235e-205    5.37515e-10    0.025887    0.025887 
0.00166254    4.50272e-206    5.37511e-10    0.0258873    0.0258873 
0.00165903    1.64518e-206    5.37507e-10    0.0258875    0.0258875 
0.00165554    6.0111e-207    5.37503e-10    0.025888    0.025888 
0.00165206    2.19628e-207    5.37499e-10    0.0258883    0.0258883 
0.0016486    8.02449e-208    5.37494e-10    0.0258885    0.0258885 
0.00164515    2.93187e-208    5.3749e-10    0.0258888    0.0258888 
0.00164172    1.0712e-208    5.37487e-10    0.025889    0.025889 
0.0016383    3.91373e-209    5.37483e-10    0.0258893    0.0258893 
0.00163489    1.42991e-209    5.37479e-10    0.0258896    0.0258896 
0.0016315    5.22428e-210    5.37475e-10    0.0258898    0.0258898 
0.00162812    1.90871e-210    5.37471e-10    0.0258901    0.0258901 
0.00162476    6.9735e-211    5.37467e-10    0.0258903    0.0258903 
0.00162141    2.54776e-211    5.37463e-10    0.0258906    0.0258906 
0.00161807    9.30816e-212    5.37459e-10    0.0258909    0.0258909 
0.00161475    3.40068e-212    5.37455e-10    0.0258911    0.0258911 
0.00161144    1.24241e-212    5.37452e-10    0.0258914    0.0258914 
0.00160815    4.53903e-213    5.37448e-10    0.0258916    0.0258916 
0.00160487    1.65828e-213    5.37444e-10    0.0258919    0.0258919 
0.0016016    6.05821e-214    5.3744e-10    0.0258919    0.0258919 
0.00159834    2.21327e-214    5.37437e-10    0.0258922    0.0258922 
0.0015951    8.08574e-215    5.37433e-10    0.0258924    0.0258924 
0.00159187    2.95395e-215    5.37429e-10    0.0258927    0.0258927 
0.00158866    1.07512e-215    5.37426e-10    0.025893    0.025893 
0.00158545    3.92771e-216    5.37422e-10    0.0258933    0.0258933 
0.00158226    1.43489e-216    5.37418e-10    0.0258935    0.0258935 
0.00157909    5.24198e-217    5.37415e-10    0.0258938    0.0258938 
0.00157592    1.915e-217    5.37411e-10    0.0258941    0.0258941 
0.00157277    6.99585e-218    5.37408e-10    0.0258944    0.0258944 
0.00156963    2.55569e-218    5.37404e-10    0.0258946    0.0258946 
0.00156651    9.33631e-219    5.37401e-10    0.0258949    0.0258949 
0.00156339    3.41066e-219    5.37397e-10    0.0258952    0.0258952 
0.00156029    1.24595e-219    5.37394e-10    0.0258955    0.0258955 
0.0015572    4.55154e-220    5.3739e-10    0.0258958    0.0258958 
0.00155412    1.6627e-220    5.37387e-10    0.025896    0.025896 
0.00155106    6.0739e-221    5.37383e-10    0.0258963    0.0258963 
0.00154801    2.2188e-221    5.3738e-10    0.0258966    0.0258966 
0.00154496    8.10526e-222    5.37377e-10    0.0258969    0.0258969 
0.00154194    2.96082e-222    5.37373e-10    0.0258972    0.0258972 
0.00153892    1.08157e-222    5.3737e-10    0.0258975    0.0258975 
0.00153591    3.95091e-223    5.37366e-10    0.0258978    0.0258978 
0.00153292    1.44323e-223    5.37363e-10    0.0258981    0.0258981 
0.00152994    5.27195e-224    5.3736e-10    0.0258984    0.0258984 
0.00152697    1.92577e-224    5.37356e-10    0.0258987    0.0258987 
0.00152401    7.03447e-225    5.37353e-10    0.0258987    0.0258987 
0.00152106    2.56957e-225    5.3735e-10    0.025899    0.025899 
0.00151812    9.38612e-226    5.37347e-10    0.0258993    0.0258993 
0.0015152    3.42855e-226    5.37343e-10    0.0258996    0.0258996 
0.00151229    1.25237e-226    5.3734e-10    0.0258999    0.0258999 
0.00150938    4.57457e-227    5.37337e-10    0.0259002    0.0259002 
0.00150649    1.67096e-227    5.37334e-10    0.0259005    0.0259005 
0.00150361    6.10354e-228    5.37331e-10    0.0259008    0.0259008 
0.00150074    2.22943e-228    5.37327e-10    0.0259011    0.0259011 
0.00149788    8.14335e-229    5.37324e-10    0.0259014    0.0259014 
0.00149504    2.97448e-229    5.37321e-10    0.0259017    0.0259017 
0.0014922    1.08646e-229    5.37318e-10    0.025902    0.025902 
0.00148937    3.96842e-230    5.37315e-10    0.0259023    0.0259023 
0.00148656    1.44948e-230    5.37312e-10    0.0259023    0.0259023 
0.00148375    5.29433e-231    5.37309e-10    0.0259026    0.0259026 
0.00148096    1.93378e-231    5.37306e-10    0.0259029    0.0259029 
0.00147818    7.06318e-232    5.37303e-10    0.0259032    0.0259032 
0.0014754    2.57983e-232    5.373e-10    0.0259036    0.0259036 
0.00147264    9.42281e-233    5.37297e-10    0.0259039    0.0259039 
0.00146989    3.44165e-233    5.37294e-10    0.0259042    0.0259042 
0.00146715    1.25705e-233    5.37291e-10    0.0259045    0.0259045 
0.00146442    4.59127e-234    5.37288e-10    0.0259048    0.0259048 
0.00146169    1.67692e-234    5.37285e-10    0.0259052    0.0259052 
0.00145898    6.12478e-235    5.37282e-10    0.0259055    0.0259055 
0.00145628    2.23697e-235    5.37279e-10    0.0259055    0.0259055 
0.00145359    8.17022e-236    5.37276e-10    0.0259058    0.0259058 
0.00145091    2.98404e-236    5.37273e-10    0.0259061    0.0259061 
0.00144824    1.08987e-236    5.3727e-10    0.0259065    0.0259065 
0.00144557    3.98052e-237    5.37267e-10    0.0259068    0.0259068 
0.00144292    1.4538e-237    5.37265e-10    0.0259071    0.0259071 
0.00144028    5.30966e-238    5.37262e-10    0.0259075    0.0259075 
0.00143765    1.93922e-238    5.37259e-10    0.0259078    0.0259078 
0.00143502    7.08238e-239    5.37256e-10    0.0259078    0.0259078 
0.00143241    2.58663e-239    5.37253e-10    0.0259081    0.0259081 
0.0014298    9.44689e-240    5.3725e-10    0.0259085    0.0259085 
0.00142721    3.45017e-240    5.37248e-10    0.0259088    0.0259088 
0.00142462    1.26006e-240    5.37245e-10    0.0259092    0.0259092 
0.00142205    4.6019e-241    5.37242e-10    0.0259095    0.0259095 
0.00141948    1.68067e-241    5.37239e-10    0.0259098    0.0259098 
0.00141692    6.13798e-242    5.37237e-10    0.0259102    0.0259102 
0.00141438    2.24161e-242    5.37234e-10    0.0259102    0.0259102 
0.00141184    8.18652e-243    5.37231e-10    0.0259105    0.0259105 
0.00140931    2.98976e-243    5.37228e-10    0.0259109    0.0259109 
0.00140679    1.09187e-243    5.37226e-10    0.0259112    0.0259112 
0.00140427    3.98752e-244    5.37223e-10    0.0259116    0.0259116 
0.00140177    1.45624e-244    5.3722e-10    0.0259119    0.0259119 
0.00139928    5.31817e-245    5.37218e-10    0.0259123    0.0259123 
0.00139679    1.94218e-245    5.37215e-10    0.0259126    0.0259126 
0.00139432    7.09264e-246    5.37213e-10    0.0259126    0.0259126 
0.00139185    2.59018e-246    5.3721e-10    0.025913    0.025913 
0.00138939    9.45912e-247    5.37207e-10    0.0259133    0.0259133 
0.00138694    3.45437e-247    5.37205e-10    0.0259137    0.0259137 
0.0013845    1.26149e-247    5.37202e-10    0.0259141    0.0259141 
0.00138207    4.60681e-248    5.372e-10    0.0259144    0.0259144 
0.00137964    1.68231e-248    5.37197e-10    0.0259144    0.0259144 
0.00137722    6.14351e-249    5.37194e-10    0.0259148    0.0259148 
0.00137482    2.2435e-249    5.37192e-10    0.0259152    0.0259152 
0.00137242    8.19279e-250    5.37189e-10    0.0259155    0.0259155 
0.00137003    2.99183e-250    5.37187e-10    0.0259159    0.0259159 
0.00136764    1.09254e-250    5.37184e-10    0.0259163    0.0259163 
0.00136527    3.98969e-251    5.37182e-10    0.0259166    0.0259166 
0.0013629    1.45691e-251    5.37179e-10    0.0259166    0.0259166 
0.00136055    5.32021e-252    5.37177e-10    0.025917    0.025917 
0.0013582    1.94278e-252    5.37174e-10    0.0259174    0.0259174 
0.00135586    7.09442e-253    5.37172e-10    0.0259178    0.0259178 
0.00135352    2.59064e-253    5.3717e-10    0.0259181    0.0259181 
0.0013512    9.46012e-254    5.37167e-10    0.0259185    0.0259185 
0.00134888    3.45444e-254    5.37165e-10    0.0259185    0.0259185 
0.00134657    1.26143e-254    5.37162e-10    0.0259189    0.0259189 
0.00134427    4.60624e-255    5.3716e-10    0.0259193    0.0259193 
0.00134197    1.68201e-255    5.37158e-10    0.0259197    0.0259197 
0.00133969    6.14197e-256    5.37155e-10    0.0259201    0.0259201 
0.00133741    2.24274e-256    5.37153e-10    0.0259201    0.0259201 
0.00133514    8.18945e-257    5.3715e-10    0.0259204    0.0259204 
0.00133288    2.9904e-257    5.37148e-10    0.0259208    0.0259208 
0.00133062    1.09195e-257    5.37146e-10    0.0259212    0.0259212 
0.00132837    3.98723e-258    5.37143e-10    0.0259216    0.0259216 
0.00132613    1.45593e-258    5.37141e-10    0.025922    0.025922 
0.0013239    5.31619e-259    5.37139e-10    0.025922    0.025922 
0.00132168    1.94118e-259    5.37136e-10    0.0259224    0.0259224 
0.00131946    7.08807e-260    5.37134e-10    0.0259228    0.0259228 
0.00131725    2.58815e-260    5.37132e-10    0.0259232    0.0259232 
0.00131505    9.45037e-261    5.3713e-10    0.0259236    0.0259236 
0.00131285    3.45064e-261    5.37127e-10    0.0259236    0.0259236 
0.00131066    1.25996e-261    5.37125e-10    0.025924    0.025924 
0.00130848    4.60055e-262    5.37123e-10    0.0259244    0.0259244 
0.00130631    1.67982e-262    5.37121e-10    0.0259248    0.0259248 
0.00130414    6.13356e-263    5.37118e-10    0.0259252    0.0259252 
0.00130199    2.23952e-263    5.37116e-10    0.0259252    0.0259252 
0.00129983    8.17715e-264    5.37114e-10    0.0259256    0.0259256 
0.00129769    2.98571e-264    5.37112e-10    0.0259261    0.0259261 
0.00129555    1.09016e-264    5.3711e-10    0.0259265    0.0259265 
0.00129342    3.98045e-265    5.37107e-10    0.0259269    0.0259269 
0.0012913    1.45333e-265    5.37105e-10    0.0259269    0.0259269 
0.00128918    5.30645e-266    5.37103e-10    0.0259273    0.0259273 
0.00128707    1.93749e-266    5.37101e-10    0.0259277    0.0259277 
0.00128497    7.07416e-267    5.37099e-10    0.0259281    0.0259281 
0.00128287    2.5829e-267    5.37097e-10    0.0259286    0.0259286 
0.00128078    9.43045e-268    5.37095e-10    0.0259286    0.0259286 
0.0012787    3.4432e-268    5.37092e-10    0.025929    0.025929 
0.00127662    1.25716e-268    5.3709e-10    0.0259294    0.0259294 
0.00127455    4.59004e-269    5.37088e-10    0.0259299    0.0259299 
0.00127249    1.67585e-269    5.37086e-10    0.0259299    0.0259299 
0.00127044    6.11867e-270    5.37084e-10    0.0259303    0.0259303 
0.00126839    2.23398e-270    5.37082e-10    0.0259307    0.0259307 
0.00126635    8.15639e-271    5.3708e-10    0.0259311    0.0259311 
0.00126431    2.97794e-271    5.37078e-10    0.0259316    0.0259316 
0.00126228    1.08724e-271    5.37076e-10    0.0259316    0.0259316 
0.00126026    3.96953e-272    5.37074e-10    0.025932    0.025932 
0.00125824    1.44928e-272    5.37072e-10    0.0259325    0.0259325 
0.00125623    5.29132e-273    5.3707e-10    0.0259329    0.0259329 
0.00125423    1.93182e-273    5.37068e-10    0.0259329    0.0259329 
0.00125223    7.05301e-274    5.37066e-10    0.0259333    0.0259333 
0.00125024    2.57502e-274    5.37064e-10    0.0259338    0.0259338 
0.00124826    9.40125e-275    5.37062e-10    0.0259342    0.0259342 
0.00124628    3.43233e-275    5.3706e-10    0.0259347    0.0259347 
0.00124431    1.25309e-275    5.37058e-10    0.0259347    0.0259347 
0.00124234    4.57491e-276    5.37056e-10    0.0259351    0.0259351 
0.00124038    1.67025e-276    5.37054e-10    0.0259356    0.0259356 
0.00123843    6.09787e-277    5.37052e-10    0.025936    0.025936 
0.00123648    2.22621e-277    5.3705e-10    0.025936    0.025936 
0.00123454    8.12754e-278    5.37048e-10    0.0259365    0.0259365 
0.00123261    2.96723e-278    5.37046e-10    0.025937    0.025937 
0.00123068    1.08328e-278    5.37044e-10    0.0259374    0.0259374 
0.00122875    3.95479e-279    5.37042e-10    0.0259374    0.0259374 
0.00122684    1.44381e-279    5.3704e-10    0.0259379    0.0259379 
0.00122493    5.27104e-280    5.37038e-10    0.0259383    0.0259383 
0.00122302    1.92433e-280    5.37036e-10    0.0259388    0.0259388 
0.00122112    7.02514e-281    5.37034e-10    0.0259388    0.0259388 
0.00121923    2.5647e-281    5.37032e-10    0.0259393    0.0259393 
0.00121734    9.36302e-282    5.37031e-10    0.0259398    0.0259398 
0.00121546    3.41817e-282    5.37029e-10    0.0259402    0.0259402 
0.00121359    1.24785e-282    5.37027e-10    0.0259402    0.0259402 
0.00121172    4.55551e-283    5.37025e-10    0.0259407    0.0259407 
0.00120985    1.66307e-283    5.37023e-10    0.0259412    0.0259412 
0.00120799    6.07132e-284    5.37021e-10    0.0259417    0.0259417 
0.00120614    2.21639e-284    5.37019e-10    0.0259417    0.0259417 
0.00120429    8.09122e-285    5.37018e-10    0.0259421    0.0259421 
0.00120245    2.9538e-285    5.37016e-10    0.0259426    0.0259426 
0.00120062    1.07832e-285    5.37014e-10    0.0259431    0.0259431 
0.00119879    3.93644e-286    5.37012e-10    0.0259431    0.0259431 
0.00119696    1.43703e-286    5.3701e-10    0.0259436    0.0259436 
0.00119514    5.246e-287    5.37008e-10    0.0259441    0.0259441 
0.00119333    1.91505e-287    5.37007e-10    0.0259441    0.0259441 
0.00119152    6.99099e-288    5.37005e-10    0.0259446    0.0259446 
0.00118972    2.55209e-288    5.37003e-10    0.0259451    0.0259451 
0.00118792    9.31647e-289    5.37001e-10    0.0259456    0.0259456 
0.00118613    3.40092e-289    5.37e-10    0.0259456    0.0259456 
0.00118434    1.24151e-289    5.36998e-10    0.0259461    0.0259461 
0.00118256    4.53211e-290    5.36996e-10    0.0259466    0.0259466 
0.00118079    1.65444e-290    5.36994e-10    0.0259471    0.0259471 
0.00117902    6.03936e-291    5.36993e-10    0.0259471    0.0259471 
0.00117725    2.20464e-291    5.36991e-10    0.0259476    0.0259476 
0.00117549    8.04791e-292    5.36989e-10    0.0259481    0.0259481 
0.00117374    2.93777e-292    5.36987e-10    0.0259481    0.0259481 
0.00117199    1.07241e-292    5.36986e-10    0.0259486    0.0259486 
0.00117025    3.91473e-293    5.36984e-10    0.0259491    0.0259491 
0.00116851    1.42903e-293    5.36982e-10    0.0259496    0.0259496 
0.00116677    5.21641e-294    5.3698e-10    0.0259496    0.0259496 
0.00116505    1.90418e-294    5.36979e-10    0.0259501    0.0259501 
0.00116332    6.95095e-295    5.36977e-10    0.0259506    0.0259506 
0.0011616    2.53729e-295    5.36975e-10    0.0259506    0.0259506 
0.00115989    9.26195e-296    5.36974e-10    0.0259512    0.0259512 
0.00115818    3.38091e-296    5.36972e-10    0.0259517    0.0259517 
0.00115648    1.23414e-296    5.3697e-10    0.0259522    0.0259522 
0.00115478    4.50488e-297    5.36969e-10    0.0259522    0.0259522 
0.00115309    1.64441e-297    5.36967e-10    0.0259527    0.0259527 
0.0011514    6.00256e-298    5.36965e-10    0.0259533    0.0259533 
0.00114972    2.19105e-298    5.36964e-10    0.0259533    0.0259533 
0.00114804    7.99789e-299    5.36962e-10    0.0259538    0.0259538 
0.00114637    2.91942e-299    5.36961e-10    0.0259543    0.0259543 
0.0011447    1.06566e-299    5.36959e-10    0.0259549    0.0259549 
0.00114303    3.8898e-300    5.36957e-10    0.0259549    0.0259549 
0.00114137    1.41986e-300    5.36956e-10    0.0259554    0.0259554 
0.00113972    5.18276e-301    5.36954e-10    0.0259559    0.0259559 
0.00113807    1.89177e-301    5.36952e-10    0.0259559    0.0259559 
0.00113643    6.90528e-302    5.36951e-10    0.0259565    0.0259565 
0.00113479    2.52054e-302    5.36949e-10    0.025957    0.025957 
0.00113315    9.20016e-303    5.36948e-10    0.025957    0.025957 
0.00113152    3.35819e-303    5.36946e-10    0.0259576    0.0259576 
0.0011299    1.22578e-303    5.36945e-10    0.0259581    0.0259581 
0.00112827    4.47425e-304    5.36943e-10    0.0259587    0.0259587 
0.00112666    1.63312e-304    5.36941e-10    0.0259587    0.0259587 
0.00112505    5.96103e-305    5.3694e-10    0.0259592    0.0259592 
0.00112344    2.17583e-305    5.36938e-10    0.0259598    0.0259598 
0.00112184    7.94176e-306    5.36937e-10    0.0259598    0.0259598 
0.00112024    2.89879e-306    5.36935e-10    0.0259603    0.0259603 
0.00111865    1.05808e-306    5.36934e-10    0.0259609    0.0259609 
0.00111706    3.86194e-307    5.36932e-10    0.0259609    0.0259609 
0.00111547    1.40962e-307    5.36931e-10    0.0259615    0.0259615 
0.00111389    5.14514e-308    5.36929e-10    0.025962    0.025962 
0.00111232    1.87794e-308    5.36928e-10    0.025962    0.025962 
0.00111075    6.85448e-309    5.36926e-10    0.0259626    0.0259626 
0.00110918    2.50188e-309    5.36924e-10    0.0259632    0.0259632 
0.00110762    9.13159e-310    5.36923e-10    0.0259632    0.0259632 
0.00110606    3.333e-310    5.36921e-10    0.0259637    0.0259637 
0.00110451    1.21653e-310    5.3692e-10    0.0259643    0.0259643 
0.00110296    4.44017e-311    5.36919e-10    0.0259643    0.0259643 
0.00110141    1.62064e-311    5.36917e-10    0.0259649    0.0259649 
0.00109987    5.9152e-312    5.36916e-10    0.0259655    0.0259655 
0.00109834    2.159e-312    5.36914e-10    0.0259661    0.0259661 
0.00109681    7.87995e-313    5.36913e-10    0.0259661    0.0259661 
0.00109528    2.8761e-313    5.36911e-10    0.0259666    0.0259666 
0.00109375    1.04974e-313    5.3691e-10    0.0259672    0.0259672 
0.00109224    3.83134e-314    5.36908e-10    0.0259672    0.0259672 
0.00109072    1.39839e-314    5.36907e-10    0.0259678    0.0259678 
0.00108921    5.10391e-315    5.36905e-10    0.0259684    0.0259684 
0.0010877    1.8628e-315    5.36904e-10    0.0259684    0.0259684 
0.0010862    6.79892e-316    5.36902e-10    0.025969    0.025969 
0.0010847    2.48148e-316    5.36901e-10    0.0259696    0.0259696 
0.00108321    9.05668e-317    5.369e-10    0.0259696    0.0259696 
0.00108172    3.30552e-317    5.36898e-10    0.0259702    0.0259702 
0.00108023    1.20644e-317    5.36897e-10    0.0259708    0.0259708 
0.00107875    4.40267e-318    5.36895e-10    0.0259708    0.0259708 
0.00107727    1.60723e-318    5.36894e-10    0.0259714    0.0259714 
0.0010758    5.86515e-319    5.36893e-10    0.025972    0.025972 
0.00107433    2.13837e-319    5.36891e-10    0.025972    0.025972 
0.00107287    7.81661e-320    5.3689e-10    0.0259726    0.0259726 
0.0010714    2.83594e-320    5.36888e-10    0.0259726    0.0259726 
0.00106995    1.0825e-320    5.36887e-10    0.0259733    0.0259733 
0.00106849    4.06616e-321    5.36886e-10    0.0259739    0.0259739 
0.00106704    1.35868e-321    5.36884e-10    0.0259739    0.0259739 
0.0010656    0    5.36883e-10    0.0259745    0.0259745 
0.00106416    0    5.36881e-10    0.0259751    0.0259751 
0.00106272    0    5.3688e-10    0.0259751    0.0259751 
0.00106128    0    5.36879e-10    0.0259757    0.0259757 
0.00105985    0    5.36877e-10    0.0259764    0.0259764 
0.00105843    0    5.36876e-10    0.0259764    0.0259764 
0.001057    0    5.36875e-10    0.025977    0.025977 
0.00105559    0    5.36873e-10    0.0259776    0.0259776 
0.00105417    0    5.36872e-10    0.0259776    0.0259776 
0.00105276    0    5.36871e-10    0.0259783    0.0259783 
0.00105135    0    5.36869e-10    0.0259789    0.0259789 
0.00104995    0    5.36868e-10    0.0259789    0.0259789 
0.00104855    0    5.36867e-10    0.0259795    0.0259795 
0.00104715    0    5.36865e-10    0.0259802    0.0259802 
0.00104576    0    5.36864e-10    0.0259802    0.0259802 
0.00104437    0    5.36863e-10    0.0259808    0.0259808 
0.00104299    0    5.36861e-10    0.0259808    0.0259808 
0.00104161    0    5.3686e-10    0.0259815    0.0259815 
0.00104023    0    5.36859e-10    0.0259821    0.0259821 
0.00103885    0    5.36858e-10    0.0259821    0.0259821 
0.00103748    0    5.36856e-10    0.0259828    0.0259828 
0.00103612    0    5.36855e-10    0.0259834    0.0259834 
0.00103475    0    5.36854e-10    0.0259834    0.0259834 
0.00103339    0    5.36852e-10    0.0259841    0.0259841 
0.00103204    0    5.36851e-10    0.0259848    0.0259848 
0.00103068    0    5.3685e-10    0.0259848    0.0259848 
0.00102934    0    5.36849e-10    0.0259854    0.0259854 
0.00102799    0    5.36847e-10    0.0259854    0.0259854 
0.00102665    0    5.36846e-10    0.0259861    0.0259861 
0.00102531    0    5.36845e-10    0.0259868    0.0259868 
0.00102398    0    5.36844e-10    0.0259868    0.0259868 
0.00102264    0    5.36842e-10    0.0259875    0.0259875 
0.00102132    0    5.36841e-10    0.0259881    0.0259881 
0.00101999    0    5.3684e-10    0.0259881    0.0259881 
0.00101867    0    5.36839e-10    0.0259888    0.0259888 
0.00101735    0    5.36837e-10    0.0259888    0.0259888 
0.00101604    0    5.36836e-10    0.0259895    0.0259895 
0.00101473    0    5.36835e-10    0.0259902    0.0259902 
0.00101342    0    5.36834e-10    0.0259902    0.0259902 
0.00101212    0    5.36832e-10    0.0259909    0.0259909 
0.00101081    0    5.36831e-10    0.0259916    0.0259916 
0.00100952    0    5.3683e-10    0.0259916    0.0259916 
0.00100822    0    5.36829e-10    0.0259923    0.0259923 
0.00100693    0    5.36828e-10    0.0259923    0.0259923 
0.00100564    0    5.36826e-10    0.025993    0.025993 
0.00100436    0    5.36825e-10    0.0259937    0.0259937 
0.00100308    0    5.36824e-10    0.0259937    0.0259937 
0.0010018    0    5.36823e-10    0.0259944    0.0259944 
0.00100053    0    5.36822e-10    0.0259951    0.0259951 
0.000999255    0    5.3682e-10    0.0259951    0.0259951 
0.000997987    0    5.36819e-10    0.0259958    0.0259958 
0.000996723    0    5.36818e-10    0.0259958    0.0259958 
0.000995461    0    5.36817e-10    0.0259965    0.0259965 
0.000994203    0    5.36816e-10    0.0259972    0.0259972 
0.000992947    0    5.36815e-10    0.0259972    0.0259972 
0.000991695    0    5.36813e-10    0.0259979    0.0259979 
0.000990446    0    5.36812e-10    0.0259979    0.0259979 
0.000989201    0    5.36811e-10    0.0259987    0.0259987 
0.000987958    0    5.3681e-10    0.0259994    0.0259994 
0.000986719    0    5.36809e-10    0.0259994    0.0259994 
0.000985482    0    5.36808e-10    0.0260001    0.0260001 
0.000984249    0    5.36807e-10    0.0260001    0.0260001 
0.000983019    0    5.36805e-10    0.0260008    0.0260008 
0.000981791    0    5.36804e-10    0.0260016    0.0260016 
0.000980567    0    5.36803e-10    0.0260016    0.0260016 
0.000979346    0    5.36802e-10    0.0260023    0.0260023 
0.000978128    0    5.36801e-10    0.0260023    0.0260023 
0.000976913    0    5.368e-10    0.0260031    0.0260031 
0.000975701    0    5.36799e-10    0.0260038    0.0260038 
0.000974492    0    5.36798e-10    0.0260038    0.0260038 
0.000973286    0    5.36796e-10    0.0260046    0.0260046 
0.000972083    0    5.36795e-10    0.0260046    0.0260046 
0.000970883    0    5.36794e-10    0.0260053    0.0260053 
0.000969686    0    5.36793e-10    0.0260061    0.0260061 
0.000968492    0    5.36792e-10    0.0260061    0.0260061 
0.000967301    0    5.36791e-10    0.0260068    0.0260068 
0.000966113    0    5.3679e-10    0.0260068    0.0260068 
0.000964927    0    5.36789e-10    0.0260076    0.0260076 
0.000963745    0    5.36788e-10    0.0260083    0.0260083 
0.000962565    0    5.36787e-10    0.0260083    0.0260083 
0.000961389    0    5.36785e-10    0.0260091    0.0260091 
0.000960215    0    5.36784e-10    0.0260091    0.0260091 
0.000959044    0    5.36783e-10    0.0260099    0.0260099 
0.000957876    0    5.36782e-10    0.0260107    0.0260107 
0.000956711    0    5.36781e-10    0.0260107    0.0260107 
0.000955548    0    5.3678e-10    0.0260114    0.0260114 
0.000954389    0    5.36779e-10    0.0260114    0.0260114 
0.000953232    0    5.36778e-10    0.0260122    0.0260122 
0.000952078    0    5.36777e-10    0.0260122    0.0260122 
0.000950927    0    5.36776e-10    0.026013    0.026013 
0.000949778    0    5.36775e-10    0.0260138    0.0260138 
0.000948633    0    5.36774e-10    0.0260138    0.0260138 
0.00094749    0    5.36773e-10    0.0260146    0.0260146 
0.00094635    0    5.36772e-10    0.0260146    0.0260146 
0.000945212    0    5.36771e-10    0.0260154    0.0260154 
0.000944078    0    5.3677e-10    0.0260162    0.0260162 
0.000942946    0    5.36769e-10    0.0260162    0.0260162 
0.000941817    0    5.36768e-10    0.026017    0.026017 
0.00094069    0    5.36767e-10    0.026017    0.026017 
0.000939566    0    5.36765e-10    0.0260178    0.0260178 
0.000938445    0    5.36764e-10    0.0260178    0.0260178 
0.000937327    0    5.36763e-10    0.0260186    0.0260186 
0.000936211    0    5.36762e-10    0.0260194    0.0260194 
0.000935098    0    5.36761e-10    0.0260194    0.0260194 
0.000933987    0    5.3676e-10    0.0260202    0.0260202 
0.000932879    0    5.36759e-10    0.0260202    0.0260202 
0.000931774    0    5.36758e-10    0.026021    0.026021 
0.000930672    0    5.36757e-10    0.026021    0.026021 
0.000929571    0    5.36756e-10    0.0260219    0.0260219 
0.000928474    0    5.36755e-10    0.0260227    0.0260227 
0.000927379    0    5.36754e-10    0.0260227    0.0260227 
0.000926287    0    5.36753e-10    0.0260235    0.0260235 
0.000925197    0    5.36752e-10    0.0260235    0.0260235 
0.00092411    0    5.36751e-10    0.0260243    0.0260243 
0.000923026    0    5.3675e-10    0.0260243    0.0260243 
0.000921944    0    5.36749e-10    0.0260252    0.0260252 
0.000920864    0    5.36748e-10    0.026026    0.026026 
0.000919787    0    5.36747e-10    0.026026    0.026026 
0.000918713    0    5.36747e-10    0.0260269    0.0260269 
0.000917641    0    5.36746e-10    0.0260269    0.0260269 
0.000916571    0    5.36745e-10    0.0260277    0.0260277 
0.000915504    0    5.36744e-10    0.0260277    0.0260277 
0.00091444    0    5.36743e-10    0.0260286    0.0260286 
0.000913378    0    5.36742e-10    0.0260286    0.0260286 
0.000912318    0    5.36741e-10    0.0260294    0.0260294 
0.000911261    0    5.3674e-10    0.0260303    0.0260303 
0.000910207    0    5.36739e-10    0.0260303    0.0260303 
0.000909154    0    5.36738e-10    0.0260311    0.0260311 
0.000908105    0    5.36737e-10    0.0260311    0.0260311 
0.000907057    0    5.36736e-10    0.026032    0.026032 
0.000906012    0    5.36735e-10    0.026032    0.026032 
0.00090497    0    5.36734e-10    0.0260329    0.0260329 
0.00090393    0    5.36733e-10    0.0260338    0.0260338 
0.000902892    0    5.36732e-10    0.0260338    0.0260338 
0.000901856    0    5.36731e-10    0.0260346    0.0260346 
0.000900823    0    5.3673e-10    0.0260346    0.0260346 
0.000899793    0    5.36729e-10    0.0260355    0.0260355 
0.000898765    0    5.36728e-10    0.0260355    0.0260355 
0.000897739    0    5.36728e-10    0.0260364    0.0260364 
0.000896715    0    5.36727e-10    0.0260364    0.0260364 
0.000895694    0    5.36726e-10    0.0260373    0.0260373 
0.000894675    0    5.36725e-10    0.0260373    0.0260373 
0.000893658    0    5.36724e-10    0.0260382    0.0260382 
0.000892644    0    5.36723e-10    0.0260391    0.0260391 
0.000891632    0    5.36722e-10    0.0260391    0.0260391 
0.000890622    0    5.36721e-10    0.02604    0.02604 
0.000889615    0    5.3672e-10    0.02604    0.02604 
0.00088861    0    5.36719e-10    0.0260409    0.0260409 
0.000887607    0    5.36718e-10    0.0260409    0.0260409 
0.000886606    0    5.36718e-10    0.0260418    0.0260418 
0.000885608    0    5.36717e-10    0.0260418    0.0260418 
0.000884612    0    5.36716e-10    0.0260427    0.0260427 
0.000883618    0    5.36715e-10    0.0260427    0.0260427 
0.000882626    0    5.36714e-10    0.0260436    0.0260436 
0.000881637    0    5.36713e-10    0.0260445    0.0260445 
0.000880649    0    5.36712e-10    0.0260445    0.0260445 
0.000879664    0    5.36711e-10    0.0260455    0.0260455 
0.000878682    0    5.3671e-10    0.0260455    0.0260455 
0.000877701    0    5.3671e-10    0.0260464    0.0260464 
0.000876723    0    5.36709e-10    0.0260464    0.0260464 
0.000875746    0    5.36708e-10    0.0260473    0.0260473 
0.000874772    0    5.36707e-10    0.0260473    0.0260473 
0.0008738    0    5.36706e-10    0.0260483    0.0260483 
0.000872831    0    5.36705e-10    0.0260483    0.0260483 
0.000871863    0    5.36704e-10    0.0260492    0.0260492 
0.000870897    0    5.36703e-10    0.0260492    0.0260492 
0.000869934    0    5.36703e-10    0.0260501    0.0260501 
0.000868973    0    5.36702e-10    0.0260511    0.0260511 
0.000868014    0    5.36701e-10    0.0260511    0.0260511 
0.000867057    0    5.367e-10    0.026052    0.026052 
0.000866102    0    5.36699e-10    0.026052    0.026052 
0.000865149    0    5.36698e-10    0.026053    0.026053 
0.000864199    0    5.36697e-10    0.026053    0.026053 
0.00086325    0    5.36697e-10    0.026054    0.026054 
0.000862304    0    5.36696e-10    0.026054    0.026054 
0.000861359    0    5.36695e-10    0.0260549    0.0260549 
0.000860417    0    5.36694e-10    0.0260549    0.0260549 
0.000859476    0    5.36693e-10    0.0260559    0.0260559 
0.000858538    0    5.36692e-10    0.0260559    0.0260559 
0.000857602    0    5.36692e-10    0.0260569    0.0260569 
0.000856668    0    5.36691e-10    0.0260569    0.0260569 
0.000855736    0    5.3669e-10    0.0260578    0.0260578 
0.000854806    0    5.36689e-10    0.0260578    0.0260578 
0.000853878    0    5.36688e-10    0.0260588    0.0260588 
0.000852952    0    5.36687e-10    0.0260598    0.0260598 
0.000852027    0    5.36687e-10    0.0260598    0.0260598 
0.000851105    0    5.36686e-10    0.0260608    0.0260608 
0.000850185    0    5.36685e-10    0.0260608    0.0260608 
0.000849267    0    5.36684e-10    0.0260618    0.0260618 
0.000848351    0    5.36683e-10    0.0260618    0.0260618 
0.000847437    0    5.36683e-10    0.0260628    0.0260628 
0.000846525    0    5.36682e-10    0.0260628    0.0260628 
0.000845615    0    5.36681e-10    0.0260638    0.0260638 
0.000844706    0    5.3668e-10    0.0260638    0.0260638 
0.0008438    0    5.36679e-10    0.0260648    0.0260648 
0.000842896    0    5.36678e-10    0.0260648    0.0260648 
0.000841993    0    5.36678e-10    0.0260658    0.0260658 
0.000841093    0    5.36677e-10    0.0260658    0.0260658 
0.000840194    0    5.36676e-10    0.0260668    0.0260668 
0.000839298    0    5.36675e-10    0.0260668    0.0260668 
0.000838403    0    5.36675e-10    0.0260678    0.0260678 
0.00083751    0    5.36674e-10    0.0260678    0.0260678 
0.000836619    0    5.36673e-10    0.0260689    0.0260689 
0.00083573    0    5.36672e-10    0.0260689    0.0260689 
0.000834843    0    5.36671e-10    0.0260699    0.0260699 
0.000833958    0    5.36671e-10    0.0260699    0.0260699 
0.000833074    0    5.3667e-10    0.0260709    0.0260709 
0.000832193    0    5.36669e-10    0.0260709    0.0260709 
0.000831313    0    5.36668e-10    0.026072    0.026072 
0.000830435    0    5.36667e-10    0.026072    0.026072 
0.00082956    0    5.36667e-10    0.026073    0.026073 
0.000828685    0    5.36666e-10    0.026073    0.026073 
0.000827813    0    5.36665e-10    0.0260741    0.0260741 
0.000826943    0    5.36664e-10    0.0260741    0.0260741 
0.000826074    0    5.36664e-10    0.0260751    0.0260751 
0.000825207    0    5.36663e-10    0.0260751    0.0260751 
0.000824342    0    5.36662e-10    0.0260762    0.0260762 
0.000823479    0    5.36661e-10    0.0260762    0.0260762 
0.000822618    0    5.36661e-10    0.0260772    0.0260772 
0.000821758    0    5.3666e-10    0.0260783    0.0260783 
0.000820901    0    5.36659e-10    0.0260783    0.0260783 
0.000820045    0    5.36658e-10    0.0260794    0.0260794 
0.000819191    0    5.36658e-10    0.0260794    0.0260794 
0.000818338    0    5.36657e-10    0.0260804    0.0260804 
0.000817488    0    5.36656e-10    0.0260804    0.0260804 
0.000816639    0    5.36655e-10    0.0260815    0.0260815 
0.000815792    0    5.36655e-10    0.0260815    0.0260815 
0.000814946    0    5.36654e-10    0.0260826    0.0260826 
0.000814103    0    5.36653e-10    0.0260826    0.0260826 
0.000813261    0    5.36652e-10    0.0260837    0.0260837 
0.000812421    0    5.36652e-10    0.0260837    0.0260837 
0.000811582    0    5.36651e-10    0.0260848    0.0260848 
0.000810746    0    5.3665e-10    0.0260848    0.0260848 
0.000809911    0    5.36649e-10    0.0260859    0.0260859 
0.000809078    0    5.36649e-10    0.0260859    0.0260859 
0.000808246    0    5.36648e-10    0.026087    0.026087 
0.000807416    0    5.36647e-10    0.026087    0.026087 
0.000806588    0    5.36646e-10    0.026087    0.026087 
0.000805762    0    5.36646e-10    0.0260881    0.0260881 
0.000804937    0    5.36645e-10    0.0260881    0.0260881 
0.000804114    0    5.36644e-10    0.0260892    0.0260892 
0.000803293    0    5.36644e-10    0.0260892    0.0260892 
0.000802473    0    5.36643e-10    0.0260903    0.0260903 
0.000801655    0    5.36642e-10    0.0260903    0.0260903 
0.000800839    0    5.36641e-10    0.0260914    0.0260914 
0.000800024    0    5.36641e-10    0.0260914    0.0260914 
0.000799211    0    5.3664e-10    0.0260925    0.0260925 
0.0007984    0    5.36639e-10    0.0260925    0.0260925 
0.00079759    0    5.36639e-10    0.0260937    0.0260937 
0.000796782    0    5.36638e-10    0.0260937    0.0260937 
0.000795976    0    5.36637e-10    0.0260948    0.0260948 
0.000795171    0    5.36636e-10    0.0260948    0.0260948 
0.000794368    0    5.36636e-10    0.026096    0.026096 
