1.1090587387084962e-26
1.1090396671295168e-26
1.1090205955505373e-26
1.1089824523925783e-26
1.1089443092346193e-26
1.1089061660766603e-26
1.1088298797607424e-26
1.1087535934448244e-26
1.1086582355499268e-26
1.1085247344970703e-26
1.1083721618652344e-26
1.10816237449646e-26
1.1079144439697267e-26
1.1076092987060549e-26
1.1072087955474855e-26
1.1066938629150392e-26
1.1060740365982056e-26
1.1052825660705567e-26
1.104290843963623e-26
1.103051191329956e-26
1.1014873218536378e-26
1.0995420207977294e-26
1.0971008586883544e-26
1.0940494060516359e-26
1.0902541618347168e-26
1.0855244102478028e-26
1.0798029365539552e-26
1.0725938796997072e-26
1.0637255954742434e-26
1.0528834028244019e-26