1.0802987976074219e-26
1.0802606544494629e-26
1.0802034397125245e-26
1.0801366891860963e-26
1.0800508670806886e-26
1.0799364376068115e-26
1.0798029365539552e-26
1.0796312923431397e-26
1.0794215049743653e-26
1.0791354312896729e-26
1.078792142868042e-26
1.0783725681304934e-26
1.0778194923400879e-26
1.077151987075806e-26
1.0762937660217287e-26
1.0752257575988771e-26
1.0738716754913333e-26
1.0721933765411381e-26
1.070076431274414e-26
1.0674445533752442e-26
1.0641642417907715e-26
1.0600829238891604e-26
1.0550098838806153e-26
1.0487544059753418e-26
1.0410494880676271e-26
1.0317616291046143e-26
1.0202805385589599e-26
1.0063773574829102e-26
9.89708797454834e-27
9.698934268951418e-27