1.0644503154754638e-26
1.0494791259765626e-26
1.0314755554199219e-26
1.0101535301208499e-26
9.848836879730225e-27
9.555134563446045e-27
9.218521194458008e-27
8.839568920135499e-27
8.420184898376467e-27
7.96494630813599e-27
7.480909633636476e-27
6.976657085418702e-27
6.461915168762208e-27
5.9466011047363295e-27
5.440298361778261e-27
4.9511600399017346e-27
4.485813512802124e-27
4.048692922592164e-27
3.64284972190857e-27
3.269380526542664e-27
2.9284283733367926e-27
2.618992004394532e-27
2.3395456933975223e-27
2.088110764026642e-27
1.8625178241729736e-27
1.660573642253876e-27
1.4800611472129823e-27
1.318882465362549e-27
1.175130438804627e-27
1.0469694280624393e-27
9.327425897121432e-28
8.309837961196902e-28
7.403222775459291e-28
6.595779800415041e-28
5.876542878150942e-28
5.235976219177247e-28
4.665259218215943e-28
4.157001638412476e-28
3.7041708350181586e-28
3.300747340917587e-28
2.941367274522782e-28
2.621173343062402e-28
2.335874441266061e-28
2.0816860526800163e-28
1.8551514536142356e-28
1.6533205091953282e-28
1.4734516799449922e-28
1.3131610184907919e-28
1.1703178718686108e-28
1.0430150821805e-28
9.295689865946772e-29