2.4118764419555667e-26
2.4116857261657717e-26
2.411495010375977e-26
2.4111898651123052e-26
2.410846576690674e-26
2.4103888587951663e-26
2.4098548545837404e-26
2.4091301345825197e-26
2.408252841949463e-26
2.4071466903686527e-26
2.40573539352417e-26
2.4039808082580568e-26
2.4018066482543948e-26
2.3990221977233887e-26
2.3955893135070807e-26
2.391240993499756e-26
2.3858628082275397e-26
2.379111469268799e-26
2.3707199745178229e-26
2.360345035552979e-26
2.3478340797424317e-26
2.3319665260314948e-26
2.3125135154724123e-26
2.288788471221924e-26
2.2600285301208493e-26
2.2253945426940917e-26
2.184085502624512e-26
2.1353004035949708e-26
2.078276382446289e-26
2.0125175781250004e-26