1.1285498924255372e-26
1.1285308208465576e-26
1.1285117492675782e-26
1.1284926776885988e-26
1.1284545345306397e-26
1.1284163913726808e-26
1.1283591766357423e-26
1.1282828903198244e-26
1.1281875324249267e-26
1.1280731029510496e-26
1.1279205303192137e-26
1.1277488861083984e-26
1.1275200271606446e-26
1.1272339534759522e-26
1.1268715934753417e-26
1.126413875579834e-26
1.1258607997894288e-26
1.1251360797882082e-26
1.1242397155761719e-26
1.1231144924163818e-26
1.1217031955718996e-26
1.1199295387268068e-26
1.117698163986206e-26
1.1149327850341798e-26
1.1114617576599122e-26
1.1071325092315675e-26
1.1017543239593505e-26
1.0950983428955078e-26
1.086878492355347e-26
1.0767705554962159e-26