2.231904804706574e-28
2.324431762099266e-28
2.419454414397478e-28
2.5165630206465724e-28
2.6134481318295005e-28
2.703255899250508e-28
2.772688366472722e-28
2.8083358295261866e-28
2.8080378361046314e-28
2.7860608212649833e-28
2.7636740654706964e-28
2.7542127743363386e-28
2.7557027414441117e-28
2.753691285848618e-28
2.697780270129443e-28
2.564316466450692e-28
2.1995352692902086e-28
1.7448345571756364e-28
1.5455142073333266e-28
1.5283423364162446e-28
1.505769334733486e-28
1.4802536480128765e-28
1.4672164358198644e-28
1.4683339111506938e-28
1.4826934691518544e-28
1.5059183314442636e-28
1.531899632886052e-28
1.5629468224942686e-28
1.5996372625231743e-28
1.6413377169519664e-28
1.6877315677702429e-28
1.736993605270982e-28
1.7887885868549348e-28
1.8424274027347568e-28
1.896699454635382e-28
1.9501520246267321e-28
1.9990974441170696e-28
2.0422692410647875e-28
2.0788851827383044e-28
2.10875902324915e-28
2.1348706968128684e-28
2.159417904913426e-28
2.187317539006472e-28
2.2212887890636924e-28
2.263231363147498e-28
2.3112455531954767e-28
2.3649588674306873e-28
2.423104833811522e-28
2.4846404753625396e-28
2.549640290439129e-28
2.6160555742681034e-28