1.6680467185974123e-26
1.6678941459655764e-26
1.6677415733337405e-26
1.667512714385987e-26
1.667245712280274e-26
1.6669024238586427e-26
1.666482849121094e-26
1.6659297733306888e-26
1.6652622680664067e-26
1.6644040470123293e-26
1.6633169670104983e-26
1.6619819564819337e-26
1.6602845859527594e-26
1.6581676406860357e-26
1.655497619628907e-26
1.6521791648864748e-26
1.648002489089966e-26
1.6427959480285647e-26
1.6363116111755373e-26
1.628263404846192e-26
1.6186131858825684e-26
1.606292945861817e-26
1.591188255310059e-26
1.5727269668579106e-26
1.5502987899780277e-26
1.5233315773010258e-26
1.4911387519836426e-26
1.4531100234985355e-26
1.408768602371216e-26
1.357771200180054e-26