2.288225293159485e-27
2.383374592661858e-27
2.481325030326843e-27
2.581689214706421e-27
2.682202395796776e-27
2.7759511262178424e-27
2.8496448993682863e-27
2.8896952152252198e-27
2.8939863204956055e-27
2.8767623007297518e-27
2.8596574783325197e-27
2.8559325605630876e-27
2.8631440013647084e-27
2.8660345375537874e-27
2.8116209387779233e-27
2.6763319253921508e-27
2.3023501813411715e-27
1.8265142858028413e-27
1.6219418019056323e-27
1.6163097262382507e-27
1.5998902887105942e-27
1.575395229458809e-27
1.558886393904686e-27
1.557128232717514e-27
1.5707465320825578e-27
1.5916060715913774e-27
1.6155945420265198e-27
1.645423683524132e-27
1.6807955026626587e-27
1.7215014040470127e-27
1.7671837955713273e-27
1.815846121311188e-27
1.8671307891607288e-27
1.9203524142503734e-27
1.9754513978958132e-27
2.029179611802101e-27
2.0793915033340454e-27
2.124388509988785e-27
2.1634256482124333e-27
2.19715850353241e-27
2.2264214575290682e-27
2.2552672207355502e-27
2.287688905000687e-27
2.32604065835476e-27
2.3718720465898514e-27
2.4229183197021486e-27
2.4787324875593183e-27
2.5381821751594544e-27
2.6004628002643583e-27
2.6658425569534302e-27
2.7324142873287202e-27