2.2108840537071233e-26
2.2330786037445072e-26
2.2576332616806034e-26
2.2850009775161747e-26
2.316039972305298e-26
2.3515607881546023e-26
2.390252254009247e-26
2.4272272777557375e-26
2.4543565988540654e-26
2.4643691778182984e-26
2.4564544725418094e-26
2.435952525138855e-26
2.4116839408874515e-26
2.387558393478394e-26
2.364910893440247e-26
2.343646082878113e-26
2.397237219810486e-26
2.248669619560242e-26
2.0382624244689942e-26
1.84087158203125e-26
1.699217429161072e-26
1.5783036184310916e-26
1.4378891181945802e-26
1.3383116364479065e-26
1.2865561389923097e-26
1.2270051336288452e-26
1.1864780282974246e-26
1.1568932414054872e-26
1.1320286703109744e-26
1.1133027637004854e-26
1.0996546649932862e-26
1.0905241465568543e-26
1.084635796546936e-26
1.0817750597000122e-26
1.082931274175644e-26
1.0874965333938599e-26
1.0939331912994386e-26
1.1014426255226135e-26
1.1094884479045868e-26
1.1173077952861788e-26
1.1237086939811708e-26
1.1279640400409701e-26
1.1296924018859865e-26
1.1293348097801209e-26
1.1275230097770693e-26
1.1253536176681519e-26
1.1236610150337221e-26
1.1229458308219912e-26
1.1236133360862733e-26
1.1254966545104983e-26
1.1286196255683901e-26