2.2415290985107427e-26
2.2410332374572762e-26
2.240422946929932e-26
2.2396982269287113e-26
2.2387446479797366e-26
2.2375240669250494e-26
2.2360364837646486e-26
2.2341674690246584e-26
2.2318025932312011e-26
2.2288274269104008e-26
2.225165683746338e-26
2.220550361633301e-26
2.2147907447814947e-26
2.207657974243164e-26
2.1988087615966796e-26
2.1878616752624514e-26
2.1743589973449712e-26
2.1578430099487307e-26
2.137665279388428e-26
2.113215515136719e-26
2.083807140350342e-26
2.0486010055541994e-26
2.0069486770629887e-26
1.95808729171753e-26
1.901482845306397e-26
1.836734834671021e-26
1.763747901916504e-26
1.6827318344116217e-26
1.5943541374206545e-26
1.4996828193664552e-26