2.4122578735351565e-26
2.4121434440612794e-26
2.4120671577453617e-26
2.4119145851135259e-26
2.41176201248169e-26
2.4115331535339358e-26
2.411266151428223e-26
2.410961006164551e-26
2.4105414314270022e-26
2.4100074272155763e-26
2.4093589935302738e-26
2.4085198440551758e-26
2.4074899787902836e-26
2.4061549682617188e-26
2.4045148124694828e-26
2.4024550819396978e-26
2.399861347198487e-26
2.3966191787719728e-26
2.392537860870362e-26
2.387426677703858e-26
2.381018627166748e-26
2.3730467071533207e-26
2.363129486083985e-26
2.3507711029052738e-26
2.33551383972168e-26
2.3166711196899418e-26
2.2935563659667968e-26
2.2653685722351075e-26
2.2312304458618167e-26
2.1902646942138675e-26