7.094302970469e-28
7.388749621212484e-28
7.6912428909540195e-28
8.00059068799019e-28
8.30949145063758e-28
8.596040493845941e-28
8.819557688236238e-28
8.934147503226995e-28
8.934147503226995e-28
8.867390367835759e-28
8.798100037574768e-28
8.77097995132208e-28
8.780963719338178e-28
8.776642386913302e-28
8.600808860659601e-28
8.176126191318036e-28
7.010558528304101e-28
5.557175224646926e-28
4.92231188684702e-28
4.8734361270070085e-28
4.806529980152846e-28
4.730534134060145e-28
4.692312693819405e-28
4.699167221114041e-28
4.746552866324784e-28
4.819866506084801e-28
4.902195339351893e-28
5.001064445003869e-28
5.118559983521701e-28
5.2513291969895365e-28
5.398254499435426e-28
5.555163569897414e-28
5.721087833866479e-28
5.8919294761121285e-28
6.065155301764608e-28
6.235177380964162e-28
6.391788428500297e-28
6.531337663531305e-28
6.649056719243528e-28
6.7456161472201365e-28
6.8298076237738155e-28
6.910422825217248e-28
7.003554989546539e-28
7.115462598204613e-28
7.252106109708549e-28
7.409015180170538e-28
7.583954637646678e-28
7.773944252878429e-28
7.9730235673487205e-28
8.181639615446332e-28
8.395620076209307e-28