1.0271463069915772e-26
1.009581382751465e-26
9.88659860610962e-27
9.640003089904787e-27
9.353261899948122e-27
9.024563236236575e-27
8.655337467193604e-27
8.24510780334473e-27
7.799691076278688e-27
7.325762338638307e-27
6.83171308517456e-27
6.327269821166993e-27
5.8222544097900405e-27
5.3260119247436534e-27
4.846647787094117e-27
4.390550975799561e-27
3.962394027709961e-27
3.564894642829895e-27
3.19929247379303e-27
2.8655398416519174e-27
2.5627785253524787e-27
2.2893874406814583e-27
2.0434355902671812e-27
1.8227774214744567e-27
1.6252435421943665e-27
1.4486645603179934e-27
1.291014120578766e-27
1.1503850650787356e-27
1.0249775135517123e-27
9.13206140995026e-28
8.136167395114903e-28
7.248981380462648e-28
6.458524030447008e-28
5.75448477268219e-28
5.127268218994141e-28
4.568530553579332e-28
4.070821940898896e-28
3.6274077296257023e-28
3.23238765001297e-28
2.8804574191570288e-28
2.566908740997315e-28
2.287510108947755e-28
2.0385664045810703e-28
1.8167401015758519e-28
1.6190810650587085e-28
1.4429371535778048e-28
1.2859542191028601e-28
1.1460761070251468e-28
1.021410559117794e-28
9.103186115622522e-29
8.113028474152091e-29