1.6985993881225586e-26
1.6985231018066407e-26
1.6984086723327636e-26
1.6982942428588868e-26
1.698141670227051e-26
1.697950954437256e-26
1.6977030239105226e-26
1.6973978786468508e-26
1.6969973754882817e-26
1.6965205860137943e-26
1.6959102954864504e-26
1.6951283607482915e-26
1.694174781799317e-26
1.6929542007446292e-26
1.69142847442627e-26
1.689521316528321e-26
1.6870992259979254e-26
1.6840859165191654e-26
1.6802906723022462e-26
1.6755609207153322e-26
1.6696678028106692e-26
1.6623061733245855e-26
1.6531518154144293e-26
1.6418042259216308e-26
1.6278056869506838e-26
1.6106031227111817e-26
1.5896053142547608e-26
1.5641256847381594e-26
1.533477657318115e-26
1.4969937267303467e-26