1.1285498924255372e-26
1.1285308208465576e-26
1.1285117492675782e-26
1.1284736061096192e-26
1.1284354629516603e-26
1.1283782482147217e-26
1.1283210334777833e-26
1.1282256755828858e-26
1.1281303176879882e-26
1.1279968166351317e-26
1.1278442440032958e-26
1.1276344566345215e-26
1.1273865261077881e-26
1.1270623092651369e-26
1.1266618061065674e-26
1.1261468734741212e-26
1.1255175113677979e-26
1.1247165050506593e-26
1.1237057113647462e-26
1.1224469871520998e-26
1.1208640460968018e-26
1.1188806018829346e-26
1.1164012966156005e-26
1.1133117008209228e-26
1.1094497060775757e-26
1.1047867050170899e-26
1.0988554439544677e-26
1.0915128860473633e-26
1.082511100769043e-26
1.0715067996978763e-26