1.0833693218231201e-26
1.1078763008117677e-26
1.1330698566436769e-26
1.159197919845581e-26
1.1853069114685059e-26
1.2102525367736819e-26
1.2306972694396974e-26
1.2424072189331056e-26
1.2432082252502444e-26
1.2355414505004885e-26
1.2243464336395264e-26
1.21444828414917e-26
1.2066289367675782e-26
1.1979513683319094e-26
1.1760190525054933e-26
1.1319064903259277e-26
1.03380228805542e-26
8.614905719757082e-27
7.610119581222538e-27
7.424171686172488e-27
7.194454517364506e-27
6.937941780090334e-27
6.667792863845825e-27
6.476218852996827e-27
6.38972924232483e-27
6.297994947433471e-27
6.241066284179689e-27
6.214270715713502e-27
6.204448852539063e-27
6.214747505187989e-27
6.2430687999725346e-27
6.284358768463135e-27
6.335279884338379e-27
6.3947832107543955e-27
6.464585189819338e-27
6.542397232055663e-27
6.616490316390992e-27
6.684003705978394e-27
6.74283952713013e-27
6.792330274581911e-27
6.83171308517456e-27
6.865469779968265e-27
6.898558969497682e-27
6.934890327453613e-27
6.977992095947266e-27
7.025957117080692e-27
7.079834327697755e-27
7.139337654113772e-27
7.203990306854248e-27
7.27493658065796e-27
7.349220380783082e-27