7.189223272353411e-29
7.486650152355434e-29
7.79197463989258e-29
8.104004643261434e-29
8.415289589315654e-29
8.705265896171331e-29
8.92833605617285e-29
9.04277685970068e-29
9.041435756534339e-29
8.97199641481042e-29
8.899576843827965e-29
8.86843344807625e-29
8.87409588366747e-29
8.865304207354787e-29
8.684851325750353e-29
8.255996335446837e-29
7.084691731110218e-29
5.620579602122308e-29
4.9786382198333745e-29
4.9224608983099464e-29
4.848253189772368e-29
4.765104793459178e-29
4.722114986404777e-29
4.7252442271262415e-29
4.770171183198691e-29
4.843037788569928e-29
4.925888161957265e-29
5.0252788077294836e-29
5.143742920756341e-29
5.277704225927591e-29
5.425896125808358e-29
5.583997287973762e-29
5.751411666572095e-29
5.92366891771555e-29
6.098012329339982e-29
6.268630454391241e-29
6.425614030584695e-29
6.56531227707863e-29
6.682733309864999e-29
6.779310782198447e-29
6.861174536719919e-29
6.939629071950915e-29
7.02985551275313e-29
7.138261352032422e-29
7.271030565500259e-29
7.424214349389078e-29
7.595577531754971e-29
7.782288894802332e-29
7.978984025865794e-29
8.185513913482427e-29
8.397855248153213e-29