9.902141942977905e-27
9.701699647903444e-27
9.465116710662842e-27
9.189150962829592e-27
8.872372035980226e-27
8.514112424850466e-27
8.116374645233155e-27
7.684594097137453e-27
7.222108306884768e-27
6.738453063964845e-27
6.2430687999725346e-27
5.745682020187378e-27
5.255828514099123e-27
4.78161370277405e-27
4.3298079967498776e-27
3.905226969718933e-27
3.510874395370484e-27
3.1482283210754395e-27
2.8173364257812508e-27
2.5173166489601145e-27
2.2466909432411202e-27
2.00350447177887e-27
1.785635521411896e-27
1.5908431816101078e-27
1.4169580602645875e-27
1.261894203424454e-27
1.1237325334548952e-27
1.0006970095634462e-27
8.91154627799988e-28
7.9365118026733415e-28
7.068516564369203e-28
6.2958792209625255e-28
5.608050805330278e-28
4.995793521404267e-28
4.450584757328035e-28
3.965213072299958e-28
3.532884216308594e-28
3.1478767156600954e-28
2.8049458861351016e-28
2.499502629041672e-28
2.2273452371358877e-28
1.984897789359093e-28
1.7688823580741887e-28
1.576378607749939e-28
1.4048684939742093e-28
1.2520276680588726e-28
1.1158297747373583e-28
9.944421544671061e-29
8.862854421138766e-29
7.898845702409746e-29
7.039730668067934e-29