1.187810353934765e-28
1.2211483679711818e-28
1.2549147475510837e-28
1.2889046221971511e-28
1.3221867624670265e-28
1.3517439849674701e-28
1.3717654179781674e-28
1.376253943890333e-28
1.3643155824393031e-28
1.3424689397215844e-28
1.320380177348852e-28
1.3041767850518227e-28
1.2931137792766094e-28
1.280970547348261e-28
1.2480050250887872e-28
1.1822974756360057e-28
1.0211575329303742e-28
7.196226811110974e-29
7.061669460088016e-29
6.900737080127003e-29
6.729820932149888e-29
6.616423208862546e-29
6.562853587940337e-29
6.562779082208874e-29
6.59943590208888e-29
6.648162650465967e-29
6.717378474995495e-29
6.807232387140394e-29
6.916234272271395e-29
7.038870706260206e-29
7.173279045820238e-29
7.314243889749051e-29
7.459902594760062e-29
7.606008334159853e-29
7.743396902978422e-29
7.864692233800891e-29
7.962369247749448e-29
8.034416290074588e-29
8.081950946748259e-29
8.11220027372241e-29
8.139618382900954e-29
8.177467294484378e-29
8.236475833803416e-29
8.318879172801974e-29
8.422591150999071e-29
8.5447805505991e-29
8.679039878696205e-29
8.823580997735262e-29
8.973784552365543e-29
9.12979955404997e-29