1.0803750839233398e-26
1.0803369407653808e-26
1.0803083333969116e-26
1.0802606544494629e-26
1.0802129755020142e-26
1.080146224975586e-26
1.0799555091857911e-26
1.0798220081329347e-26
1.0796503639221193e-26
1.0794405765533449e-26
1.0791831102371216e-26
1.0788493576049805e-26
1.0784297828674318e-26
1.0779053144454956e-26
1.0772473449707033e-26
1.0764081954956056e-26
1.075378330230713e-26
1.074062391281128e-26
1.072422235488892e-26
1.0703625049591067e-26
1.067787841796875e-26
1.0645838165283203e-26
1.060578784942627e-26
1.0556011028289796e-26
1.049421911239624e-26
1.0417932796478272e-26
1.032410062789917e-26
1.0209480438232423e-26
1.0070067195892335e-26