1.4001291770935057e-26
1.29744779586792e-26
1.1935649051666263e-26
1.090444877624512e-26
9.898995132446289e-27
8.935498962402344e-27
8.026356792449952e-27
7.180246191024782e-27
6.402411842346192e-27
5.694474830627442e-27
5.055672292709351e-27
4.482857418060304e-27
3.9720251750946045e-27
3.518026237487794e-27
3.1157112789154064e-27
2.759740257263184e-27
2.4451068830490116e-27
2.167138619422913e-27
1.921615879535675e-27
1.704676668643952e-27
1.512935781478882e-27
1.3433417654037476e-27
1.1932484388351442e-27
1.0603672122955324e-27
9.426240515708925e-28
8.382309961318972e-28
7.456265604496003e-28
6.634161353111269e-28
5.904196667671205e-28
5.255643784999848e-28
4.679205310344696e-28
4.166597026586534e-28
3.7106670916080485e-28
3.3050384461879734e-28
2.944019415974618e-28
2.62269310951233e-28
2.3365598261356364e-28
2.0818350493907935e-28
1.8549428582191473e-28
1.6528437197208408e-28
1.4728258937597276e-28
1.3124756336212164e-28
1.1695877879858022e-28
1.0422849982976914e-28
9.288538023829462e-29
8.277893334627153e-29
7.377208217978478e-29
6.574562937021256e-29
5.859378725290302e-29
5.221970796585084e-29
4.653995335102082e-29