1.9376807022094728e-26
1.8538420410156252e-26
1.7619170303344727e-26
1.6620773143768314e-26
1.5561537647247315e-26
1.4459772529602056e-26
1.3336837959289555e-26
1.2214284820556641e-26
1.1113663997650147e-26
1.0053665637969972e-26
9.049356288909914e-27
8.11141603469849e-27
7.246519927978517e-27
6.457242631912233e-27
5.743202714920046e-27
5.10153944015503e-27
4.527866344451904e-27
4.017034101486206e-27
3.563225879669189e-27
3.160910921096802e-27
2.804510788917542e-27
2.4890191936492922e-27
2.2097635984420782e-27
1.9625482559204105e-27
1.7436065292358406e-27
1.5496247315406801e-27
1.3776706075668335e-27
1.2251933336257936e-27
1.0898685610294345e-27
9.69741452932358e-28
8.630478882789613e-28
7.682383012771609e-28
6.839657616615297e-28
6.090263760089876e-28
5.423592877388002e-28
4.8305859684944175e-28
4.302780020236971e-28
3.8329039931297314e-28
3.414640426635743e-28
3.0422082483768466e-28
2.710541570186616e-28
2.4151704907417303e-28
2.1520422995090496e-28
1.9176406741142277e-28
1.7088068842887883e-28
1.5227695912122727e-28
1.3570107504725457e-28
1.2093103110790256e-28
1.0777164161205293e-28
9.6044110506773e-29
8.559348121285441e-29