1.1041573429107666e-26
1.104138271331787e-26
1.1041001281738281e-26
1.1040715208053588e-26
1.1040238418579101e-26
1.1039666271209716e-26
1.1039094123840332e-26
1.1038140544891357e-26
1.103699625015259e-26
1.1035661239624024e-26
1.1033944797515868e-26
1.103165620803833e-26
1.1028795471191406e-26
1.1025362586975097e-26
1.1020976123809814e-26
1.1015445365905762e-26
1.1008388881683348e-26
1.0999806671142577e-26
1.0988745155334473e-26
1.0975013618469237e-26
1.0957658481597902e-26
1.0936107597351075e-26
1.0909025955200197e-26
1.0875269260406496e-26
1.0833121070861817e-26
1.0780864944458008e-26
1.0715926218032839e-26
1.0635920944213869e-26
1.0537511596679687e-26
1.041726529121399e-26