1.8576563568115238e-26
1.7847838535308844e-26
1.7034054260253906e-26
1.6141885795593262e-26
1.518334823608399e-26
1.417484313964844e-26
1.3135442085266117e-26
1.2086505241394044e-26
1.1049011344909668e-26
1.0041459827423097e-26
9.079680099487306e-27
8.175305824279786e-27
7.335584201812747e-27
6.564329547882083e-27
5.862304725646974e-27
5.227602577209474e-27
4.6569809341430666e-27
4.145910296440125e-27
3.689575090408326e-27
3.2828736686706546e-27
2.9208950996398936e-27
2.5990145254135136e-27
2.312893161773682e-27
2.0585498166084295e-27
1.832480087280274e-27
1.6314894843101505e-27
1.45274111032486e-27
1.2937794995307924e-27
1.1523399019241336e-27
1.026467480659485e-27
9.144219541549685e-28
8.146775960922242e-28
7.258517169952393e-28
6.467523431777956e-28
5.762947785854339e-28
5.135373640060426e-28
4.576278382539751e-28
4.078152579069139e-28
3.6343211770057683e-28
3.238824307918549e-28
2.8864172875881204e-28
2.5724216192960748e-28
2.2925759971141824e-28
2.043185302615166e-28
1.8209418088197712e-28
1.6228953808546068e-28
1.4463938772678378e-28
1.2890831500291828e-28
1.1488772451877599e-28
1.02392860352993e-28
9.125684618949894e-29