1.4278973960876468e-26
1.3789597244262698e-26
1.323041854858399e-26
1.2604870565990568e-26
1.1915623893737794e-26
1.1171832313537597e-26
1.0388181133270262e-26
9.581071910858154e-27
8.768241214752199e-27
7.967425613403322e-27
7.194454517364506e-27
6.462201242446901e-27
5.77982014656067e-27
5.152746629714968e-27
4.582983207702637e-27
4.069957733154297e-27
3.611190900802612e-27
3.2029160737991333e-27
2.8406991100311285e-27
2.5200105094909677e-27
2.23636845111847e-27
1.9855295085906985e-27
1.7636316871643073e-27
1.5672659420967106e-27
1.3933808207511904e-27
1.239234783649445e-27
1.1025392413139345e-27
9.811963200569157e-28
8.734418988227848e-28
7.776787328720095e-28
6.925479722023013e-28
6.16821883916855e-28
5.494396114349365e-28
4.894714152812959e-28
4.360888737440112e-28
3.885529631376267e-28
3.4621405780315404e-28
3.0850597023963937e-28
2.749161517620087e-28
2.449886724352837e-28
2.1832422107458116e-28
1.9456818550825122e-28
1.7339873284101489e-28
1.5453276932239535e-28
1.377229604125023e-28
1.2274134114384654e-28
1.093897458910942e-28
9.749235853552822e-29
8.6888262629509e-29
7.743889123201371e-29
6.901610717177391e-29