1.6682755775451664e-26
1.6681992912292482e-26
1.6681039333343508e-26
1.6679704322814946e-26
1.6678178596496587e-26
1.6676271438598637e-26
1.6673982849121098e-26
1.6670931396484378e-26
1.6667117080688477e-26
1.6662349185943606e-26
1.6656436996459964e-26
1.664880836486817e-26
1.663927257537842e-26
1.6627257480621344e-26
1.6612190933227542e-26
1.6593500785827637e-26
1.656985202789307e-26
1.654010036468506e-26
1.6502910785675052e-26
1.645637613296509e-26
1.6398207817077635e-26
1.6325926532745363e-26
1.623590867996216e-26
1.612433994293213e-26
1.5986833858489994e-26
1.5817668952941897e-26
1.5611314468383788e-26
1.5360713920593265e-26
1.5059573688507082e-26
1.4701028003692634e-26