2.2434666812419894e-27
2.3368578195571903e-27
2.432990497350693e-27
2.5315071225166317e-27
2.630142945051193e-27
2.722163313627243e-27
2.7944565176963804e-27
2.833851248025894e-27
2.8380231559276578e-27
2.8212163269519807e-27
2.804528695344925e-27
2.8009527742862702e-27
2.8081046164035797e-27
2.8109057545661923e-27
2.7576245307922366e-27
2.624659866094589e-27
2.257651168107987e-27
1.7913510620594025e-27
1.5907716900110245e-27
1.5852290123701096e-27
1.5691373676061631e-27
1.5451488971710207e-27
1.5290274530649186e-27
1.5273586899042131e-27
1.5407385945320131e-27
1.5612703412771226e-27
1.5848416209220887e-27
1.614164173603058e-27
1.6489102065563204e-27
1.6889307230710986e-27
1.7337787330150606e-27
1.781576877832413e-27
1.8319377660751343e-27
1.8842356115579605e-27
1.93769563138485e-27
1.9911258518695834e-27
2.0404139637947084e-27
2.0846063882112503e-27
2.1229581415653232e-27
2.156095010042191e-27
2.184881174564362e-27
2.213220348954201e-27
2.245075845718384e-27
2.282742214202881e-27
2.3277392208576204e-27
2.3778915137052537e-27
2.432752102613449e-27
2.491158813238144e-27
2.552307063341141e-27
2.6165246456861492e-27
2.6819342017173763e-27