2.171858835220337e-26
2.1936957931518556e-26
2.217869019508362e-26
2.244807624816895e-26
2.275345990657807e-26
2.3102708196640017e-26
2.3483186197280887e-26
2.3846499776840212e-26
2.411278669834137e-26
2.421076693534851e-26
2.4132096672058108e-26
2.3930891513824464e-26
2.3692973566055303e-26
2.3455532407760623e-26
2.3234302091598512e-26
2.3027375459671024e-26
2.3549459934234625e-26
2.2079041194915776e-26
2.0013589191436767e-26
1.8077823925018312e-26
1.6688697791099554e-26
1.5502207183837895e-26
1.4123570418357853e-26
1.314639039039612e-26
1.263860960006714e-26
1.2054065704345705e-26
1.1656423282623292e-26
1.1366296887397768e-26
1.1122180676460267e-26
1.0938497531414032e-26
1.0804638886451723e-26
1.0715240859985353e-26
1.0657549333572388e-26
1.0629657149314882e-26
1.0641100096702577e-26
1.0686156702041626e-26
1.0749450504779818e-26
1.082347207069397e-26
1.0902619123458863e-26
1.097938222885132e-26
1.1042437636852266e-26
1.1084275913238526e-26
1.1101082742214206e-26
1.109737734388691e-26
1.1079865610599517e-26
1.1058767676353455e-26
1.10420800447464e-26
1.1035285794734955e-26
1.1041960847377779e-26
1.106043643951416e-26
1.1091427755355835e-26