1.0244953575134277e-26
1.0029635448455811e-26
9.776746311187747e-27
9.483616142272951e-27
9.148528499603273e-27
8.77119730949402e-27
8.353625087738038e-27
7.899721508026122e-27
7.417210559844973e-27
6.911146211624146e-27
6.392589979171754e-27
5.871649799346925e-27
5.358242893218996e-27
4.861332902908327e-27
4.388262386322021e-27
3.9442760276794436e-27
3.532902069091797e-27
3.155809273719788e-27
2.813140678405763e-27
2.5039427042007455e-27
2.226427390575409e-27
1.9783776664733886e-27
1.757338066101075e-27
1.5607577657699586e-27
1.3861574602127075e-27
1.2312485599517824e-27
1.0938616728782652e-27
9.720181226730348e-28
8.639776277542116e-28
7.681191039085391e-28
6.830837011337282e-28
6.075960075855257e-28
5.405832469463349e-28
4.810501211881638e-28
4.281562888622285e-28
3.811448466777802e-28
3.3934828937053684e-28
3.0217063009738933e-28
2.6910230010747913e-28
2.396754497289658e-28
2.1348778784275056e-28
1.9017576247453694e-28
1.6942052066326143e-28
1.509389686584473e-28
1.3448079198598865e-28
1.1982398554682736e-28
1.0676740378141402e-28
9.513672053813938e-29
8.47769792377949e-29
7.554663300514222e-29
6.732201457023622e-29