1.045340593338013e-26
1.0275086669921877e-26
1.0062247848510743e-26
9.811647300720217e-27
9.52004285812378e-27
9.185718078613284e-27
8.810198688507081e-27
8.393103256225589e-27
7.939962539672855e-27
7.457833023071291e-27
6.955106201171876e-27
6.441794652938843e-27
5.9278155994415305e-27
5.422704830169679e-27
4.9348061609268204e-27
4.47055624961853e-27
4.0346753120422366e-27
3.629976406097412e-27
3.257746863365174e-27
2.9179390048980724e-27
2.6096469306945805e-27
2.331273396015168e-27
2.0808397245407108e-27
1.856128845214844e-27
1.6549952054023746e-27
1.4751740550994873e-27
1.3146628785133365e-27
1.1714353203773503e-27
1.0437391793727879e-27
9.29929531812668e-28
8.285164105892183e-28
7.381648051738742e-28
6.576708221435548e-28
5.859736049175263e-28
5.221076548099519e-28
4.652147507667543e-28
4.1453202962875365e-28
3.6938006639480597e-28
3.2915691435337074e-28
2.933202254772187e-28
2.6138725042343143e-28
2.329378184676171e-28
2.075875180959702e-28
1.8499961674213414e-28
1.6487016111612324e-28
1.4693393707275393e-28
1.3094956994056707e-28
1.1670548439025882e-28
1.0401096463203433e-28
9.269764438271526e-29
8.261503696441652e-29