2.455054496765137e-26
2.454901924133301e-26
2.4546730651855472e-26
2.4543679199218754e-26
2.4540246315002448e-26
2.453566913604737e-26
2.4529947662353518e-26
2.4523081893920902e-26
2.4513927536010748e-26
2.450248458862305e-26
2.448837162017823e-26
2.4470825767517094e-26
2.4448321304321295e-26
2.4420476799011233e-26
2.4385385093688968e-26
2.4341520462036137e-26
2.42865943145752e-26
2.421831806182862e-26
2.4133258819580083e-26
2.4027983703613285e-26
2.3900966987609872e-26
2.374000286102295e-26
2.3542802734375003e-26
2.3301737976074223e-26
2.3009942817687993e-26
2.2658262901306152e-26
2.2239069595336918e-26
2.1743589973449712e-26
2.1164195404052741e-26
2.0495927276611327e-26