1.1036424102783204e-26
1.1285880355834962e-26
1.1542011661529543e-26
1.180767875671387e-26
1.207353656768799e-26
1.2327188568115235e-26
1.2535259494781497e-26
1.2654456863403321e-26
1.2662466926574708e-26
1.2584464168548584e-26
1.2470416126251223e-26
1.2369336757659913e-26
1.2289617557525637e-26
1.2201316146850587e-26
1.1977415809631349e-26
1.152828012466431e-26
1.053026439666748e-26
8.775869846343996e-27
7.752488918304445e-27
7.562917423248293e-27
7.328527717590336e-27
7.067056369781496e-27
6.791567411422731e-27
6.596083726882938e-27
6.507782316207885e-27
6.414045505523682e-27
6.355877189636231e-27
6.328318758010865e-27
6.318115463256838e-27
6.328414115905762e-27
6.3570214843750005e-27
6.398883600234987e-27
6.45056757926941e-27
6.510929126739504e-27
6.58321041107178e-27
6.661022453308106e-27
6.7363551902771e-27
6.804917516708375e-27
6.864802274703983e-27
6.915055885314944e-27
6.955106201171876e-27
6.989339685440065e-27
7.023001022338871e-27
7.059904527664188e-27
7.103769159317017e-27
7.152497043609622e-27
7.207232475280765e-27
7.267689380645755e-27
7.333390970230105e-27
7.405481538772585e-27
7.480909633636476e-27