1.0065108585357667e-26
9.853032627105713e-27
9.60414852142334e-27
9.315595531463624e-27
8.985847930908205e-27
8.61461964607239e-27
8.203817834854127e-27
7.757352170944217e-27
7.281420917510988e-27
6.785464506149292e-27
6.275776557922364e-27
5.763990736007692e-27
5.25964282989502e-27
4.771601123809816e-27
4.306922101974487e-27
3.8710411643981936e-27
3.467200479507446e-27
3.0970211315155038e-27
2.7606938362121583e-27
2.4572173357009893e-27
2.184875187873841e-27
1.941426482200623e-27
1.724511110782624e-27
1.53160208940506e-27
1.360267791748047e-27
1.208267307281494e-27
1.0734312438964848e-27
9.53876283168793e-28
8.478383040428164e-28
7.537915802001955e-28
6.70329582691193e-28
5.9626033782959e-28
5.304931896924972e-28
4.720805191993714e-28
4.201700651645663e-28
3.7403472363948824e-28
3.330189090967179e-28
2.96538554430008e-28
2.6408409088850027e-28
2.3520554840564734e-28
2.095065957307816e-28
1.866296407580376e-28
1.6626179039478303e-28
1.481259107589722e-28
1.3197466731071478e-28
1.1759052485227587e-28
1.0477680772542953e-28
9.33636596798897e-29
8.319612413644793e-29
7.413786910474301e-29
6.60674622654915e-29