2.4554359283447267e-26
2.4553596420288088e-26
2.455245212554932e-26
2.455130783081055e-26
2.4549400672912602e-26
2.4547493515014652e-26
2.4544442062377934e-26
2.4541390609741216e-26
2.453719486236573e-26
2.453185482025147e-26
2.4524989051818853e-26
2.4516597557067875e-26
2.450591747283936e-26
2.4492567367553717e-26
2.4476165809631353e-26
2.445518707275391e-26
2.4428486862182622e-26
2.4395683746337892e-26
2.43541077041626e-26
2.4302233009338383e-26
2.4237008209228518e-26
2.4156144714355474e-26
2.4055065345764164e-26
2.3929574356079107e-26
2.3774331703186035e-26
2.358323448181153e-26
2.3348272628784183e-26
2.306181751251221e-26
2.2714714775085452e-26
2.229819149017334e-26