2.1705446815490726e-26
2.1704683952331546e-26
2.1703539657592776e-26
2.1702395362854008e-26
2.1700488204956058e-26
2.1698581047058107e-26
2.169591102600098e-26
2.1692859573364263e-26
2.1688663825988774e-26
2.1683323783874512e-26
2.1676839447021488e-26
2.16688293838501e-26
2.1658530731201174e-26
2.1645562057495117e-26
2.162916049957276e-26
2.1608563194274904e-26
2.1583007278442387e-26
2.1550967025756837e-26
2.1510535278320318e-26
2.146018630981446e-26
2.1397250099182136e-26
2.1318675193786622e-26
2.1221410140991215e-26
2.1100496330261232e-26
2.0951356582641605e-26
2.076807870864868e-26
2.0543987655639652e-26
2.0272408370971684e-26
1.9944758644104012e-26
1.9557987022399908e-26