1.300003387451172e-26
1.2357130947113038e-26
1.1654533977508546e-26
1.090483020782471e-26
1.0115457553863528e-26
9.304724731445315e-27
8.490177593231202e-27
7.688599128723146e-27
6.915437316894534e-27
6.18356547355652e-27
5.502233314514161e-27
4.877066955566407e-27
4.310545701980592e-27
3.802288122177124e-27
3.3499102687835695e-27
2.9496455049514774e-27
2.5970120096206674e-27
2.287289566993714e-27
2.0156626033782957e-27
1.7776492977142334e-27
1.5691492605209352e-27
1.3863720154762268e-27
1.2260277152061462e-27
1.0852317833900456e-27
9.61433396339417e-28
8.524393224716189e-28
7.563662433624268e-28
6.715573155879976e-28
5.965940904617312e-28
5.302726745605469e-28
4.71532211303711e-28
4.194548809528353e-28
3.7324206113815314e-28
3.322143268585206e-28
2.957578116655351e-28
2.633540070056916e-28
2.345380431413652e-28
2.089016690850258e-28
1.8608729273080831e-28
1.6577904105186467e-28
1.4769978016614914e-28
1.3159919559955603e-28
1.172597521543503e-28
1.0448626413941383e-28
9.310738533735278e-29
8.297113910317422e-29
7.393895849585534e-29
6.589239113032819e-29
5.872192442417147e-29
5.233294546604157e-29
4.6639036163687714e-29