1.0079221553802492e-26
9.875346374511719e-27
9.634853763580324e-27
9.354310836791995e-27
9.032001152038576e-27
8.667733993530273e-27
8.263414278394193e-27
7.823911981582643e-27
7.353320770263675e-27
6.861274032592775e-27
6.3570214843750005e-27
5.850861778259279e-27
5.352139987945558e-27
4.869342966079713e-27
4.409431838989259e-27
3.9770791435241705e-27
3.5755747270584114e-27
3.2062536001205446e-27
2.869258799552918e-27
2.563732104301453e-27
2.2881477880477913e-27
2.0405033349990846e-27
1.818605513572693e-27
1.6201895737648016e-27
1.4431099629402162e-27
1.2851734495162965e-27
1.1444728755950931e-27
1.0191726016998293e-27
9.076038646698e-28
8.082886171340945e-28
7.198918485641483e-28
6.411977458000185e-28
5.711573719978335e-28
5.087933087348939e-28
4.532711744308472e-28
4.0383406579494484e-28
3.5980851769447334e-28
3.2059854328632364e-28
2.8567371428012856e-28
2.5456022113561635e-28
2.2684385299682623e-28
2.0215211808681495e-28
1.8015126377344135e-28
1.6054627656936648e-28
1.430779021978379e-28
1.2751221582293512e-28
1.136406220495701e-28
1.0127985492348676e-28
9.026303812861446e-29
8.044564485549929e-29
7.169581301510334e-29