2.188360515981913e-28
2.279174011200667e-28
2.3724459521472456e-28
2.467766597867013e-28
2.5628637485206132e-28
2.6509580537676816e-28
2.719124048948289e-28
2.75413827598095e-28
2.7538775317370903e-28
2.7324220053851616e-28
2.7105567380785948e-28
2.7013561911880976e-28
2.7028834074735652e-28
2.700909201055766e-28
2.6461156606674203e-28
2.514998555183411e-28
2.156959459185601e-28
1.7113289218395952e-28
1.515938360244036e-28
1.4991017319262029e-28
1.4769943449646235e-28
1.4519815221428873e-28
1.4392423033714295e-28
1.4403784032911066e-28
1.4545144662261008e-28
1.4773482121527195e-28
1.5028638988733293e-28
1.533370975404978e-28
1.569390930235386e-28
1.6103650256991387e-28
1.6559207700192927e-28
1.7043074518442155e-28
1.7551712039858102e-28
1.80784154124558e-28
1.8611264899373056e-28
1.9136105813086035e-28
1.9616620205342773e-28
2.0040888339281085e-28
2.040034290403128e-28
2.0693866424262535e-28
2.09505132585764e-28
2.1191887930035597e-28
2.1466414369642735e-28
2.1800167001783853e-28
2.2212142907083043e-28
2.268371749669314e-28
2.321116585284472e-28
2.3782195746898656e-28
2.4387122392654425e-28
2.5025200806558135e-28
2.567743390798569e-28