1.099561092376709e-26
1.09952294921875e-26
1.0995038776397706e-26
1.099446662902832e-26
1.0993989839553833e-26
1.0993322334289551e-26
1.0992464113235474e-26
1.0991415176391602e-26
1.0990080165863038e-26
1.0988363723754881e-26
1.0986265850067137e-26
1.098359582901001e-26
1.0980162944793701e-26
1.0975967197418213e-26
1.0970627155303956e-26
1.0963761386871338e-26
1.0955369892120363e-26
1.0944689807891848e-26
1.0931530418395998e-26
1.0914747428894043e-26
1.0893959407806398e-26
1.0867831344604496e-26
1.0835028228759766e-26
1.0794405765533449e-26
1.0743770723342896e-26
1.0680929870605468e-26
1.0603499259948732e-26
1.050814136505127e-26
1.0391614017486572e-26
1.0249912185668945e-26