2.2095269889831545e-26
2.2094507026672365e-26
2.2093362731933595e-26
2.2092218437194824e-26
2.2090692710876465e-26
2.208840412139893e-26
2.20857341003418e-26
2.2082301216125493e-26
2.2078105468750002e-26
2.2073146858215334e-26
2.2066281089782715e-26
2.2057889595031738e-26
2.2047590942382813e-26
2.2034240837097165e-26
2.2017839279174805e-26
2.199705125808716e-26
2.1970923194885259e-26
2.1938120079040526e-26
2.189730690002442e-26
2.1846195068359378e-26
2.1782114562988286e-26
2.1702395362854008e-26
2.160360458374024e-26
2.148078361511231e-26
2.132916456222534e-26
2.114283523559571e-26
2.0915502014160158e-26
2.0638964118957524e-26
2.0306355781555178e-26
1.991309982299805e-26