1.9097217674255373e-26
1.856035272598267e-26
1.7943387145996098e-26
1.7246130218505862e-26
1.6470679817199707e-26
1.5624664573669433e-26
1.4719336719512945e-26
1.3769762802124025e-26
1.279310724258423e-26
1.180844161987305e-26
1.0833693218231201e-26
9.885454311370849e-27
8.977265720367434e-27
8.119235382080079e-27
7.318324422836307e-27
6.578061084747317e-27
5.899494304656983e-27
5.281622824668885e-27
4.7221103763580334e-27
4.217571754455566e-27
3.764049606323242e-27
3.357395863533021e-27
2.993462457656861e-27
2.6682443571090703e-27
2.3779272460937504e-27
2.1188875246047977e-27
1.8879545426368714e-27
1.6821245265007024e-27
1.498703615665436e-27
1.3352840232849124e-27
1.1896963572502135e-27
1.060009620189667e-27
9.44483530521393e-28
8.415685224533082e-28
7.498819065093997e-28
6.682078695297243e-28
5.9543787598609945e-28
5.306064271926879e-28
4.728433823585511e-28
4.213799184560776e-28
3.755246907472611e-28
3.3466383278369905e-28
2.982490366697312e-28
2.658035129308701e-28
2.3688623130321507e-28
2.111187401413918e-28
1.8815536707639699e-28
1.6768917888402943e-28
1.4944900155067445e-28
1.3319644033908846e-28
1.1870949015021325e-28