1.9735543422698976e-26
1.8887430305480958e-26
1.7948917903900148e-26
1.6933737754821778e-26
1.585619354248047e-26
1.473516613006592e-26
1.3592015686035157e-26
1.2449246673583985e-26
1.1328600692749025e-26
1.0248767890930176e-26
9.22557767868042e-27
8.269805498123172e-27
7.388221759796143e-27
6.583782558441165e-27
5.855915746688844e-27
5.2016652297973644e-27
4.616835260391236e-27
4.095990438461304e-27
3.6332662534713746e-27
3.2230365896224978e-27
2.859627652168275e-27
2.53793779373169e-27
2.2531991195678716e-27
2.001096684932709e-27
1.7778400135040282e-27
1.5800439000129703e-27
1.4047284102439879e-27
1.249223523139954e-27
1.1112644886970523e-27
9.887653529644014e-28
8.799739146232605e-28
7.833048486709597e-28
6.9737546563148515e-28
6.209639924764634e-28
5.529976528882982e-28
4.925228679180146e-28
4.387112158536912e-28
3.908057934045792e-28
3.481629347801209e-28
3.1018665313720705e-28
2.7637035965919503e-28
2.462491846084596e-28
2.1942083686590204e-28
1.9552176445722586e-28
1.7423013448715215e-28
1.552613632380963e-28
1.3836066633462912e-28
1.2330156877636912e-28
1.0988292500376702e-28
9.79259389638901e-29
8.72711841762066e-29