1.45406360244751e-26
1.4042677097320558e-26
1.3473771896362307e-26
1.2837925453186038e-26
1.2135328483581543e-26
1.1378377513885497e-26
1.0580613365173342e-26
9.758819026947022e-27
8.93120785713196e-27
8.115802497863771e-27
7.328527717590336e-27
6.58282897949219e-27
5.887765283584596e-27
5.2489627456665045e-27
4.668614597320557e-27
4.146005654335023e-27
3.678656611442566e-27
3.2627531528472915e-27
2.893765778541566e-27
2.5670696306228644e-27
2.2781352090835576e-27
2.0225760507583622e-27
1.7965540003776555e-27
1.5965169763565067e-27
1.4193658471107485e-27
1.262359073162079e-27
1.1231127071380619e-27
9.99505035877228e-28
8.897242593765263e-28
7.921850526332856e-28
7.05457047224045e-28
6.283244299888612e-28
5.596905851364137e-28
4.986019337177277e-28
4.442181342840196e-28
3.9579420328140267e-28
3.5266859531402588e-28
3.142572432756425e-28
2.8004163861274724e-28
2.4955691158771525e-28
2.223977911472321e-28
1.9819476544857032e-28
1.7663196146488196e-28
1.5741436570882797e-28
1.4029017373919487e-28
1.250299306213856e-28
1.11431000828743e-28
9.931011840701106e-29
8.850934684276582e-29
7.888266935944559e-29
7.030343875288965e-29