7.166991443634035e-27
7.44105003356934e-27
7.722927970886232e-27
8.014341697692873e-27
8.305564708709718e-27
8.584391193389894e-27
8.820497341156006e-27
8.97993574142456e-27
9.050500583648685e-27
9.059654941558839e-27
9.049356288909914e-27
9.056031341552736e-27
9.079203310012819e-27
9.089025173187257e-27
8.959338436126708e-27
8.619196825027466e-27
7.742762413024906e-27
6.378381652832032e-27
5.704678125381471e-27
5.64012083053589e-27
5.502233314514161e-27
5.3427949142456066e-27
5.183642587661745e-27
5.088284692764284e-27
5.0738856506347676e-27
5.057293376922608e-27
5.066161661148073e-27
5.0990601348876966e-27
5.1460715770721455e-27
5.209103145599366e-27
5.286915187835694e-27
5.374644451141359e-27
5.470097703933718e-27
5.5723213672637946e-27
5.682459735870363e-27
5.7987010097503675e-27
5.910174388885499e-27
6.0148773574829114e-27
6.110902757644655e-27
6.1967248630523696e-27
6.275776557922364e-27
6.34843927383423e-27
6.4209112739563e-27
6.496244010925293e-27
6.576344642639162e-27
6.662929611206055e-27
6.753138179779054e-27
6.848496074676515e-27
6.948717222213746e-27
7.053801622390749e-27
7.165084285736085e-27