1.0397144775390625e-26
1.0238659954071044e-26
1.0049088459014892e-26
9.824806690216066e-27
9.562763195037843e-27
9.260192594528199e-27
8.916045951843264e-27
8.530800056457522e-27
8.108364582061769e-27
7.650265254974367e-27
7.165084285736085e-27
6.661022453308106e-27
6.1479969787597676e-27
5.635829725265504e-27
5.134056482315065e-27
4.651068744659425e-27
4.193303170204163e-27
3.765575332641601e-27
3.370555253028871e-27
3.0094349050521857e-27
2.6819282150268562e-27
2.386843209266663e-27
2.122248890399933e-27
1.885880508422852e-27
1.6753064370155344e-27
1.4880712103843691e-27
1.3217670416831971e-27
1.1741887795925143e-27
1.0432743096351626e-27
9.271522331237796e-28
8.241657066345217e-28
7.327770841121675e-28
6.5168711423873925e-28
5.7970382332801845e-28
5.157782745361329e-28
4.58992648124695e-28
4.085364019870759e-28
3.6368243217468264e-28
3.2379899263381964e-28
2.8833181560039528e-28
2.5677431225776676e-28
2.2869737207889567e-28
2.0370764374732977e-28
1.81465414762497e-28
1.6166077196598054e-28
1.440255212783814e-28
1.283212679624558e-28
1.1433643668889999e-28
1.0187733173370364e-28
9.078005671501162e-29
8.08941249549389e-29