1.823594516754151e-26
1.7519807376861575e-26
1.6720136070251468e-26
1.584341558456421e-26
1.490185173034668e-26
1.3911083202362063e-26
1.2890372295379639e-26
1.1860507030487061e-26
1.0841893997192384e-26
9.852841911315918e-27
8.908798751831056e-27
8.021207466125488e-27
7.197124538421633e-27
6.4404596424102796e-27
5.751594209671022e-27
5.128907155990601e-27
4.5689655971527106e-27
4.067573785781861e-27
3.619820790290833e-27
3.2208433580398564e-27
2.8657305574417123e-27
2.5499052095413215e-27
2.2691954064369203e-27
2.0196676349639895e-27
1.7978651714324957e-27
1.6006650447845463e-27
1.4253257155418396e-27
1.269344038963318e-27
1.1305744624137879e-27
1.0070859885215763e-27
8.97162175178528e-28
7.993011355400088e-28
7.121559393405916e-28
6.345465326309207e-28
5.654239785671234e-28
5.0384661793708815e-28
4.489919888973237e-28
4.0011510789394383e-28
3.565723091363908e-28
3.1776760578155524e-28
2.8319440901279457e-28
2.5238784909248364e-28
2.2493073523044593e-28
2.0046249538660058e-28
1.7865831673145299e-28
1.5922616571187974e-28
1.4190678805112842e-28
1.264737087488175e-28
1.1271833240985876e-28
1.0046037301421168e-28
8.953444421291354e-29