3.766272664070129e-27
3.868603605031968e-27
3.972662907838821e-27
4.077973783016205e-27
4.181794691085816e-27
4.275126230716707e-27
4.340327191352845e-27
4.3589219808578495e-27
4.327394276857376e-27
4.2647560596466076e-27
4.200627875328064e-27
4.154081302881242e-27
4.123149585723877e-27
4.088820743560791e-27
3.9894697368145e-27
3.787608993053436e-27
3.291151952743531e-27
2.645281010866165e-27
2.3235673129558564e-27
2.2850665628910065e-27
2.2363744378089907e-27
2.1825568258762366e-27
2.1427747040987018e-27
2.1227793455123903e-27
2.129692792892456e-27
2.141165539622307e-27
2.1589557468891147e-27
2.18279522061348e-27
2.212803158164025e-27
2.2466850101947787e-27
2.284083184599877e-27
2.3237461090087893e-27
2.36492879986763e-27
2.407422661781311e-27
2.448009365797043e-27
2.4840069711208344e-27
2.513567918539047e-27
2.5360366225242615e-27
2.551949471235275e-27
2.5627964317798615e-27
2.572719612717628e-27
2.5860399186611175e-27
2.6058862805366517e-27
2.632109701633453e-27
2.6644121885299683e-27
2.701542168855667e-27
2.742069274187088e-27
2.7855763137340547e-27
2.8302753269672393e-27
2.8762259125709534e-27