2.2512919616699223e-26
2.2738441038131718e-26
2.2988040328025822e-26
2.326600859165192e-26
2.3581881618499758e-26
2.394281125068665e-26
2.433663935661316e-26
2.4713303041458133e-26
2.498984093666077e-26
2.509235067367554e-26
2.5011773252487186e-26
2.4803416252136234e-26
2.4555962514877323e-26
2.4310654330253606e-26
2.4078934645652773e-26
2.3859849882125858e-26
2.4409588146209718e-26
2.2908654880523684e-26
2.076500940322876e-26
1.8751527452468876e-26
1.730614016056061e-26
1.607363936901093e-26
1.4643270945549015e-26
1.362818615436554e-26
1.310061860084534e-26
1.2493427205085756e-26
1.208052752017975e-26
1.1778958177566528e-26
1.1525425374507907e-26
1.1334351992607119e-26
1.1195248663425447e-26
1.1101917123794557e-26
1.1041841650009157e-26
1.1012519097328187e-26
1.1023962044715882e-26
1.1070449018478395e-26
1.1135769176483156e-26
1.1212174689769748e-26
1.129394408464432e-26
1.1373448729515078e-26
1.1438649690151216e-26
1.148191833496094e-26
1.1499440348148348e-26
1.1495983624458315e-26
1.147738883495331e-26
1.145521812438965e-26
1.1437815308570864e-26
1.1430544269084932e-26
1.1437100124359133e-26
1.1456171703338625e-26
1.148787820339203e-26