2.1802711868286139e-26
2.1221410140991215e-26
2.054742053985596e-26
1.977826375961304e-26
1.891927984237671e-26
1.7969324493408206e-26
1.6944036407470708e-26
1.5860389289855957e-26
1.4738217582702638e-26
1.3600788612365728e-26
1.2470416126251223e-26
1.1367888145446779e-26
1.0310750522613527e-26
9.311971931457522e-27
8.38070672988892e-27
7.521532096862793e-27
6.735783042907717e-27
6.022219915390015e-27
5.3777912616729756e-27
4.7980152606964124e-27
4.278219375610352e-27
3.8131589221954355e-27
3.397732253074646e-27
3.027076115608216e-27
2.696661009788514e-27
2.4021958303451543e-27
2.1398662614822395e-27
1.90623941898346e-27
1.6981684923172e-27
1.5128642630577088e-27
1.3478235864639286e-27
1.2008532309532168e-27
1.0699506807327273e-27
9.533398950099945e-28
8.494713079929355e-28
7.569503104686737e-28
6.745134103298189e-28
6.010759115219118e-28
5.356484758853914e-28
4.773490428924562e-28
4.254028296470643e-28
3.791125315427781e-28
3.3786428213119515e-28
3.011067935824395e-28
2.6835135668516164e-28
2.3915992110967646e-28
2.1314807534217842e-28
1.899641871452332e-28
1.693013232946396e-28
1.5088830977678306e-28
1.3447781205177312e-28