2.141555881500245e-26
2.0843792877197268e-26
2.018086479187012e-26
1.9424867401123048e-26
1.858037788391114e-26
1.7646633377075197e-26
1.663889114379883e-26
1.5573934173583987e-26
1.4471406192779543e-26
1.3353811664581303e-26
1.2243464336395264e-26
1.1160580081939697e-26
1.0122323322296144e-26
9.141662731170656e-27
8.227275876998903e-27
7.383644580841066e-27
6.612294569015504e-27
5.911700115203858e-27
5.279000482559206e-27
4.709904565811159e-27
4.1996444702148445e-27
3.743070869445802e-27
3.335320510864259e-27
2.9714824628829966e-27
2.6470749044418343e-27
2.35804512500763e-27
2.1005311298370366e-27
1.8711953926086432e-27
1.6669387817382813e-27
1.4850435972213749e-27
1.323054373264313e-27
1.1787778782844547e-27
1.0502831149101259e-27
9.358178818225863e-28
8.338683724403385e-28
7.430399775505068e-28
6.621288037300113e-28
5.900382351875306e-28
5.258027732372284e-28
4.685761165618897e-28
4.175834822654725e-28
3.7214544534683226e-28
3.3165409922599797e-28
2.955730557441712e-28
2.6341956555843356e-28
2.3476451814174656e-28
2.092294618487358e-28
1.8647170424461368e-28
1.6619027197360995e-28
1.481154809892178e-28
1.3200744658708578e-28