9.466070289611817e-27
9.195349225997928e-27
8.884959278106692e-27
8.53423294067383e-27
8.144219150543214e-27
7.718160076141359e-27
7.261109685897827e-27
6.780219821929935e-27
6.285884494781494e-27
5.7843019676208506e-27
5.286915187835694e-27
4.802640118598939e-27
4.33915307044983e-27
3.9023185539245614e-27
3.496141600608826e-27
3.122767763137818e-27
2.7828645467758186e-27
2.4757644462585456e-27
2.199965574741364e-27
1.953441576957703e-27
1.7337846660614017e-27
1.538563215732575e-27
1.3653455996513368e-27
1.2117955493927003e-27
1.0757436728477483e-27
9.552351331710819e-28
8.484700500965122e-28
7.538750183582308e-28
6.700196695327761e-28
5.95676270723343e-28
5.297243666648865e-28
4.711924988031388e-28
4.192284059524537e-28
3.7307518482208254e-28
3.3205937027931216e-28
2.956088149547578e-28
2.6319607049226773e-28
2.343711668252946e-28
2.087228730320931e-28
1.8590253680944446e-28
1.6559428513050084e-28
1.4751353427767754e-28
1.3141741961240774e-28
1.1708393603563312e-28
1.0431789785623553e-28
9.294944882392886e-29
8.282214239239696e-29
7.380039155483246e-29
6.576425395905974e-29
5.860421702265742e-29
5.222492285072805e-29