1.3730666065216065e-26
1.2721970252990725e-26
1.1702022209167482e-26
1.0689702796936035e-26
9.7033207321167e-27
8.757942562103273e-27
7.866346244812014e-27
7.036732559204105e-27
6.274060115814209e-27
5.580236072540284e-27
4.9541161346435555e-27
4.392791886329651e-27
3.89221061706543e-27
3.447366037368775e-27
3.0531088209152225e-27
2.7042896413803107e-27
2.39599756717682e-27
2.123655419349671e-27
1.8830674505233768e-27
1.670514702796937e-27
1.4826119709014895e-27
1.3164269995689392e-27
1.1693612861633302e-27
1.0391500806808475e-27
9.237670278549198e-28
8.214718461036685e-28
7.3071496963501e-28
6.501613879203797e-28
5.786191272735597e-28
5.15063090324402e-28
4.585635375976564e-28
4.083337664604188e-28
3.6365263283252717e-28
3.2390031039714815e-28
2.8852253139019015e-28
2.570305866003037e-28
2.2898940563201914e-28
2.0402351677417764e-28
1.8178724765777594e-28
1.6198260486125948e-28
1.443413943052292e-28
1.2862522125244146e-28
1.1462251037359239e-28
1.021470157802105e-28
9.103037118911746e-29
8.11250698566437e-29
7.229850471019745e-29
6.443296834826472e-29
5.742416307330132e-29
5.117673099040986e-29
4.5610213875770577e-29