2.2770880572497847e-28
2.3713657259941103e-28
2.4682135879993443e-28
2.56714740395546e-28
2.6659322232007986e-28
2.7574162036180506e-28
2.828226890414954e-28
2.8645448386669167e-28
2.8641723468899734e-28
2.8416738435626034e-28
2.8188028484582902e-28
2.8090435639023786e-28
2.8104590326547627e-28
2.808373078703881e-28
2.7513445876538763e-28
2.615496836602688e-28
2.2437127940356737e-28
1.7795507907867433e-28
1.5762075297534467e-28
1.5586631670594216e-28
1.5356431752443317e-28
1.509568750858307e-28
1.496214920654893e-28
1.4972951468080282e-28
1.511915449053049e-28
1.5355686768889431e-28
1.5619969684630634e-28
1.5936401449143887e-28
1.6309638209640981e-28
1.6734465081244708e-28
1.720734339207411e-28
1.7708717323839666e-28
1.823653817176819e-28
1.8782983608543876e-28
1.9335761405527595e-28
1.9880344383418563e-28
2.037873838096857e-28
2.0818651169538507e-28
2.1191142946481707e-28
2.1501777807716283e-28
2.1761055365204813e-28
2.2010997347533707e-28
2.2295208573341373e-28
2.264088094234467e-28
2.306775651872158e-28
2.3556838221848007e-28
2.410365615040064e-28
2.469591807574035e-28
2.532282173633576e-28
2.598473962396384e-28
2.6661184690892703e-28