4    3.1731e-12    3.1731e-12    0.00325762    0.00325762 
3.84614    1.23571e-12    1.38814e-12    0.0032608    0.0032608 
3.70368    4.80295e-13    6.33145e-13    0.00326424    0.00326424 
3.57139    1.86322e-13    3.31596e-13    0.00326754    0.00326754 
3.44823    7.21587e-14    2.03572e-13    0.00327107    0.00327107 
3.33328    2.79e-14    1.43094e-13    0.00327462    0.00327462 
3.22574    1.07716e-14    1.10603e-13    0.0032784    0.0032784 
3.12493    4.15302e-15    9.09567e-14    0.00328241    0.00328241 
3.03024    1.59904e-15    7.79264e-14    0.00328614    0.00328614 
2.94112    6.14984e-16    6.8675e-14    0.00329035    0.00329035 
2.85633    2.34133e-16    6.16557e-14    0.0032945    0.0032945 
2.77624    8.89805e-17    5.62794e-14    0.00329887    0.00329887 
2.70051    3.3778e-17    5.20006e-14    0.00330313    0.00330313 
2.62881    1.28099e-17    4.85149e-14    0.0033076    0.0033076 
2.56082    4.85347e-18    4.56207e-14    0.00331228    0.00331228 
2.49626    1.83708e-18    4.31794e-14    0.0033168    0.0033168 
2.43487    6.94769e-19    4.10927e-14    0.0033215    0.0033215 
2.37643    2.62546e-19    3.92887e-14    0.00332641    0.00332641 
2.32072    9.91256e-20    3.77139e-14    0.00333108    0.00333108 
2.26757    3.73981e-20    3.63272e-14    0.00333593    0.00333593 
2.2168    1.40998e-20    3.5097e-14    0.00334095    0.00334095 
2.16826    5.31239e-21    3.39983e-14    0.00334616    0.00334616 
2.12179    2e-21    3.30113e-14    0.00335105    0.00335105 
2.07727    7.5261e-22    3.21197e-14    0.00335661    0.00335661 
2.03459    2.83004e-22    3.13105e-14    0.00336183    0.00336183 
1.99362    1.06359e-22    3.05728e-14    0.00336722    0.00336722 
1.95427    3.9944e-23    2.98977e-14    0.0033722    0.0033722 
1.91644    1.49961e-23    2.92774e-14    0.00337789    0.00337789 
1.88005    5.62619e-24    2.87057e-14    0.00338315    0.00338315 
1.84502    2.10981e-24    2.81771e-14    0.00338855    0.00338855 
1.81127    7.90811e-25    2.76869e-14    0.00339409    0.00339409 
1.77873    2.96285e-25    2.72312e-14    0.00339976    0.00339976 
1.74734    1.10937e-25    2.68064e-14    0.00340491    0.00340491 
1.71703    4.15289e-26    2.64095e-14    0.00341084    0.00341084 
1.68776    1.55369e-26    2.6038e-14    0.00341623    0.00341623 
1.65948    5.81044e-27    2.56894e-14    0.00342172    0.00342172 
1.63212    2.17216e-27    2.53617e-14    0.00342732    0.00342732 
1.60565    8.11738e-28    2.50532e-14    0.00343303    0.00343303 
1.58003    3.03241e-28    2.47621e-14    0.00343885    0.00343885 
1.55545    1.14331e-28    2.44898e-14    0.00344403    0.00344403 
1.53163    4.31013e-29    2.4232e-14    0.00345005    0.00345005 
1.50852    1.624e-29    2.39877e-14    0.0034554    0.0034554 
1.4861    6.11713e-30    2.37557e-14    0.00346083    0.00346083 
1.46434    2.30346e-30    2.35352e-14    0.00346635    0.00346635 
1.44321    8.67134e-31    2.33253e-14    0.00347194    0.00347194 
1.42268    3.2634e-31    2.31254e-14    0.00347761    0.00347761 
1.40272    1.22782e-31    2.29347e-14    0.00348336    0.00348336 
1.38332    4.61833e-32    2.27527e-14    0.00348918    0.00348918 
1.36444    1.73627e-32    2.25787e-14    0.00349423    0.00349423 
1.34608    6.52745e-33    2.24122e-14    0.0035002    0.0035002 
1.3282    2.45277e-33    2.22528e-14    0.00350536    0.00350536 
1.31079    9.21663e-34    2.21001e-14    0.00351146    0.00351146 
1.29383    3.46161e-34    2.19535e-14    0.00351674    0.00351674 
1.2773    1.29982e-34    2.18129e-14    0.00352207    0.00352207 
1.26119    4.87967e-35    2.16777e-14    0.00352746    0.00352746 
1.24549    1.83195e-35    2.15478e-14    0.0035338    0.0035338 
1.23016    6.8726e-36    2.14228e-14    0.00353837    0.00353837 
1.21521    2.57839e-36    2.13025e-14    0.00354389    0.00354389 
1.20062    9.67137e-37    2.11865e-14    0.00354946    0.00354946 
1.18638    3.62694e-37    2.10747e-14    0.00355508    0.00355508 
1.17247    1.3599e-37    2.09669e-14    0.00356074    0.00356074 
1.15888    5.09655e-38    2.08628e-14    0.00356549    0.00356549 
1.14561    1.9102e-38    2.07622e-14    0.00357123    0.00357123 
1.13263    7.15625e-39    2.06651e-14    0.00357604    0.00357604 
1.11995    2.68121e-39    2.05711e-14    0.00358185    0.00358185 
1.10754    1.00411e-39    2.04803e-14    0.00358672    0.00358672 
1.09541    3.75974e-40    2.03923e-14    0.00359162    0.00359162 
1.08354    1.40792e-40    2.03071e-14    0.00359752    0.00359752 
1.07193    5.26997e-41    2.02246e-14    0.00360248    0.00360248 
1.06056    1.97227e-41    2.01446e-14    0.00360745    0.00360745 
1.04943    7.38001e-42    2.0067e-14    0.00361245    0.00361245 
1.03853    2.76108e-42    1.99918e-14    0.00361746    0.00361746 
1.02785    1.03284e-42    1.99187e-14    0.0036225    0.0036225 
1.0174    3.86298e-43    1.98478e-14    0.00362756    0.00362756 
1.00715    1.4446e-43    1.97789e-14    0.00363265    0.00363265 
0.997108    5.40144e-44    1.97119e-14    0.00363775    0.00363775 
0.987264    2.01934e-44    1.96468e-14    0.00364286    0.00364286 
0.977613    7.54617e-45    1.95835e-14    0.00364697    0.00364697 
0.968148    2.82037e-45    1.9522e-14    0.00365212    0.00365212 
0.958865    1.05397e-45    1.9462e-14    0.00365729    0.00365729 
0.949758    3.93702e-46    1.94037e-14    0.00366143    0.00366143 
0.940822    1.47087e-46    1.93469e-14    0.00366663    0.00366663 
0.932053    5.49292e-47    1.92915e-14    0.00367079    0.00367079 
0.923446    2.05164e-47    1.92376e-14    0.00367601    0.00367601 
0.914997    7.65984e-48    1.9185e-14    0.0036802    0.0036802 
0.906701    2.86029e-48    1.91337e-14    0.00368545    0.00368545 
0.898553    1.06764e-48    1.90837e-14    0.00368965    0.00368965 
0.890551    3.98465e-49    1.9035e-14    0.00369386    0.00369386 
0.88269    1.4874e-49    1.89873e-14    0.00369914    0.00369914 
0.874967    5.54999e-50    1.89409e-14    0.00370337    0.00370337 
0.867378    2.07066e-50    1.88955e-14    0.00370761    0.00370761 
0.859919    7.7246e-51    1.88512e-14    0.00371185    0.00371185 
0.852588    2.88136e-51    1.88083e-14    0.0037161    0.0037161 
0.84538    1.07677e-51    1.87668e-14    0.00372767    0.00372767 
0.838293    4.02326e-52    1.87266e-14    0.00373903    0.00373903 
0.831324    1.50208e-52    1.86877e-14    0.00374788    0.00374788 
0.82447    5.60674e-53    1.865e-14    0.00375629    0.00375629 
0.817728    2.09224e-53    1.86129e-14    0.0037641    0.0037641 
0.811096    7.80177e-54    1.85764e-14    0.00376951    0.00376951 
0.80457    2.90982e-54    1.85404e-14    0.0037761    0.0037761 
0.798148    1.08497e-54    1.8505e-14    0.003782    0.003782 
0.791828    4.04448e-55    1.847e-14    0.00378732    0.00378732 
0.785608    1.50736e-55    1.84357e-14    0.00379222    0.00379222 
0.779484    5.61702e-56    1.84022e-14    0.00379689    0.00379689 
0.773395    2.07169e-56    1.83689e-14    0.00380037    0.00380037 
0.767401    7.64284e-57    1.83363e-14    0.00380515    0.00380515 
0.761499    2.81959e-57    1.83044e-14    0.0038103    0.0038103 
0.755687    1.04025e-57    1.82734e-14    0.00381597    0.00381597 
0.749963    3.83655e-58    1.82431e-14    0.00382065    0.00382065 
0.744325    1.41565e-58    1.82137e-14    0.00382753    0.00382753 
0.738771    5.22416e-59    1.8185e-14    0.00383516    0.00383516 
0.733299    1.92699e-59    1.81571e-14    0.00384136    0.00384136 
0.727908    7.1122e-60    1.81298e-14    0.00385021    0.00385021 
0.722596    2.62352e-60    1.81032e-14    0.00385721    0.00385721 
0.71736    9.68353e-61    1.80772e-14    0.00386692    0.00386692 
0.7122    3.57186e-61    1.80518e-14    0.00387438    0.00387438 
0.707114    1.31828e-61    1.80269e-14    0.00388441    0.00388441 
0.702099    4.86186e-62    1.80025e-14    0.00389189    0.00389189 
0.697156    1.79398e-62    1.79784e-14    0.00390168    0.00390168 
0.692281    6.6146e-63    1.79547e-14    0.00390879    0.00390879 
0.687474    2.43853e-63    1.79313e-14    0.00391566    0.00391566 
0.682734    8.99341e-64    1.79083e-14    0.00392436    0.00392436 
0.678058    3.31443e-64    1.78856e-14    0.00393054    0.00393054 
0.673446    1.22132e-64    1.78632e-14    0.00393641    0.00393641 
0.668896    4.49975e-65    1.78411e-14    0.00394201    0.00394201 
0.664408    1.65838e-65    1.78194e-14    0.00394913    0.00394913 
0.659979    6.10846e-66    1.77979e-14    0.00395426    0.00395426 
0.655609    2.24978e-66    1.77768e-14    0.0039593    0.0039593 
0.651296    8.28548e-67    1.7756e-14    0.00396432    0.00396432 
0.64704    3.05254e-67    1.77357e-14    0.00397112    0.00397112 
0.642839    1.12411e-67    1.77157e-14    0.00397639    0.00397639 
0.638692    4.13957e-68    1.7696e-14    0.0039819    0.0039819 
0.634598    1.52443e-68    1.76768e-14    0.00398772    0.00398772 
0.630557    5.61398e-69    1.7658e-14    0.00399388    0.00399388 
0.626566    2.06752e-69    1.76396e-14    0.00400045    0.00400045 
0.622626    7.61462e-70    1.76216e-14    0.00400744    0.00400744 
0.618735    2.80457e-70    1.7604e-14    0.00401486    0.00401486 
0.614893    1.03301e-70    1.75868e-14    0.00402271    0.00402271 
0.611098    3.80505e-71    1.75699e-14    0.00403097    0.00403097 
0.607349    1.40161e-71    1.75534e-14    0.00403959    0.00403959 
0.603646    5.16302e-72    1.75372e-14    0.00404852    0.00404852 
0.599988    1.90187e-72    1.75214e-14    0.0040577    0.0040577 
0.596374    7.00566e-73    1.75058e-14    0.00406705    0.00406705 
0.592803    2.58049e-73    1.74904e-14    0.00407649    0.00407649 
0.589275    9.50451e-74    1.74753e-14    0.00408593    0.00408593 
0.585789    3.50046e-74    1.74604e-14    0.0040953    0.0040953 
0.582343    1.28812e-74    1.74457e-14    0.00410147    0.00410147 
0.578938    4.74318e-75    1.74312e-14    0.00411054    0.00411054 
0.575573    1.74635e-75    1.74168e-14    0.00411933    0.00411933 
0.572246    6.42889e-76    1.74026e-14    0.00412781    0.00412781 
0.568958    2.36635e-76    1.73885e-14    0.00413593    0.00413593 
0.565707    8.7035e-77    1.73746e-14    0.00414113    0.00414113 
0.562493    3.20277e-77    1.73608e-14    0.00414861    0.00414861 
0.559315    1.17841e-77    1.73472e-14    0.00415572    0.00415572 
0.556174    4.33521e-78    1.73336e-14    0.00416248    0.00416248 
0.553067    1.59386e-78    1.73203e-14    0.00416682    0.00416682 
0.549995    5.86235e-79    1.7307e-14    0.00417312    0.00417312 
0.546956    2.15602e-79    1.7294e-14    0.00417922    0.00417922 
0.543951    7.92494e-80    1.72811e-14    0.00418323    0.00418323 
0.540979    2.91422e-80    1.72683e-14    0.00418919    0.00418919 
0.538039    1.0716e-80    1.72558e-14    0.00419519    0.00419519 
0.535131    3.93842e-81    1.72434e-14    0.00419925    0.00419925 
0.532255    1.44817e-81    1.72312e-14    0.00420551    0.00420551 
0.529409    5.32227e-82    1.72192e-14    0.00420982    0.00420982 
0.526593    1.95707e-82    1.72074e-14    0.00421656    0.00421656 
0.523807    7.1926e-83    1.71958e-14    0.00422127    0.00422127 
0.52105    2.645e-83    1.71844e-14    0.00422869    0.00422869 
0.518323    9.72738e-84    1.71732e-14    0.00423659    0.00423659 
0.515623    3.57524e-84    1.71623e-14    0.00424212    0.00424212 
0.512952    1.31499e-84    1.71515e-14    0.00425086    0.00425086 
0.510308    4.83341e-85    1.7141e-14    0.00425696    0.00425696 
0.507692    1.77795e-85    1.71306e-14    0.00426652    0.00426652 
0.505102    6.53532e-86    1.71204e-14    0.00427315    0.00427315 
0.502538    2.40224e-86    1.71104e-14    0.00427998    0.00427998 
0.5    8.83742e-87    1.71006e-14    0.00429053    0.00429053 
0.497488    3.24847e-87    1.70909e-14    0.00429774    0.00429774 
0.495    1.19509e-87    1.70814e-14    0.00430878    0.00430878 
0.492538    4.39281e-88    1.7072e-14    0.00431623    0.00431623 
0.4901    1.61603e-88    1.70627e-14    0.0043275    0.0043275 
0.487686    5.93969e-89    1.70536e-14    0.00433502    0.00433502 
0.485296    2.18302e-89    1.70445e-14    0.00434251    0.00434251 
0.482928    8.02968e-90    1.70356e-14    0.00435365    0.00435365 
0.480584    2.9508e-90    1.70267e-14    0.00436095    0.00436095 
0.478263    1.08431e-90    1.70179e-14    0.00436814    0.00436814 
0.475964    3.98731e-91    1.70092e-14    0.00437864    0.00437864 
0.473687    1.46494e-91    1.70006e-14    0.00438543    0.00438543 
0.471431    5.3818e-92    1.69921e-14    0.00439204    0.00439204 
0.469197    1.97837e-92    1.69835e-14    0.00440157    0.00440157 
0.466984    7.26663e-93    1.69751e-14    0.00440766    0.00440766 
0.464792    2.66884e-93    1.69667e-14    0.00441355    0.00441355 
0.46262    9.80116e-94    1.69584e-14    0.00441923    0.00441923 
0.460469    3.60131e-94    1.69501e-14    0.00442739    0.00442739 
0.458337    1.32233e-94    1.69419e-14    0.0044326    0.0044326 
0.456225    4.85499e-95    1.69338e-14    0.00443766    0.00443766 
0.454133    1.78242e-95    1.69258e-14    0.00444258    0.00444258 
0.452059    6.54695e-96    1.69178e-14    0.00444976    0.00444976 
0.450005    2.40331e-96    1.69099e-14    0.00445445    0.00445445 
0.447968    8.82195e-97    1.69021e-14    0.00445911    0.00445911 
0.445951    3.23821e-97    1.68944e-14    0.00446377    0.00446377 
0.443951    1.1886e-97    1.68868e-14    0.00446845    0.00446845 
0.441969    4.36271e-98    1.68793e-14    0.0044732    0.0044732 
0.440005    1.60219e-98    1.68719e-14    0.00448052    0.00448052 
0.438059    5.88084e-99    1.68646e-14    0.00448557    0.00448557 
0.436129    2.15858e-99    1.68573e-14    0.0044908    0.0044908 
0.434216    7.92327e-100    1.68502e-14    0.00449624    0.00449624 
0.43232    2.90837e-100    1.68433e-14    0.00450191    0.00450191 
0.430441    1.06759e-100    1.68364e-14    0.00450783    0.00450783 
0.428578    3.919e-101    1.68296e-14    0.00451402    0.00451402 
0.42673    1.43866e-101    1.68229e-14    0.00452049    0.00452049 
0.424899    5.28151e-102    1.68164e-14    0.00452726    0.00452726 
0.423083    1.94053e-102    1.68099e-14    0.00453797    0.00453797 
0.421283    7.12467e-103    1.68036e-14    0.00454547    0.00454547 
0.419498    2.61591e-103    1.67973e-14    0.00455327    0.00455327 
0.417728    9.60494e-104    1.67912e-14    0.00456134    0.00456134 
0.415973    3.52677e-104    1.67851e-14    0.00456966    0.00456966 
0.414233    1.295e-104    1.67792e-14    0.00457822    0.00457822 
0.412507    4.7552e-105    1.67733e-14    0.00458698    0.00458698 
0.410796    1.74611e-105    1.67675e-14    0.00459592    0.00459592 
0.409098    6.41171e-106    1.67618e-14    0.004605    0.004605 
0.407415    2.35436e-106    1.67562e-14    0.00461417    0.00461417 
0.405745    8.64502e-107    1.67506e-14    0.00462341    0.00462341 
0.404089    3.1743e-107    1.67451e-14    0.00463266    0.00463266 
0.402447    1.1655e-107    1.67396e-14    0.00464188    0.00464188 
0.400818    4.27918e-108    1.67342e-14    0.00465103    0.00465103 
0.399202    1.57103e-108    1.67289e-14    0.00466006    0.00466006 
0.397599    5.76741e-109    1.67235e-14    0.00466893    0.00466893 
0.396008    2.11518e-109    1.67182e-14    0.00467329    0.00467329 
0.394431    7.76409e-110    1.6713e-14    0.00468183    0.00468183 
0.392866    2.84969e-110    1.67077e-14    0.00469012    0.00469012 
0.391313    1.04584e-110    1.67025e-14    0.0046981    0.0046981 
0.389772    3.8379e-111    1.66973e-14    0.00470575    0.00470575 
0.388244    1.40824e-111    1.66922e-14    0.00471306    0.00471306 
0.386728    5.16671e-112    1.6687e-14    0.00471999    0.00471999 
0.385223    1.89542e-112    1.66819e-14    0.00472653    0.00472653 
0.38373    6.95265e-113    1.66768e-14    0.00473268    0.00473268 
0.382248    2.55005e-113    1.66717e-14    0.00473843    0.00473843 
0.380778    9.34671e-114    1.66666e-14    0.00474116    0.00474116 
0.37932    3.42755e-114    1.66615e-14    0.00474633    0.00474633 
0.377872    1.2568e-114    1.66565e-14    0.00475113    0.00475113 
0.376435    4.60791e-115    1.66515e-14    0.00475559    0.00475559 
0.375009    1.68929e-115    1.66465e-14    0.00475972    0.00475972 
0.373594    6.19255e-116    1.66415e-14    0.00476357    0.00476357 
0.37219    2.26904e-116    1.66365e-14    0.0047654    0.0047654 
0.370796    8.31678e-117    1.66316e-14    0.0047689    0.0047689 
0.369413    3.0482e-117    1.66267e-14    0.00477222    0.00477222 
0.368039    1.11715e-117    1.66219e-14    0.0047754    0.0047754 
0.366676    4.09413e-118    1.6617e-14    0.00477851    0.00477851 
0.365323    1.4999e-118    1.66123e-14    0.00478005    0.00478005 
0.36398    5.49659e-119    1.66075e-14    0.00478314    0.00478314 
0.362647    2.01428e-119    1.66029e-14    0.00478628    0.00478628 
0.361324    7.38157e-120    1.65982e-14    0.00478953    0.00478953 
0.36001    2.70412e-120    1.65936e-14    0.00479121    0.00479121 
0.358706    9.90972e-121    1.65891e-14    0.00479473    0.00479473 
0.357411    3.63169e-121    1.65846e-14    0.00479848    0.00479848 
0.356125    1.33099e-121    1.65802e-14    0.00480251    0.00480251 
0.354849    4.87594e-122    1.65759e-14    0.00480465    0.00480465 
0.353582    1.78711e-122    1.65716e-14    0.00480919    0.00480919 
0.352324    6.55043e-123    1.65673e-14    0.00481411    0.00481411 
0.351074    2.40114e-123    1.65632e-14    0.00481944    0.00481944 
0.349834    8.7969e-124    1.65591e-14    0.00482227    0.00482227 
0.348602    3.22492e-124    1.6555e-14    0.00482825    0.00482825 
0.347379    1.18233e-124    1.6551e-14    0.0048347    0.0048347 
0.346164    4.33191e-125    1.65471e-14    0.00483809    0.00483809 
0.344958    1.58835e-125    1.65432e-14    0.00484523    0.00484523 
0.343761    5.82433e-126    1.65394e-14    0.00485284    0.00485284 
0.342571    2.13408e-126    1.65357e-14    0.00485681    0.00485681 
0.34139    7.82625e-127    1.6532e-14    0.00486508    0.00486508 
0.340217    2.87028e-127    1.65284e-14    0.00487377    0.00487377 
0.339052    1.05175e-127    1.65248e-14    0.00487827    0.00487827 
0.337895    3.85761e-128    1.65213e-14    0.00488754    0.00488754 
0.336746    1.41496e-128    1.65178e-14    0.00489716    0.00489716 
0.335604    5.18497e-129    1.65144e-14    0.00490208    0.00490208 
0.334471    1.90192e-129    1.6511e-14    0.00491213    0.00491213 
0.333344    6.97672e-130    1.65077e-14    0.00492241    0.00492241 
0.332226    2.55655e-130    1.65044e-14    0.00492762    0.00492762 
0.331115    9.37811e-131    1.65012e-14    0.00493814    0.00493814 
0.330011    3.43645e-131    1.64979e-14    0.00494343    0.00494343 
0.328915    1.26056e-131    1.64947e-14    0.00495407    0.00495407 
0.327826    4.62391e-132    1.64915e-14    0.0049647    0.0049647 
0.326744    1.69426e-132    1.64884e-14    0.00497    0.00497 
0.325669    6.21439e-133    1.64853e-14    0.00498052    0.00498052 
0.324602    2.27691e-133    1.64822e-14    0.00498573    0.00498573 
0.323541    8.35077e-134    1.64791e-14    0.00499601    0.00499601 
0.322487    3.06252e-134    1.6476e-14    0.00500606    0.00500606 
0.32144    1.12196e-134    1.6473e-14    0.00501099    0.00501099 
0.3204    4.11412e-135    1.64699e-14    0.00502061    0.00502061 
0.319366    1.50709e-135    1.64669e-14    0.00502529    0.00502529 
0.31834    5.52557e-136    1.64639e-14    0.00503437    0.00503437 
0.317319    2.02396e-136    1.64609e-14    0.00503877    0.00503877 
0.316306    7.41943e-137    1.64579e-14    0.00504725    0.00504725 
0.315298    2.7174e-137    1.64549e-14    0.00505133    0.00505133 
0.314297    9.95982e-138    1.64519e-14    0.00505915    0.00505915 
0.313303    3.64747e-138    1.64489e-14    0.00506289    0.00506289 
0.312315    1.33665e-138    1.64459e-14    0.00507004    0.00507004 
0.311333    4.89774e-139    1.64429e-14    0.00507673    0.00507673 
0.310357    1.79336e-139    1.644e-14    0.00507991    0.00507991 
0.309387    6.57017e-140    1.6437e-14    0.00508594    0.00508594 
0.308423    2.40552e-140    1.64341e-14    0.0050888    0.0050888 
0.307465    8.81155e-141    1.64311e-14    0.00509423    0.00509423 
0.306513    3.22587e-141    1.64282e-14    0.00509681    0.00509681 
0.305567    1.1815e-141    1.64253e-14    0.00510171    0.00510171 
0.304627    4.32507e-142    1.64223e-14    0.00510405    0.00510405 
0.303693    1.58391e-142    1.64194e-14    0.00510852    0.00510852 
0.302764    5.79779e-143    1.64165e-14    0.00511066    0.00511066 
0.301841    2.12219e-143    1.64137e-14    0.00511276    0.00511276 
0.300924    7.77087e-144    1.64108e-14    0.00511684    0.00511684 
0.300012    2.84427e-144    1.6408e-14    0.00511884    0.00511884 
0.299106    1.04143e-144    1.64051e-14    0.00512278    0.00512278 
0.298205    3.81169e-145    1.64023e-14    0.00512473    0.00512473 
0.297309    1.39561e-145    1.63995e-14    0.00512867    0.00512867 
0.296419    5.1079e-146    1.63968e-14    0.00513066    0.00513066 
0.295534    1.87021e-146    1.63941e-14    0.00513473    0.00513473 
0.294655    6.84485e-147    1.63913e-14    0.00513683    0.00513683 
0.293781    2.50624e-147    1.63887e-14    0.00514117    0.00514117 
0.292912    9.17273e-148    1.6386e-14    0.00514343    0.00514343 
0.292048    3.35718e-148    1.63834e-14    0.00514576    0.00514576 
0.291189    1.22931e-148    1.63808e-14    0.00515064    0.00515064 
0.290335    4.49932e-149    1.63782e-14    0.00515321    0.00515321 
0.289486    1.64765e-149    1.63756e-14    0.00515862    0.00515862 
0.288642    6.03064e-150    1.63731e-14    0.00516148    0.00516148 
0.287803    2.20731e-150    1.63706e-14    0.00516443    0.00516443 
0.286969    8.08415e-151    1.63682e-14    0.00517066    0.00517066 
0.286139    2.95904e-151    1.63658e-14    0.00517394    0.00517394 
0.285315    1.08384e-151    1.63634e-14    0.00518083    0.00518083 
0.284495    3.96733e-152    1.6361e-14    0.00518445    0.00518445 
0.28368    1.45223e-152    1.63587e-14    0.00518818    0.00518818 
0.282869    5.31995e-153    1.63564e-14    0.00519598    0.00519598 
0.282064    1.94743e-153    1.63541e-14    0.00520004    0.00520004 
0.281262    7.13471e-154    1.63518e-14    0.00520849    0.00520849 
0.280466    2.61183e-154    1.63496e-14    0.00521286    0.00521286 
0.279673    9.56129e-155    1.63474e-14    0.00521734    0.00521734 
0.278886    3.5033e-155    1.63452e-14    0.00522656    0.00522656 
0.278102    1.28251e-155    1.63431e-14    0.0052313    0.0052313 
0.277323    4.69507e-156    1.6341e-14    0.00523611    0.00523611 
0.276549    1.72042e-156    1.63389e-14    0.00524594    0.00524594 
0.275778    6.29828e-157    1.63368e-14    0.00525094    0.00525094 
0.275012    2.30572e-157    1.63347e-14    0.00525598    0.00525598 
0.274251    8.44916e-158    1.63327e-14    0.00526619    0.00526619 
0.273493    3.09311e-158    1.63306e-14    0.00527133    0.00527133 
0.27274    1.13233e-158    1.63286e-14    0.00527649    0.00527649 
0.27199    4.14925e-159    1.63266e-14    0.0052868    0.0052868 
0.271245    1.51892e-159    1.63246e-14    0.00529194    0.00529194 
0.270504    5.56025e-160    1.63227e-14    0.00529706    0.00529706 
0.269767    2.03731e-160    1.63207e-14    0.00530718    0.00530718 
0.269034    7.45753e-161    1.63188e-14    0.00531217    0.00531217 
0.268305    2.72974e-161    1.63168e-14    0.0053171    0.0053171 
0.26758    1.00006e-161    1.63149e-14    0.00532673    0.00532673 
0.266859    3.66036e-162    1.6313e-14    0.00533142    0.00533142 
0.266141    1.3397e-162    1.6311e-14    0.00533601    0.00533601 
0.265428    4.9072e-163    1.63091e-14    0.00534486    0.00534486 
0.264718    1.79589e-163    1.63072e-14    0.00534912    0.00534912 
0.264012    6.57221e-164    1.63053e-14    0.00535324    0.00535324 
0.26331    2.40506e-164    1.63034e-14    0.00535723    0.00535723 
0.262612    8.80696e-165    1.63015e-14    0.00536479    0.00536479 
0.261917    3.22253e-165    1.62996e-14    0.00536835    0.00536835 
0.261226    1.1791e-165    1.62977e-14    0.00537176    0.00537176 
0.260539    4.31406e-166    1.62958e-14    0.00537501    0.00537501 
0.259855    1.57922e-166    1.62939e-14    0.00538104    0.00538104 
0.259175    5.77738e-167    1.6292e-14    0.00538382    0.00538382 
0.258498    2.1135e-167    1.629e-14    0.00538644    0.00538644 
0.257825    7.73468e-168    1.62881e-14    0.00539121    0.00539121 
0.257155    2.82922e-168    1.62862e-14    0.00539336    0.00539336 
0.256489    1.03484e-168    1.62843e-14    0.00539536    0.00539536 
0.255826    3.78501e-169    1.62824e-14    0.00539722    0.00539722 
0.255167    1.38475e-169    1.62805e-14    0.00540053    0.00540053 
0.254511    5.06434e-170    1.62786e-14    0.00540199    0.00540199 
0.253859    1.85209e-170    1.62768e-14    0.00540333    0.00540333 
0.253209    6.77307e-171    1.62749e-14    0.00540457    0.00540457 
0.252564    2.47684e-171    1.6273e-14    0.00540571    0.00540571 
0.251921    9.05896e-172    1.62711e-14    0.00540773    0.00540773 
0.251282    3.31256e-172    1.62692e-14    0.00540865    0.00540865 
0.250645    1.21127e-172    1.62674e-14    0.0054095    0.0054095 
0.250013    4.42907e-173    1.62655e-14    0.00541033    0.00541033 
0.249383    1.61972e-173    1.62637e-14    0.00541191    0.00541191 
0.248756    5.92243e-174    1.62619e-14    0.00541271    0.00541271 
0.248133    2.1655e-174    1.626e-14    0.00541352    0.00541352 
0.247512    7.91798e-175    1.62582e-14    0.00541438    0.00541438 
0.246895    2.89515e-175    1.62564e-14    0.00541529    0.00541529 
0.246281    1.05881e-175    1.62547e-14    0.00541734    0.00541734 
0.24567    3.87157e-176    1.62529e-14    0.00541852    0.00541852 
0.245062    1.41567e-176    1.62512e-14    0.00541983    0.00541983 
0.244457    5.17663e-177    1.62494e-14    0.00542127    0.00542127 
0.243855    1.89295e-177    1.62477e-14    0.00542288    0.00542288 
0.243256    6.92472e-178    1.62461e-14    0.00542665    0.00542665 
0.24266    2.53241e-178    1.62444e-14    0.00542885    0.00542885 
0.242066    9.2615e-179    1.62428e-14    0.00543129    0.00543129 
0.241476    3.38723e-179    1.62412e-14    0.00543397    0.00543397 
0.240888    1.23887e-179    1.62396e-14    0.00543693    0.00543693 
0.240304    4.53133e-180    1.6238e-14    0.00544017    0.00544017 
0.239722    1.65865e-180    1.62365e-14    0.00544759    0.00544759 
0.239143    6.06769e-181    1.6235e-14    0.00545181    0.00545181 
0.238567    2.21981e-181    1.62336e-14    0.00545637    0.00545637 
0.237993    8.12148e-182    1.62321e-14    0.00546131    0.00546131 
0.237423    2.97153e-182    1.62307e-14    0.00546664    0.00546664 
0.236855    1.08731e-182    1.62294e-14    0.00547237    0.00547237 
0.236289    3.98361e-183    1.6228e-14    0.0054851    0.0054851 
0.235727    1.45795e-183    1.62267e-14    0.00549212    0.00549212 
0.235167    5.33633e-184    1.62254e-14    0.00549961    0.00549961 
0.23461    1.95332e-184    1.62242e-14    0.00550756    0.00550756 
0.234055    7.15054e-185    1.6223e-14    0.005516    0.005516 
0.233503    2.61781e-185    1.62218e-14    0.00552494    0.00552494 
0.232954    9.58456e-186    1.62206e-14    0.00553438    0.00553438 
0.232407    3.5161e-186    1.62195e-14    0.00555481    0.00555481 
0.231863    1.28768e-186    1.62185e-14    0.00556583    0.00556583 
0.231321    4.71617e-187    1.62174e-14    0.00557738    0.00557738 
0.230782    1.72746e-187    1.62164e-14    0.00558947    0.00558947 
0.230245    6.32799e-188    1.62154e-14    0.00560212    0.00560212 
0.229711    2.31825e-188    1.62145e-14    0.00561533    0.00561533 
0.229179    8.49359e-189    1.62136e-14    0.0056291    0.0056291 
0.22865    3.11215e-189    1.62127e-14    0.00564344    0.00564344 
0.228123    1.14354e-189    1.62119e-14    0.00567381    0.00567381 
0.227599    4.19118e-190    1.62111e-14    0.00568985    0.00568985 
0.227077    1.53623e-190    1.62103e-14    0.00570646    0.00570646 
0.226557    5.63135e-191    1.62095e-14    0.00572364    0.00572364 
0.22604    2.06445e-191    1.62088e-14    0.00574139    0.00574139 
0.225525    7.56886e-192    1.62081e-14    0.00575969    0.00575969 
0.225012    2.77518e-192    1.62074e-14    0.00577856    0.00577856 
0.224502    1.01762e-192    1.62067e-14    0.00579797    0.00579797 
0.223994    3.73175e-193    1.62061e-14    0.00581794    0.00581794 
0.223489    1.36858e-193    1.62055e-14    0.00583844    0.00583844 
0.222985    5.03796e-194    1.62049e-14    0.00588103    0.00588103 
0.222484    1.84801e-194    1.62044e-14    0.0059031    0.0059031 
0.221985    6.77927e-195    1.62038e-14    0.00592567    0.00592567 
0.221489    2.48706e-195    1.62033e-14    0.00594872    0.00594872 
0.220994    9.12463e-196    1.62028e-14    0.00597225    0.00597225 
0.220502    3.34786e-196    1.62023e-14    0.00599624    0.00599624 
0.220012    1.2284e-196    1.62019e-14    0.00602068    0.00602068 
0.219525    4.5075e-197    1.62014e-14    0.00604554    0.00604554 
0.219039    1.65405e-197    1.6201e-14    0.00607082    0.00607082 
0.218555    6.06988e-198    1.62006e-14    0.00609649    0.00609649 
0.218074    2.22755e-198    1.62002e-14    0.00612253    0.00612253 
0.217595    8.17499e-199    1.61998e-14    0.00614893    0.00614893 
0.217118    3.00027e-199    1.61994e-14    0.00617567    0.00617567 
0.216642    1.106e-199    1.6199e-14    0.00623007    0.00623007 
0.216169    4.05936e-200    1.61986e-14    0.00625768    0.00625768 
0.215699    1.48993e-200    1.61983e-14    0.00628554    0.00628554 
0.21523    5.46864e-201    1.61979e-14    0.00631363    0.00631363 
0.214763    2.00722e-201    1.61976e-14    0.00634192    0.00634192 
0.214298    7.36732e-202    1.61972e-14    0.00637038    0.00637038 
0.213835    2.7041e-202    1.61969e-14    0.006399    0.006399 
0.213374    9.92508e-203    1.61966e-14    0.00642774    0.00642774 
0.212915    3.64284e-203    1.61962e-14    0.00645659    0.00645659 
0.212459    1.33702e-203    1.61959e-14    0.00648551    0.00648551 
0.212004    4.90717e-204    1.61956e-14    0.00651449    0.00651449 
0.211551    1.801e-204    1.61952e-14    0.0065435    0.0065435 
0.2111    6.60972e-205    1.61949e-14    0.00657251    0.00657251 
0.21065    2.42572e-205    1.61946e-14    0.00660151    0.00660151 
0.210203    8.90195e-206    1.61942e-14    0.00663046    0.00663046 
0.209758    3.26674e-206    1.61939e-14    0.00665935    0.00665935 
0.209314    1.19874e-206    1.61935e-14    0.00668815    0.00668815 
0.208873    4.39866e-207    1.61932e-14    0.00671684    0.00671684 
0.208433    1.61397e-207    1.61928e-14    0.00674541    0.00674541 
0.207995    5.92175e-208    1.61925e-14    0.00677383    0.00677383 
0.207559    2.17262e-208    1.61921e-14    0.00680208    0.00680208 
0.207125    7.97068e-209    1.61917e-14    0.00683015    0.00683015 
0.206693    2.92405e-209    1.61914e-14    0.00685802    0.00685802 
0.206262    1.07263e-209    1.6191e-14    0.00688568    0.00688568 
0.205833    3.93451e-210    1.61906e-14    0.00691311    0.00691311 
0.205406    1.44314e-210    1.61902e-14    0.0069403    0.0069403 
0.204981    5.29297e-211    1.61898e-14    0.00696724    0.00696724 
0.204558    1.94118e-211    1.61894e-14    0.00699393    0.00699393 
0.204136    7.11881e-212    1.6189e-14    0.00702035    0.00702035 
0.203716    2.6105e-212    1.61886e-14    0.0070465    0.0070465 
0.203297    9.57223e-213    1.61882e-14    0.00707237    0.00707237 
0.202881    3.50976e-213    1.61877e-14    0.00709797    0.00709797 
0.202466    1.28682e-213    1.61873e-14    0.0071233    0.0071233 
0.202053    4.71772e-214    1.61869e-14    0.00714835    0.00714835 
0.201641    1.72951e-214    1.61864e-14    0.00717313    0.00717313 
0.201232    6.33998e-215    1.6186e-14    0.00719764    0.00719764 
0.200823    2.32397e-215    1.61855e-14    0.00722189    0.00722189 
0.200417    8.51827e-216    1.61851e-14    0.0072459    0.0072459 
0.200012    3.12212e-216    1.61846e-14    0.00726966    0.00726966 
0.199609    1.14e-216    1.61841e-14    0.0072932    0.0072932 
0.199207    4.17797e-217    1.61837e-14    0.00731652    0.00731652 
0.198807    1.53111e-217    1.61832e-14    0.00733965    0.00733965 
0.198409    5.6109e-218    1.61827e-14    0.00736259    0.00736259 
0.198012    2.05608e-218    1.61823e-14    0.00738536    0.00738536 
0.197617    7.53413e-219    1.61818e-14    0.00740799    0.00740799 
0.197223    2.76065e-219    1.61813e-14    0.0074305    0.0074305 
0.196831    1.01153e-219    1.61809e-14    0.0074529    0.0074529 
0.19644    3.70624e-220    1.61804e-14    0.00747522    0.00747522 
0.196052    1.35793e-220    1.61799e-14    0.00749748    0.00749748 
0.195664    4.97526e-221    1.61794e-14    0.00751972    0.00751972 
0.195278    1.82283e-221    1.6179e-14    0.00754194    0.00754194 
0.194894    6.67838e-222    1.61785e-14    0.00756419    0.00756419 
0.194511    2.44677e-222    1.6178e-14    0.00758647    0.00758647 
0.19413    8.93787e-223    1.61775e-14    0.00758647    0.00758647 
0.19375    3.27455e-223    1.61771e-14    0.00760884    0.00760884 
0.193371    1.19969e-223    1.61766e-14    0.0076313    0.0076313 
0.192994    4.39526e-224    1.61762e-14    0.00765389    0.00765389 
0.192619    1.61029e-224    1.61757e-14    0.00767664    0.00767664 
0.192245    5.89969e-225    1.61753e-14    0.00769957    0.00769957 
0.191872    2.16152e-225    1.61748e-14    0.00772272    0.00772272 
0.191501    7.91946e-226    1.61744e-14    0.0077461    0.0077461 
0.191131    2.90162e-226    1.6174e-14    0.00776976    0.00776976 
0.190763    1.06315e-226    1.61735e-14    0.0077937    0.0077937 
0.190396    3.8955e-227    1.61731e-14    0.00781797    0.00781797 
0.190031    1.42739e-227    1.61727e-14    0.00784258    0.00784258 
0.189667    5.23041e-228    1.61723e-14    0.00786757    0.00786757 
0.189304    1.91665e-228    1.61719e-14    0.00789296    0.00789296 
0.188943    7.02374e-229    1.61715e-14    0.00791877    0.00791877 
0.188583    2.56551e-229    1.61711e-14    0.00791877    0.00791877 
0.188225    9.40183e-230    1.61708e-14    0.00794502    0.00794502 
0.187868    3.44565e-230    1.61704e-14    0.00797174    0.00797174 
0.187512    1.26284e-230    1.617e-14    0.00799894    0.00799894 
0.187157    4.62855e-231    1.61697e-14    0.00802666    0.00802666 
0.186804    1.69654e-231    1.61693e-14    0.0080549    0.0080549 
0.186452    6.21875e-232    1.6169e-14    0.00808369    0.00808369 
0.186102    2.27963e-232    1.61687e-14    0.00811303    0.00811303 
0.185753    8.35699e-233    1.61684e-14    0.00814296    0.00814296 
0.185405    3.06378e-233    1.6168e-14    0.00817346    0.00817346 
0.185058    1.12328e-233    1.61678e-14    0.00820457    0.00820457 
0.184713    4.10268e-234    1.61675e-14    0.00820457    0.00820457 
0.184369    1.50425e-234    1.61672e-14    0.00823629    0.00823629 
0.184026    5.51565e-235    1.61669e-14    0.00826863    0.00826863 
0.183685    2.02254e-235    1.61666e-14    0.00830159    0.00830159 
0.183345    7.41686e-236    1.61664e-14    0.00833518    0.00833518 
0.183006    2.71999e-236    1.61661e-14    0.00836941    0.00836941 
0.182668    9.97558e-237    1.61659e-14    0.00840426    0.00840426 
0.182332    3.65874e-237    1.61656e-14    0.00843975    0.00843975 
0.181997    1.34198e-237    1.61654e-14    0.00847587    0.00847587 
0.181663    4.90125e-238    1.61652e-14    0.00847587    0.00847587 
0.18133    1.7978e-238    1.6165e-14    0.00851262    0.00851262 
0.180999    6.59476e-239    1.61648e-14    0.00854999    0.00854999 
0.180668    2.41922e-239    1.61646e-14    0.00858797    0.00858797 
0.180339    8.87509e-240    1.61644e-14    0.00862655    0.00862655 
0.180012    3.25603e-240    1.61642e-14    0.00866571    0.00866571 
0.179685    1.1946e-240    1.6164e-14    0.00870545    0.00870545 
0.179359    4.38299e-241    1.61638e-14    0.00874575    0.00874575 
0.179035    1.60818e-241    1.61636e-14    0.00878659    0.00878659 
0.178712    5.8732e-242    1.61635e-14    0.00878659    0.00878659 
0.17839    2.15502e-242    1.61633e-14    0.00882794    0.00882794 
0.178069    7.90752e-243    1.61631e-14    0.00886978    0.00886978 
0.177749    2.90162e-243    1.6163e-14    0.0089121    0.0089121 
0.177431    1.06476e-243    1.61628e-14    0.00895486    0.00895486 
0.177113    3.90722e-244    1.61627e-14    0.00899803    0.00899803 
0.176797    1.43381e-244    1.61625e-14    0.00904159    0.00904159 
0.176482    5.23621e-245    1.61624e-14    0.00904159    0.00904159 
0.176168    1.92151e-245    1.61622e-14    0.0090855    0.0090855 
0.175855    7.05136e-246    1.61621e-14    0.00912972    0.00912972 
0.175543    2.58764e-246    1.6162e-14    0.00917423    0.00917423 
0.175233    9.49584e-247    1.61618e-14    0.00921898    0.00921898 
0.174923    3.48466e-247    1.61617e-14    0.00926394    0.00926394 
0.174615    1.27875e-247    1.61616e-14    0.00930907    0.00930907 
0.174307    4.66976e-248    1.61614e-14    0.00930907    0.00930907 
0.174001    1.7136e-248    1.61613e-14    0.00935433    0.00935433 
0.173696    6.28804e-249    1.61611e-14    0.00939966    0.00939966 
0.173391    2.30734e-249    1.6161e-14    0.00944504    0.00944504 
0.173088    8.46632e-250    1.61609e-14    0.00949041    0.00949041 
0.172786    3.10645e-250    1.61607e-14    0.00953574    0.00953574 
0.172485    1.13439e-250    1.61606e-14    0.00953574    0.00953574 
0.172185    4.16212e-251    1.61604e-14    0.00958097    0.00958097 
0.171886    1.52703e-251    1.61603e-14    0.00962606    0.00962606 
0.171588    5.60224e-252    1.61601e-14    0.00967096    0.00967096 
0.171292    2.0552e-252    1.616e-14    0.00971564    0.00971564 
0.170996    7.53915e-253    1.61598e-14    0.00976004    0.00976004 
0.170701    2.76545e-253    1.61597e-14    0.00980412    0.00980412 
0.170407    1.00984e-253    1.61595e-14    0.00980412    0.00980412 
0.170114    3.70396e-254    1.61594e-14    0.00984783    0.00984783 
0.169823    1.35848e-254    1.61592e-14    0.00989114    0.00989114 
0.169532    4.98207e-255    1.6159e-14    0.009934    0.009934 
0.169242    1.82698e-255    1.61589e-14    0.00997637    0.00997637 
0.168953    6.67129e-256    1.61587e-14    0.00997637    0.00997637 
0.168665    2.44625e-256    1.61585e-14    0.0100182    0.0100182 
0.168379    8.96928e-257    1.61583e-14    0.0100595    0.0100595 
0.168093    3.28836e-257    1.61581e-14    0.0101001    0.0101001 
0.167808    1.20549e-257    1.61579e-14    0.0101402    0.0101402 
0.167524    4.41888e-258    1.61577e-14    0.0101795    0.0101795 
0.167241    1.61353e-258    1.61575e-14    0.0101795    0.0101795 
0.166959    5.91405e-259    1.61573e-14    0.0102182    0.0102182 
0.166678    2.16748e-259    1.61571e-14    0.0102561    0.0102561 
0.166398    7.943e-260    1.61569e-14    0.0102933    0.0102933 
0.166118    2.91055e-260    1.61567e-14    0.0103297    0.0103297 
0.16584    1.06275e-260    1.61564e-14    0.0103297    0.0103297 
0.165563    3.89384e-261    1.61562e-14    0.0103654    0.0103654 
0.165287    1.42654e-261    1.6156e-14    0.0104002    0.0104002 
0.165011    5.2258e-262    1.61557e-14    0.0104342    0.0104342 
0.164737    1.91417e-262    1.61555e-14    0.0104674    0.0104674 
0.164463    6.98916e-263    1.61552e-14    0.0104674    0.0104674 
0.16419    2.55982e-263    1.6155e-14    0.0104998    0.0104998 
0.163918    9.37462e-264    1.61547e-14    0.0105313    0.0105313 
0.163647    3.43287e-264    1.61545e-14    0.010562    0.010562 
0.163377    1.25696e-264    1.61542e-14    0.0105919    0.0105919 
0.163108    4.58944e-265    1.61539e-14    0.0105919    0.0105919 
0.16284    1.68029e-265    1.61536e-14    0.0106209    0.0106209 
0.162573    6.15137e-266    1.61534e-14    0.0106492    0.0106492 
0.162306    2.25176e-266    1.61531e-14    0.0106766    0.0106766 
0.16204    8.24205e-267    1.61528e-14    0.0107033    0.0107033 
0.161776    3.00928e-267    1.61525e-14    0.0107033    0.0107033 
0.161512    1.10139e-267    1.61522e-14    0.0107293    0.0107293 
0.161249    4.03074e-268    1.61519e-14    0.0107545    0.0107545 
0.160987    1.47501e-268    1.61516e-14    0.010779    0.010779 
0.160725    5.3973e-269    1.61513e-14    0.0108029    0.0108029 
0.160465    1.97059e-269    1.6151e-14    0.0108029    0.0108029 
0.160205    7.21017e-270    1.61507e-14    0.0108261    0.0108261 
0.159946    2.63795e-270    1.61504e-14    0.0108487    0.0108487 
0.159688    9.65077e-271    1.615e-14    0.0108707    0.0108707 
0.159431    3.5235e-271    1.61497e-14    0.0108707    0.0108707 
0.159175    1.28897e-271    1.61494e-14    0.0108922    0.0108922 
0.158919    4.71509e-272    1.61491e-14    0.0109132    0.0109132 
0.158665    1.72471e-272    1.61488e-14    0.0109338    0.0109338 
0.158411    6.30843e-273    1.61485e-14    0.010954    0.010954 
0.158158    2.30317e-273    1.61481e-14    0.010954    0.010954 
0.157906    8.42389e-274    1.61478e-14    0.0109738    0.0109738 
0.157654    3.08095e-274    1.61475e-14    0.0109933    0.0109933 
0.157403    1.12679e-274    1.61472e-14    0.0110125    0.0110125 
0.157154    4.11378e-275    1.61468e-14    0.0110125    0.0110125 
0.156905    1.50448e-275    1.61465e-14    0.0110316    0.0110316 
0.156656    5.50204e-276    1.61462e-14    0.0110505    0.0110505 
0.156409    2.01211e-276    1.61459e-14    0.0110692    0.0110692 
0.156162    7.34588e-277    1.61456e-14    0.0110692    0.0110692 
0.155916    2.68637e-277    1.61452e-14    0.0110879    0.0110879 
0.155671    9.8239e-278    1.61449e-14    0.0111066    0.0111066 
0.155427    3.59254e-278    1.61446e-14    0.0111253    0.0111253 
0.155183    1.31377e-278    1.61443e-14    0.0111441    0.0111441 
0.15494    4.79625e-279    1.6144e-14    0.0111441    0.0111441 
0.154698    1.75396e-279    1.61437e-14    0.011163    0.011163 
0.154457    6.4142e-280    1.61433e-14    0.0111821    0.0111821 
0.154216    2.34569e-280    1.6143e-14    0.0112015    0.0112015 
0.153976    8.56342e-281    1.61427e-14    0.0112015    0.0112015 
0.153737    3.13172e-281    1.61424e-14    0.0112211    0.0112211 
0.153499    1.14532e-281    1.61421e-14    0.011241    0.011241 
0.153261    4.18871e-282    1.61418e-14    0.0112613    0.0112613 
0.153025    1.52915e-282    1.61415e-14    0.0112613    0.0112613 
0.152788    5.59264e-283    1.61413e-14    0.011282    0.011282 
0.152553    2.04549e-283    1.6141e-14    0.0113031    0.0113031 
0.152318    7.46728e-284    1.61407e-14    0.0113031    0.0113031 
0.152084    2.73122e-284    1.61404e-14    0.0113247    0.0113247 
0.151851    9.99003e-285    1.61401e-14    0.0113469    0.0113469 
0.151619    3.65422e-285    1.61398e-14    0.0113696    0.0113696 
0.151387    1.334e-285    1.61396e-14    0.0113696    0.0113696 
0.151156    4.87978e-286    1.61393e-14    0.0113928    0.0113928 
0.150925    1.78511e-286    1.6139e-14    0.0114167    0.0114167 
0.150695    6.5306e-287    1.61388e-14    0.0114413    0.0114413 
0.150466    2.384e-287    1.61385e-14    0.0114413    0.0114413 
0.150238    8.72197e-288    1.61383e-14    0.0114665    0.0114665 
0.150011    3.19113e-288    1.6138e-14    0.0114924    0.0114924 
0.149784    1.16761e-288    1.61378e-14    0.011519    0.011519 
0.149557    4.26232e-289    1.61375e-14    0.011519    0.011519 
0.149332    1.55963e-289    1.61373e-14    0.0115464    0.0115464 
0.149107    5.7072e-290    1.61371e-14    0.0115745    0.0115745 
0.148883    2.08857e-290    1.61368e-14    0.0116034    0.0116034 
0.148659    7.62412e-291    1.61366e-14    0.0116034    0.0116034 
0.148436    2.79021e-291    1.61364e-14    0.011633    0.011633 
0.148214    1.0212e-291    1.61362e-14    0.0116635    0.0116635 
0.147992    3.72777e-292    1.61359e-14    0.0116635    0.0116635 
0.147772    1.36442e-292    1.61357e-14    0.0116947    0.0116947 
0.147551    4.99423e-293    1.61355e-14    0.0117268    0.0117268 
0.147332    1.82817e-293    1.61353e-14    0.0117596    0.0117596 
0.147113    6.67341e-294    1.61351e-14    0.0117596    0.0117596 
0.146895    2.44297e-294    1.61349e-14    0.0117932    0.0117932 
0.146677    8.94356e-295    1.61347e-14    0.0118276    0.0118276 
0.14646    3.26466e-295    1.61345e-14    0.0118276    0.0118276 
0.146244    1.19524e-295    1.61343e-14    0.0118628    0.0118628 
0.146028    4.37615e-296    1.61341e-14    0.0118988    0.0118988 
0.145813    1.60234e-296    1.6134e-14    0.0119355    0.0119355 
0.145599    5.84891e-297    1.61338e-14    0.0119355    0.0119355 
0.145385    2.14169e-297    1.61336e-14    0.011973    0.011973 
0.145172    7.84255e-298    1.61334e-14    0.0120112    0.0120112 
0.144959    2.86269e-298    1.61333e-14    0.0120112    0.0120112 
0.144747    1.04832e-298    1.61331e-14    0.0120501    0.0120501 
0.144536    3.83912e-299    1.61329e-14    0.0120896    0.0120896 
0.144325    1.406e-299    1.61328e-14    0.0121299    0.0121299 
0.144115    5.13214e-300    1.61326e-14    0.0121299    0.0121299 
0.143906    1.8796e-300    1.61324e-14    0.0121706    0.0121706 
0.143697    6.88414e-301    1.61323e-14    0.012212    0.012212 
0.143488    2.5128e-301    1.61321e-14    0.012212    0.012212 
0.143281    9.20347e-302    1.6132e-14    0.012254    0.012254 
0.143074    3.371e-302    1.61318e-14    0.0122964    0.0122964 
0.142867    1.23044e-302    1.61317e-14    0.0122964    0.0122964 
0.142661    4.50689e-303    1.61315e-14    0.0123393    0.0123393 
0.142456    1.65082e-303    1.61314e-14    0.0123827    0.0123827 
0.142252    6.02557e-304    1.61312e-14    0.0123827    0.0123827 
0.142047    2.20713e-304    1.61311e-14    0.0124264    0.0124264 
0.141844    8.08462e-305    1.6131e-14    0.0124704    0.0124704 
0.141641    2.96138e-305    1.61308e-14    0.0125147    0.0125147 
0.141439    1.08091e-305    1.61307e-14    0.0125147    0.0125147 
0.141237    3.95936e-306    1.61305e-14    0.0125593    0.0125593 
0.141036    1.45031e-306    1.61304e-14    0.012604    0.012604 
0.140835    5.29359e-307    1.61303e-14    0.012604    0.012604 
0.140635    1.93901e-307    1.61301e-14    0.0126488    0.0126488 
0.140436    7.10242e-308    1.613e-14    0.0126937    0.0126937 
0.140237    2.59234e-308    1.61298e-14    0.0126937    0.0126937 
0.140038    9.49534e-309    1.61297e-14    0.0127386    0.0127386 
0.139841    3.47793e-309    1.61296e-14    0.0127835    0.0127835 
0.139643    1.26941e-309    1.61294e-14    0.0127835    0.0127835 
0.139447    4.64945e-310    1.61293e-14    0.0128282    0.0128282 
0.139251    1.70289e-310    1.61292e-14    0.0128728    0.0128728 
0.139055    6.21535e-311    1.6129e-14    0.0128728    0.0128728 
0.13886    2.27633e-311    1.61289e-14    0.0129172    0.0129172 
0.138665    8.3366e-312    1.61287e-14    0.0129612    0.0129612 
0.138472    3.04273e-312    1.61286e-14    0.0129612    0.0129612 
0.138278    1.11429e-312    1.61285e-14    0.0130049    0.0130049 
0.138085    4.0805e-313    1.61283e-14    0.0130482    0.0130482 
0.137893    1.49419e-313    1.61282e-14    0.013091    0.013091 
0.137701    5.4535e-314    1.6128e-14    0.013091    0.013091 
0.13751    1.99684e-314    1.61279e-14    0.0131333    0.0131333 
0.137319    7.3112e-315    1.61277e-14    0.013175    0.013175 
0.137129    2.66842e-315    1.61276e-14    0.013175    0.013175 
0.136939    9.76941e-316    1.61274e-14    0.0132161    0.0132161 
0.13675    3.57649e-316    1.61273e-14    0.0132564    0.0132564 
0.136562    1.30532e-316    1.61271e-14    0.0132564    0.0132564 
0.136374    4.7783e-317    1.6127e-14    0.013296    0.013296 
0.136186    1.74903e-317    1.61268e-14    0.0133348    0.0133348 
0.135999    6.38315e-318    1.61267e-14    0.0133348    0.0133348 
0.135812    2.33637e-318    1.61265e-14    0.0133728    0.0133728 
0.135626    8.55391e-319    1.61264e-14    0.0134098    0.0134098 
0.135441    3.11815e-319    1.61262e-14    0.0134098    0.0134098 
0.135256    1.14179e-319    1.6126e-14    0.0134459    0.0134459 
0.135071    4.18572e-320    1.61259e-14    0.0134459    0.0134459 
0.134887    1.54198e-320    1.61257e-14    0.013481    0.013481 
0.134704    5.63235e-321    1.61255e-14    0.0135152    0.0135152 
0.134521    2.1146e-321    1.61254e-14    0.0135152    0.0135152 
0.134338    7.06514e-322    1.61252e-14    0.0135483    0.0135483 
0.134156    0    1.6125e-14    0.0135801    0.0135801 
0.133975    0    1.61248e-14    0.0135801    0.0135801 
0.133794    0    1.61247e-14    0.0136111    0.0136111 
0.133613    0    1.61245e-14    0.0136408    0.0136408 
0.133433    0    1.61243e-14    0.0136408    0.0136408 
0.133253    0    1.61241e-14    0.0136694    0.0136694 
0.133074    0    1.61239e-14    0.0136969    0.0136969 
0.132896    0    1.61237e-14    0.0136969    0.0136969 
0.132718    0    1.61235e-14    0.0137231    0.0137231 
0.13254    0    1.61234e-14    0.0137482    0.0137482 
0.132363    0    1.61232e-14    0.0137482    0.0137482 
0.132186    0    1.6123e-14    0.0137721    0.0137721 
0.13201    0    1.61228e-14    0.0137948    0.0137948 
0.131834    0    1.61226e-14    0.0137948    0.0137948 
0.131659    0    1.61224e-14    0.0138164    0.0138164 
0.131484    0    1.61222e-14    0.0138164    0.0138164 
0.131309    0    1.6122e-14    0.0138367    0.0138367 
0.131136    0    1.61218e-14    0.0138559    0.0138559 
0.130962    0    1.61216e-14    0.0138559    0.0138559 
0.130789    0    1.61214e-14    0.0138741    0.0138741 
0.130617    0    1.61212e-14    0.013891    0.013891 
0.130444    0    1.61209e-14    0.013891    0.013891 
0.130273    0    1.61207e-14    0.0139069    0.0139069 
0.130102    0    1.61205e-14    0.0139217    0.0139217 
0.129931    0    1.61203e-14    0.0139217    0.0139217 
0.129761    0    1.61201e-14    0.0139355    0.0139355 
0.129591    0    1.61199e-14    0.0139355    0.0139355 
0.129421    0    1.61197e-14    0.0139483    0.0139483 
0.129252    0    1.61194e-14    0.0139602    0.0139602 
0.129084    0    1.61192e-14    0.0139602    0.0139602 
0.128916    0    1.6119e-14    0.0139711    0.0139711 
0.128748    0    1.61188e-14    0.0139812    0.0139812 
0.128581    0    1.61185e-14    0.0139812    0.0139812 
0.128414    0    1.61183e-14    0.0139905    0.0139905 
0.128248    0    1.61181e-14    0.0139905    0.0139905 
0.128082    0    1.61179e-14    0.013999    0.013999 
0.127916    0    1.61176e-14    0.0140067    0.0140067 
0.127751    0    1.61174e-14    0.0140067    0.0140067 
0.127587    0    1.61172e-14    0.0140139    0.0140139 
0.127423    0    1.6117e-14    0.0140203    0.0140203 
0.127259    0    1.61167e-14    0.0140203    0.0140203 
0.127095    0    1.61165e-14    0.0140263    0.0140263 
0.126933    0    1.61163e-14    0.0140263    0.0140263 
0.12677    0    1.61161e-14    0.0140318    0.0140318 
0.126608    0    1.61158e-14    0.0140367    0.0140367 
0.126446    0    1.61156e-14    0.0140367    0.0140367 
0.126285    0    1.61154e-14    0.0140414    0.0140414 
0.126124    0    1.61152e-14    0.0140457    0.0140457 
0.125964    0    1.61149e-14    0.0140457    0.0140457 
0.125804    0    1.61147e-14    0.0140497    0.0140497 
0.125644    0    1.61145e-14    0.0140497    0.0140497 
0.125485    0    1.61143e-14    0.0140535    0.0140535 
0.125326    0    1.61141e-14    0.0140571    0.0140571 
0.125167    0    1.61138e-14    0.0140571    0.0140571 
0.125009    0    1.61136e-14    0.0140606    0.0140606 
0.124852    0    1.61134e-14    0.0140606    0.0140606 
0.124694    0    1.61132e-14    0.0140642    0.0140642 
0.124538    0    1.6113e-14    0.0140676    0.0140676 
0.124381    0    1.61127e-14    0.0140676    0.0140676 
0.124225    0    1.61125e-14    0.0140713    0.0140713 
0.124069    0    1.61123e-14    0.0140713    0.0140713 
0.123914    0    1.61121e-14    0.014075    0.014075 
0.123759    0    1.61119e-14    0.014079    0.014079 
0.123605    0    1.61117e-14    0.014079    0.014079 
0.123451    0    1.61115e-14    0.014083    0.014083 
0.123297    0    1.61113e-14    0.014083    0.014083 
0.123144    0    1.6111e-14    0.0140874    0.0140874 
0.122991    0    1.61108e-14    0.0140921    0.0140921 
0.122838    0    1.61106e-14    0.0140921    0.0140921 
0.122686    0    1.61104e-14    0.0140972    0.0140972 
0.122534    0    1.61102e-14    0.0140972    0.0140972 
0.122383    0    1.611e-14    0.0141027    0.0141027 
0.122231    0    1.61098e-14    0.0141087    0.0141087 
0.122081    0    1.61096e-14    0.0141087    0.0141087 
0.12193    0    1.61094e-14    0.014115    0.014115 
0.12178    0    1.61092e-14    0.014115    0.014115 
0.121631    0    1.61091e-14    0.0141221    0.0141221 
0.121482    0    1.61089e-14    0.0141296    0.0141296 
0.121333    0    1.61087e-14    0.0141296    0.0141296 
0.121184    0    1.61085e-14    0.0141376    0.0141376 
0.121036    0    1.61083e-14    0.0141376    0.0141376 
0.120888    0    1.61081e-14    0.0141463    0.0141463 
0.120741    0    1.61079e-14    0.0141557    0.0141557 
0.120594    0    1.61078e-14    0.0141557    0.0141557 
0.120447    0    1.61076e-14    0.0141657    0.0141657 
0.120301    0    1.61074e-14    0.0141657    0.0141657 
0.120155    0    1.61072e-14    0.0141764    0.0141764 
0.120009    0    1.61071e-14    0.0141877    0.0141877 
0.119864    0    1.61069e-14    0.0141877    0.0141877 
0.119719    0    1.61067e-14    0.0142    0.0142 
0.119574    0    1.61066e-14    0.0142    0.0142 
0.11943    0    1.61064e-14    0.0142127    0.0142127 
0.119286    0    1.61062e-14    0.0142127    0.0142127 
0.119143    0    1.61061e-14    0.0142264    0.0142264 
0.118999    0    1.61059e-14    0.0142406    0.0142406 
0.118857    0    1.61057e-14    0.0142406    0.0142406 
0.118714    0    1.61056e-14    0.0142558    0.0142558 
0.118572    0    1.61054e-14    0.0142558    0.0142558 
0.11843    0    1.61053e-14    0.0142717    0.0142717 
0.118289    0    1.61051e-14    0.0142882    0.0142882 
0.118147    0    1.6105e-14    0.0142882    0.0142882 
0.118007    0    1.61048e-14    0.0143057    0.0143057 
0.117866    0    1.61047e-14    0.0143057    0.0143057 
0.117726    0    1.61045e-14    0.0143237    0.0143237 
0.117586    0    1.61044e-14    0.0143237    0.0143237 
0.117447    0    1.61042e-14    0.0143425    0.0143425 
0.117308    0    1.61041e-14    0.0143621    0.0143621 
0.117169    0    1.6104e-14    0.0143621    0.0143621 
0.11703    0    1.61038e-14    0.0143824    0.0143824 
0.116892    0    1.61037e-14    0.0143824    0.0143824 
0.116754    0    1.61036e-14    0.0144033    0.0144033 
0.116617    0    1.61034e-14    0.0144033    0.0144033 
0.11648    0    1.61033e-14    0.0144252    0.0144252 
0.116343    0    1.61032e-14    0.0144474    0.0144474 
0.116206    0    1.6103e-14    0.0144474    0.0144474 
0.11607    0    1.61029e-14    0.0144704    0.0144704 
0.115934    0    1.61028e-14    0.0144704    0.0144704 
0.115798    0    1.61027e-14    0.0144939    0.0144939 
0.115663    0    1.61025e-14    0.0144939    0.0144939 
0.115528    0    1.61024e-14    0.0145181    0.0145181 
0.115393    0    1.61023e-14    0.0145181    0.0145181 
0.115259    0    1.61022e-14    0.0145428    0.0145428 
0.115125    0    1.6102e-14    0.014568    0.014568 
0.114991    0    1.61019e-14    0.014568    0.014568 
0.114858    0    1.61018e-14    0.0145937    0.0145937 
0.114725    0    1.61017e-14    0.0145937    0.0145937 
0.114592    0    1.61016e-14    0.0146199    0.0146199 
0.11446    0    1.61015e-14    0.0146199    0.0146199 
0.114328    0    1.61013e-14    0.0146466    0.0146466 
0.114196    0    1.61012e-14    0.0146735    0.0146735 
0.114064    0    1.61011e-14    0.0146735    0.0146735 
0.113933    0    1.6101e-14    0.0147007    0.0147007 
0.113802    0    1.61009e-14    0.0147007    0.0147007 
0.113671    0    1.61008e-14    0.0147284    0.0147284 
0.113541    0    1.61007e-14    0.0147284    0.0147284 
0.113411    0    1.61006e-14    0.0147563    0.0147563 
0.113281    0    1.61005e-14    0.0147563    0.0147563 
0.113152    0    1.61004e-14    0.0147841    0.0147841 
0.113022    0    1.61003e-14    0.0147841    0.0147841 
0.112894    0    1.61001e-14    0.0148126    0.0148126 
0.112765    0    1.61e-14    0.0148408    0.0148408 
0.112637    0    1.60999e-14    0.0148408    0.0148408 
0.112509    0    1.60998e-14    0.0148695    0.0148695 
0.112381    0    1.60997e-14    0.0148695    0.0148695 
0.112254    0    1.60996e-14    0.0148981    0.0148981 
0.112126    0    1.60995e-14    0.0148981    0.0148981 
0.112    0    1.60994e-14    0.0149265    0.0149265 
0.111873    0    1.60993e-14    0.0149265    0.0149265 
0.111747    0    1.60992e-14    0.0149551    0.0149551 
0.111621    0    1.60991e-14    0.0149833    0.0149833 
0.111495    0    1.6099e-14    0.0149833    0.0149833 
0.11137    0    1.60989e-14    0.0150115    0.0150115 
0.111245    0    1.60988e-14    0.0150115    0.0150115 
0.11112    0    1.60987e-14    0.0150398    0.0150398 
0.110995    0    1.60986e-14    0.0150398    0.0150398 
0.110871    0    1.60985e-14    0.0150675    0.0150675 
0.110747    0    1.60984e-14    0.0150675    0.0150675 
0.110623    0    1.60983e-14    0.0150951    0.0150951 
0.1105    0    1.60982e-14    0.0150951    0.0150951 
0.110376    0    1.60981e-14    0.0151225    0.0151225 
0.110254    0    1.6098e-14    0.0151225    0.0151225 
0.110131    0    1.60979e-14    0.0151493    0.0151493 
0.110009    0    1.60978e-14    0.0151758    0.0151758 
0.109886    0    1.60977e-14    0.0151758    0.0151758 
0.109765    0    1.60976e-14    0.0152019    0.0152019 
0.109643    0    1.60975e-14    0.0152019    0.0152019 
0.109522    0    1.60974e-14    0.0152276    0.0152276 
0.109401    0    1.60973e-14    0.0152276    0.0152276 
0.10928    0    1.60973e-14    0.0152528    0.0152528 
0.10916    0    1.60972e-14    0.0152528    0.0152528 
0.109039    0    1.60971e-14    0.0152776    0.0152776 
0.108919    0    1.6097e-14    0.0152776    0.0152776 
0.1088    0    1.60969e-14    0.0153019    0.0153019 
0.10868    0    1.60968e-14    0.0153019    0.0153019 
0.108561    0    1.60967e-14    0.0153251    0.0153251 
0.108442    0    1.60966e-14    0.0153251    0.0153251 
0.108324    0    1.60965e-14    0.015348    0.015348 
0.108205    0    1.60964e-14    0.0153702    0.0153702 
0.108087    0    1.60963e-14    0.0153702    0.0153702 
0.107969    0    1.60962e-14    0.015392    0.015392 
0.107852    0    1.60961e-14    0.015392    0.015392 
0.107734    0    1.6096e-14    0.0154131    0.0154131 
0.107617    0    1.60959e-14    0.0154131    0.0154131 
0.1075    0    1.60958e-14    0.0154333    0.0154333 
0.107384    0    1.60957e-14    0.0154333    0.0154333 
0.107267    0    1.60956e-14    0.0154531    0.0154531 
0.107151    0    1.60955e-14    0.0154531    0.0154531 
0.107035    0    1.60954e-14    0.0154718    0.0154718 
0.10692    0    1.60953e-14    0.0154718    0.0154718 
0.106805    0    1.60952e-14    0.01549    0.01549 
0.106689    0    1.60951e-14    0.01549    0.01549 
0.106575    0    1.6095e-14    0.0155073    0.0155073 
0.10646    0    1.60949e-14    0.0155073    0.0155073 
0.106346    0    1.60948e-14    0.0155244    0.0155244 
0.106232    0    1.60947e-14    0.0155244    0.0155244 
0.106118    0    1.60946e-14    0.0155405    0.0155405 
0.106004    0    1.60945e-14    0.0155405    0.0155405 
0.105891    0    1.60944e-14    0.0155557    0.0155557 
0.105778    0    1.60943e-14    0.0155557    0.0155557 
0.105665    0    1.60942e-14    0.0155704    0.0155704 
0.105552    0    1.60941e-14    0.0155704    0.0155704 
0.10544    0    1.6094e-14    0.0155843    0.0155843 
0.105327    0    1.60939e-14    0.0155976    0.0155976 
0.105216    0    1.60938e-14    0.0155976    0.0155976 
0.105104    0    1.60937e-14    0.0156101    0.0156101 
0.104992    0    1.60936e-14    0.0156101    0.0156101 
0.104881    0    1.60935e-14    0.0156221    0.0156221 
0.10477    0    1.60934e-14    0.0156221    0.0156221 
0.104659    0    1.60933e-14    0.0156335    0.0156335 
0.104549    0    1.60932e-14    0.0156335    0.0156335 
0.104439    0    1.60931e-14    0.0156444    0.0156444 
0.104329    0    1.6093e-14    0.0156444    0.0156444 
0.104219    0    1.60929e-14    0.0156543    0.0156543 
0.104109    0    1.60928e-14    0.0156543    0.0156543 
0.104    0    1.60927e-14    0.0156639    0.0156639 
0.103891    0    1.60926e-14    0.0156639    0.0156639 
0.103782    0    1.60925e-14    0.0156728    0.0156728 
0.103673    0    1.60924e-14    0.0156728    0.0156728 
0.103565    0    1.60923e-14    0.0156817    0.0156817 
0.103456    0    1.60922e-14    0.0156817    0.0156817 
0.103348    0    1.60921e-14    0.0156898    0.0156898 
0.103241    0    1.6092e-14    0.0156898    0.0156898 
0.103133    0    1.60919e-14    0.0156975    0.0156975 
0.103026    0    1.60918e-14    0.0156975    0.0156975 
0.102919    0    1.60917e-14    0.0157047    0.0157047 
0.102812    0    1.60916e-14    0.0157047    0.0157047 
0.102705    0    1.60915e-14    0.0157116    0.0157116 
0.102599    0    1.60914e-14    0.0157116    0.0157116 
0.102493    0    1.60913e-14    0.0157182    0.0157182 
0.102387    0    1.60912e-14    0.0157182    0.0157182 
0.102281    0    1.60911e-14    0.0157246    0.0157246 
0.102175    0    1.6091e-14    0.0157246    0.0157246 
0.10207    0    1.60909e-14    0.0157305    0.0157305 
0.101965    0    1.60908e-14    0.0157305    0.0157305 
0.10186    0    1.60907e-14    0.0157362    0.0157362 
0.101755    0    1.60906e-14    0.0157362    0.0157362 
0.101651    0    1.60905e-14    0.0157422    0.0157422 
0.101547    0    1.60904e-14    0.0157422    0.0157422 
0.101443    0    1.60903e-14    0.0157478    0.0157478 
0.101339    0    1.60902e-14    0.0157478    0.0157478 
0.101235    0    1.60901e-14    0.0157529    0.0157529 
0.101132    0    1.609e-14    0.0157529    0.0157529 
0.101028    0    1.609e-14    0.0157587    0.0157587 
0.100925    0    1.60899e-14    0.0157587    0.0157587 
0.100823    0    1.60898e-14    0.0157638    0.0157638 
0.10072    0    1.60897e-14    0.0157638    0.0157638 
0.100618    0    1.60896e-14    0.015769    0.015769 
0.100516    0    1.60895e-14    0.015769    0.015769 
0.100414    0    1.60894e-14    0.0157747    0.0157747 
0.100312    0    1.60894e-14    0.0157747    0.0157747 
0.10021    0    1.60894e-14    0.0157801    0.0157801 
0.100109    0    1.60893e-14    0.0157801    0.0157801 
0.100008    0    1.60893e-14    0.0159747    0.0159747 
