2.2089548416137697e-26
2.208725982666016e-26
2.208420837402344e-26
2.2080394058227543e-26
2.207581687927246e-26
2.2069713973999025e-26
2.206246677398682e-26
2.205293098449707e-26
2.2041106605529783e-26
2.202661220550537e-26
2.2007922058105468e-26
2.198465473175049e-26
2.1955665931701663e-26
2.1919048500061036e-26
2.1877091026306155e-26
2.1820639152526858e-26
2.1750074310302742e-26
2.1662345046997071e-26
2.155439990997315e-26
2.1420898857116703e-26
2.1257646141052245e-26
2.105853885650635e-26
2.081709266662598e-26
2.0527204666137698e-26
2.018200908660889e-26
1.977387729644776e-26
1.9297469253540044e-26
1.8750877799987797e-26
1.8123804283142092e-26
1.7418728008270268e-26