2.242864109039307e-26
2.24274967956543e-26
2.2425589637756352e-26
2.2423682479858402e-26
2.2421012458801275e-26
2.2417579574584966e-26
2.2413765258789068e-26
2.240842521667481e-26
2.240194087982178e-26
2.2393549385070807e-26
2.2383250732421877e-26
2.2370282058715823e-26
2.235388050079346e-26
2.2333283195495604e-26
2.2307727279663084e-26
2.2275305595397948e-26
2.2234873847961427e-26
2.2184143447875977e-26
2.2121207237243656e-26
2.2042250900268554e-26
2.1943841552734376e-26
2.182216487884522e-26
2.1671308689117437e-26
2.148574222564698e-26
2.1258409004211428e-26
2.098187110900879e-26
2.0647355613708495e-26
2.0247233886718755e-26
1.977273300170899e-26
1.9217368621826174e-26