1.0459890270233154e-26
1.0312657680511475e-26
1.0135673427581789e-26
9.924646406173707e-27
9.677383384704591e-27
9.388448963165284e-27
9.057557067871095e-27
8.68480305671692e-27
8.2724755191803e-27
7.825056276321412e-27
7.349220380783082e-27
6.85355004310608e-27
6.3476764106750496e-27
5.841230630874635e-27
5.3437961721420295e-27
4.863240060806276e-27
4.40599895477295e-27
3.976650032997132e-27
3.5779109954833984e-27
3.2111168527603157e-27
2.876219925880433e-27
2.572266635894776e-27
2.2978027749061592e-27
2.0508496665954592e-27
1.8292855978012088e-27
1.6309173369407656e-27
1.4536231708526612e-27
1.2953529047966005e-27
1.1541517019271855e-27
1.0282792806625367e-27
9.16090717315674e-28
8.161437237262727e-28
7.271152091026308e-28
6.478012800216676e-28
5.771649193763734e-28
5.142465883493425e-28
4.581999856233598e-28
4.08280127644539e-28
3.638016295433045e-28
3.2418638408184055e-28
2.8888608336448674e-28
2.5743883758783346e-28
2.294185161590577e-28
2.044526273012162e-28
1.8220443844795231e-28
1.6238042607903482e-28
1.4471388608217241e-28
1.2897238358855253e-28
1.1494285330176356e-28
1.0244053930044175e-28
9.129856526851657e-29