9.637523784637453e-27
9.362511615753176e-27
9.047067699432373e-27
8.690619888305663e-27
8.294312477111819e-27
7.861006202697754e-27
7.39623182296753e-27
6.907045822143556e-27
6.4040329265594494e-27
5.893486757278443e-27
5.387136335372926e-27
4.8940406608581546e-27
4.4219237232208266e-27
3.976983785629273e-27
3.56317820072174e-27
3.182747879028321e-27
2.8364080047607424e-27
2.5233957147598276e-27
2.242328319549561e-27
1.9910602664947513e-27
1.7671837687492374e-27
1.568219521045685e-27
1.3916643786430362e-27
1.2351343941688541e-27
1.0964601755142215e-27
9.736153674125674e-28
8.648000895977023e-28
7.6838133811950704e-28
6.829168248176577e-28
6.071311378479006e-28
5.399157416820527e-28
4.802574586868286e-28
4.272861480712892e-28
3.8024490654468547e-28
3.3844238936901093e-28
3.0128856956958786e-28
2.6825301885604867e-28
2.3887086749076853e-28
2.1273386448621754e-28
1.894754779338837e-28
1.6877387493848804e-28
1.5034596174955368e-28
1.339414238929749e-28
1.1933229640126233e-28
1.0632190361618998e-28
9.473442941904071e-29
8.441342726349834e-29
7.521884024143219e-29
6.702700108289721e-29
5.97291421890259e-29
5.322767071425915e-29