1.663812828063965e-26
1.5787535858154297e-26
1.4876677246093752e-26
1.391871183395386e-26
1.292985046386719e-26
1.1927829704284669e-26
1.0931530418395998e-26
9.957926311492921e-27
9.02208393096924e-27
8.136399803161623e-27
7.308883991241459e-27
6.544781179428102e-27
5.8459985256195076e-27
5.2119638824462904e-27
4.64038866043091e-27
4.127506222724916e-27
3.669073143005372e-27
3.2604645633697516e-27
2.8969125890731817e-27
2.5738400411605842e-27
2.2870511722564702e-27
2.0324932718276985e-27
1.8066142582893378e-27
1.6061958026885987e-27
1.4283294892311101e-27
1.270440654754639e-27
1.1302407097816468e-27
1.0057152187824254e-27
8.95076221227646e-28
7.967383921146395e-28
7.0931904196739215e-28
6.315785181522371e-28
5.624202048778535e-28
5.008964830636979e-28
4.461431717872622e-28
3.9740932762622848e-28
3.5402148544788364e-28
3.153955781459809e-28
2.8099521756172183e-28
2.5036149382591253e-28
2.2307721614837653e-28
1.9877287268638616e-28
1.7712067067623142e-28
1.578345364332199e-28
1.4064925581216819e-28
1.2533835381269458e-28
1.1169621497392656e-28
9.954106330871584e-29
8.870900243520738e-29
7.905550554394724e-29
7.045541539788249e-29