1.944470184326172e-26
1.8898873252868653e-26
1.8271418304443366e-26
1.7562146282196047e-26
1.6773536491394044e-26
1.5913026847839357e-26
1.4991869583129884e-26
1.4025321960449219e-26
1.3031311264038085e-26
1.2028909072875978e-26
1.1036424102783204e-26
1.0070830059051515e-26
9.145953836441042e-27
8.27209408760071e-27
7.456307296752932e-27
6.702121706008913e-27
6.010872325897218e-27
5.381414861679078e-27
4.811365365982057e-27
4.297290954589844e-27
3.835234274864197e-27
3.42090422153473e-27
3.0501050472259527e-27
2.718736362457276e-27
2.4229123330116278e-27
2.1589855194091797e-27
1.923689913749695e-27
1.71395022392273e-27
1.5270725893974304e-27
1.3605538654327393e-27
1.212224659919739e-27
1.0800705373287202e-27
9.623512160778048e-28
8.574932909011843e-28
7.640663933753969e-28
6.808427906036379e-28
6.06702027320862e-28
5.406488054990769e-28
4.817951047420502e-28
4.293542224168779e-28
3.82628853917122e-28
3.4099321305751808e-28
3.0389303207397466e-28
2.708306619524956e-28
2.4136805236339576e-28
2.1511185199022306e-28
1.9171340852975851e-28
1.7086280882358554e-28
1.5227695912122727e-28
1.357159747183323e-28
1.2095487058162692e-28