1.6983705291748048e-26
1.698217956542969e-26
1.6980463123321535e-26
1.697836524963379e-26
1.6975504512786867e-26
1.697207162857056e-26
1.6967685165405278e-26
1.6962345123291016e-26
1.6955288639068606e-26
1.6946706428527838e-26
1.6935644912719728e-26
1.6921913375854497e-26
1.690474895477295e-26
1.688338878631592e-26
1.6856307144165043e-26
1.6822359733581546e-26
1.678002082824707e-26
1.6727383270263675e-26
1.6661586322784427e-26
1.6579769248962407e-26
1.6481741333007814e-26
1.635663177490235e-26
1.620329627990723e-26
1.601563194274903e-26
1.5787917289733885e-26
1.5513858699798584e-26
1.5186781120300295e-26
1.4800390930175785e-26
1.4349729518890384e-26
1.3831364002227787e-26