1.0581471586227418e-26
1.0420412101745608e-26
1.0227789154052734e-26
1.0000074501037599e-26
9.733835258483888e-27
9.426401405334473e-27
9.076724004745485e-27
8.68651352149609e-27
8.25559717178345e-27
7.789869213104249e-27
7.296392107009891e-27
6.783652706146241e-27
6.2616635894775394e-27
5.7403419780731204e-27
5.22960509300232e-27
4.7378444290161144e-27
4.2717350387573246e-27
3.836140174865723e-27
3.4338728952407846e-27
3.0660298156738286e-27
2.732420220375062e-27
2.4318044567108165e-27
2.1622276878356933e-27
1.9214013242721557e-27
1.706869900226594e-27
1.5161064314842223e-27
1.346679291725159e-27
1.196299891471863e-27
1.0629299557209018e-27
9.446265673637394e-28
8.396852040290836e-28
7.46580139398575e-28
6.639525234699251e-28
5.906103825569154e-28
5.254809403419496e-28
4.6762849748134625e-28
4.162186723947526e-28
3.705243611335755e-28
3.2988997817039494e-28
2.937552958726884e-28
2.616077655553818e-28
2.3300039708614353e-28
2.0753983914852147e-28
1.8487743943929675e-28
1.647003048658371e-28
1.4673428148031237e-28
1.3073501467704779e-28
1.164849692583084e-28
1.0379342943429952e-28
9.248755902051929e-29
8.241538137197496e-29