7.308883991241459e-27
7.587996549606327e-27
7.874928455352784e-27
8.171682224273684e-27
8.468245277404786e-27
8.752221088409425e-27
8.992618341445923e-27
9.155203552246096e-27
9.226912689208985e-27
9.236257762908936e-27
9.22557767868042e-27
9.232252731323245e-27
9.255520057678224e-27
9.265532636642455e-27
9.132985162734988e-27
8.786740646362305e-27
7.894476823806764e-27
6.503681926727295e-27
5.81700972557068e-27
5.750926704406739e-27
5.610083093643191e-27
5.44711645126343e-27
5.284531240463258e-27
5.186884756088257e-27
5.171913566589357e-27
5.154653787612917e-27
5.163331356048585e-27
5.196611261367799e-27
5.2441948509216326e-27
5.308084640502931e-27
5.387136335372926e-27
5.4762959671020525e-27
5.57327494621277e-27
5.6771196937561045e-27
5.789069862365724e-27
5.907313652038574e-27
6.020694189071656e-27
6.1271135997772214e-27
6.22485544204712e-27
6.312107915878296e-27
6.392589979171754e-27
6.466492347717287e-27
6.540108642578125e-27
6.616681032180787e-27
6.69802131652832e-27
6.786132011413575e-27
6.877770948410037e-27
6.974559211730959e-27
7.076401443481447e-27
7.183297643661502e-27
7.296392107009891e-27