1.1235912818908693e-26
1.1235722103118898e-26
1.123534067153931e-26
1.1234768524169924e-26
1.1234196376800539e-26
1.1233433513641359e-26
1.1232479934692383e-26
1.1231335639953613e-26
1.1229809913635254e-26
1.1227902755737306e-26
1.1225614166259767e-26
1.1222562713623049e-26
1.1218748397827149e-26
1.1213980503082278e-26
1.1208068313598633e-26
1.1200630397796632e-26
1.1191285324096681e-26
1.1179460945129393e-26
1.1164775829315185e-26
1.1146276397705077e-26
1.1123009071350098e-26
1.1094210987091066e-26
1.1058165702819825e-26
1.1013538208007812e-26
1.095803991317749e-26
1.0889572944641114e-26
1.0806611576080323e-26
1.0703434333801272e-26
1.0578134059906008e-26
1.0426515007019044e-26