1.1236294250488283e-26
1.1236103534698489e-26
1.1235722103118898e-26
1.123534067153931e-26
1.1234959239959718e-26
1.1234387092590334e-26
1.1233624229431153e-26
1.1232861366271974e-26
1.1231717071533203e-26
1.1230191345214844e-26
1.1228474903106691e-26
1.1226186313629153e-26
1.1223325576782229e-26
1.1219797334671021e-26
1.1215315513610841e-26
1.1209784755706789e-26
1.1202537555694583e-26
1.1193764629364014e-26
1.1182512397766114e-26
1.1168590145111082e-26
1.1151044292449951e-26
1.1129111976623535e-26
1.1101458187103272e-26
1.1067129344940186e-26
1.102440900802612e-26
1.097119930267334e-26
1.09052116394043e-26
1.082396671295166e-26
1.0723840923309328e-26
1.0601782817840578e-26