2.2010973510742186e-26
2.200639633178711e-26
2.2000293426513673e-26
2.1993046226501467e-26
2.198351043701172e-26
2.1971686058044435e-26
2.195681022644043e-26
2.1938501510620117e-26
2.1915234184265135e-26
2.188586395263672e-26
2.1849627952575687e-26
2.1804237594604498e-26
2.174740428924561e-26
2.1676839447021488e-26
2.1589491615295414e-26
2.148154647827149e-26
2.134880828857422e-26
2.1185746288299564e-26
2.0987020435333253e-26
2.0746146392822264e-26
2.0455876960754396e-26
2.0109537086486823e-26
1.969911670684815e-26
1.9218131484985353e-26
1.8660859947204594e-26
1.8023487777709967e-26
1.7305252113342286e-26
1.6508441543579102e-26
1.563954040527344e-26
1.4708847351074223e-26