1.1090778102874757e-26
1.1090587387084962e-26
1.1090396671295168e-26
1.1090015239715577e-26
1.1089633808135989e-26
1.1089252376556398e-26
1.1088680229187014e-26
1.1087917366027834e-26
1.1087154502868653e-26
1.1086010208129883e-26
1.1084484481811524e-26
1.108276803970337e-26
1.1080479450225832e-26
1.1077809429168702e-26
1.1074185829162599e-26
1.1069799365997316e-26
1.1064077892303468e-26
1.1057021408081056e-26
1.1048248481750489e-26
1.1037186965942383e-26
1.1023264713287353e-26
1.1005718860626221e-26
1.0983977260589599e-26
1.0956514186859131e-26
1.0922376060485841e-26
1.0879846439361575e-26
1.0827018165588378e-26
1.0761411933898928e-26
1.0680548439025878e-26
1.0581280870437624e-26