1.1041191997528075e-26
1.1041001281738281e-26
1.1040619850158691e-26
1.1040143060684204e-26
1.1039475555419922e-26
1.103880805015564e-26
1.1037949829101563e-26
1.1036614818572998e-26
1.1035279808044433e-26
1.1033372650146483e-26
1.1031084060668945e-26
1.1028032608032227e-26
1.102440900802612e-26
1.101964111328125e-26
1.1013728923797608e-26
1.1006481723785401e-26
1.0997136650085449e-26
1.0985598344802856e-26
1.0971008586883544e-26
1.0952890586853028e-26
1.0930004692077639e-26
1.0901588039398193e-26
1.086611490249634e-26
1.0822059555053712e-26
1.0767324123382568e-26
1.0699906091690064e-26
1.0618184375762941e-26
1.0516723575592042e-26
1.0393139743804933e-26
1.0243904638290405e-26