1.2335895933210852e-28
1.2681382056325675e-28
1.3031151834875342e-28
1.338352905586362e-28
1.3728456441313027e-28
1.4034830927848817e-28
1.4242308847606183e-28
1.4288870319724084e-28
1.416427182033658e-28
1.3936865590512751e-28
1.3707038164138793e-28
1.353829938918352e-28
1.3423013184219596e-28
1.3296738471835852e-28
1.2954232282936572e-28
1.2273876052349804e-28
1.0603064186871053e-28
7.4698118570447e-29
7.329964599087836e-29
7.162773737683894e-29
6.985077568143607e-29
6.86706048950553e-29
6.811106685176493e-29
6.811628225296736e-29
6.848583068102599e-29
6.898948942571879e-29
6.970474444776774e-29
7.063457597643138e-29
7.176259275078774e-29
7.303217041492463e-29
7.442393747866155e-29
7.588499487265944e-29
7.739299087747933e-29
7.890620228350164e-29
8.032926175445319e-29
8.158542838692666e-29
8.25972162202001e-29
8.335121422261001e-29
8.38325212478638e-29
8.414395520538093e-29
8.442707698494197e-29
8.481748701781037e-29
8.542694390118124e-29
8.62792894691229e-29
8.735217200219631e-29
8.861727932244541e-29
9.000755627155306e-29
9.150363135933877e-29
9.306080114692449e-29
9.467608540505173e-29