100    0.00200162    0.00200162    0.00268227    0.00268227 
99.9    0.00200133    0.00200133    0.00268242    0.00268242 
99.8    0.00200104    0.00200104    0.00268257    0.00268257 
99.7    0.00200075    0.00200075    0.00268272    0.00268272 
99.6    0.00200046    0.00200046    0.00268288    0.00268288 
99.5    0.00200017    0.00200017    0.00268303    0.00268303 
99.4    0.00199987    0.00199987    0.00268318    0.00268318 
99.3    0.00199958    0.00199958    0.00268333    0.00268333 
99.2    0.00199928    0.00199928    0.00268349    0.00268349 
99.1    0.00199899    0.00199899    0.00268364    0.00268364 
99    0.00199869    0.00199869    0.0026838    0.0026838 
98.9    0.00199839    0.00199839    0.00268395    0.00268395 
98.8    0.00199809    0.00199809    0.0026841    0.0026841 
98.7    0.00199779    0.00199779    0.00268426    0.00268426 
98.6    0.00199749    0.00199749    0.00268442    0.00268442 
98.5    0.00199719    0.00199719    0.00268457    0.00268457 
98.4    0.00199689    0.00199689    0.00268473    0.00268473 
98.3    0.00199659    0.00199659    0.00268489    0.00268489 
98.2    0.00199628    0.00199628    0.00268504    0.00268504 
98.1    0.00199598    0.00199598    0.0026852    0.0026852 
98    0.00199567    0.00199567    0.00268536    0.00268536 
97.9    0.00199537    0.00199537    0.00268552    0.00268552 
97.8    0.00199506    0.00199506    0.00268568    0.00268568 
97.7    0.00199475    0.00199475    0.00268584    0.00268584 
97.6    0.00199444    0.00199444    0.002686    0.002686 
97.5    0.00199413    0.00199413    0.00268616    0.00268616 
97.4    0.00199382    0.00199382    0.00268632    0.00268632 
97.3    0.00199351    0.00199351    0.00268648    0.00268648 
97.2    0.0019932    0.0019932    0.00268664    0.00268664 
97.1    0.00199289    0.00199289    0.00268681    0.00268681 
97    0.00199257    0.00199257    0.00268697    0.00268697 
96.9    0.00199226    0.00199226    0.00268713    0.00268713 
96.8    0.00199194    0.00199194    0.0026873    0.0026873 
96.7    0.00199162    0.00199162    0.00268746    0.00268746 
96.6    0.00199131    0.00199131    0.00268762    0.00268762 
96.5    0.00199099    0.00199099    0.00268779    0.00268779 
96.4    0.00199067    0.00199067    0.00268795    0.00268795 
96.3    0.00199035    0.00199035    0.00268812    0.00268812 
96.2    0.00199003    0.00199003    0.00268829    0.00268829 
96.1    0.00198971    0.00198971    0.00268845    0.00268845 
96    0.00198938    0.00198938    0.00268862    0.00268862 
95.9    0.00198906    0.00198906    0.00268879    0.00268879 
95.8    0.00198874    0.00198874    0.00268896    0.00268896 
95.7    0.00198841    0.00198841    0.00268912    0.00268912 
95.6    0.00198808    0.00198808    0.00268929    0.00268929 
95.5    0.00198776    0.00198776    0.00268946    0.00268946 
95.4    0.00198743    0.00198743    0.00268963    0.00268963 
95.3    0.0019871    0.0019871    0.0026898    0.0026898 
95.2    0.00198677    0.00198677    0.00268997    0.00268997 
95.1    0.00198644    0.00198644    0.00269014    0.00269014 
95    0.00198611    0.00198611    0.00269032    0.00269032 
94.9    0.00198577    0.00198577    0.00269049    0.00269049 
94.8    0.00198544    0.00198544    0.00269066    0.00269066 
94.7    0.0019851    0.0019851    0.00269083    0.00269083 
94.6    0.00198477    0.00198477    0.00269101    0.00269101 
94.5    0.00198443    0.00198443    0.00269118    0.00269118 
94.4    0.00198409    0.00198409    0.00269136    0.00269136 
94.3    0.00198376    0.00198376    0.00269153    0.00269153 
94.2    0.00198342    0.00198342    0.00269171    0.00269171 
94.1    0.00198308    0.00198308    0.00269188    0.00269188 
94    0.00198273    0.00198273    0.00269206    0.00269206 
93.9    0.00198239    0.00198239    0.00269223    0.00269223 
93.8    0.00198205    0.00198205    0.00269241    0.00269241 
93.7    0.0019817    0.0019817    0.00269259    0.00269259 
93.6    0.00198136    0.00198136    0.00269277    0.00269277 
93.5    0.00198101    0.00198101    0.00269295    0.00269295 
93.4    0.00198066    0.00198066    0.00269313    0.00269313 
93.3    0.00198032    0.00198032    0.00269331    0.00269331 
93.2    0.00197997    0.00197997    0.00269349    0.00269349 
93.1    0.00197962    0.00197962    0.00269367    0.00269367 
93    0.00197926    0.00197926    0.00269385    0.00269385 
92.9    0.00197891    0.00197891    0.00269403    0.00269403 
92.8    0.00197856    0.00197856    0.00269421    0.00269421 
92.7    0.0019782    0.0019782    0.00269439    0.00269439 
92.6    0.00197785    0.00197785    0.00269458    0.00269458 
92.5    0.00197749    0.00197749    0.00269476    0.00269476 
92.4    0.00197713    0.00197713    0.00269495    0.00269495 
92.3    0.00197678    0.00197678    0.00269513    0.00269513 
92.2    0.00197642    0.00197642    0.00269532    0.00269532 
92.1    0.00197605    0.00197605    0.0026955    0.0026955 
92    0.00197569    0.00197569    0.00269569    0.00269569 
91.9    0.00197533    0.00197533    0.00269587    0.00269587 
91.8    0.00197497    0.00197497    0.00269606    0.00269606 
91.7    0.0019746    0.0019746    0.00269625    0.00269625 
91.6    0.00197424    0.00197424    0.00269644    0.00269644 
91.5    0.00197387    0.00197387    0.00269663    0.00269663 
91.4    0.0019735    0.0019735    0.00269682    0.00269682 
91.3    0.00197313    0.00197313    0.00269701    0.00269701 
91.2    0.00197276    0.00197276    0.0026972    0.0026972 
91.1    0.00197239    0.00197239    0.00269739    0.00269739 
91    0.00197202    0.00197202    0.00269758    0.00269758 
90.9    0.00197164    0.00197164    0.00269777    0.00269777 
90.8    0.00197127    0.00197127    0.00269796    0.00269796 
90.7    0.00197089    0.00197089    0.00269816    0.00269816 
90.6    0.00197052    0.00197052    0.00269835    0.00269835 
90.5    0.00197014    0.00197014    0.00269854    0.00269854 
90.4    0.00196976    0.00196976    0.00269874    0.00269874 
90.3    0.00196938    0.00196938    0.00269893    0.00269893 
90.2    0.001969    0.001969    0.00269913    0.00269913 
90.1    0.00196861    0.00196861    0.00269933    0.00269933 
90    0.00196823    0.00196823    0.00269952    0.00269952 
89.9    0.00196784    0.00196784    0.00269972    0.00269972 
89.8    0.00196746    0.00196746    0.00269992    0.00269992 
89.7    0.00196707    0.00196707    0.00270012    0.00270012 
89.6    0.00196668    0.00196668    0.00270031    0.00270031 
89.5    0.00196629    0.00196629    0.00270051    0.00270051 
89.4    0.0019659    0.0019659    0.00270071    0.00270071 
89.3    0.00196551    0.00196551    0.00270091    0.00270091 
89.2    0.00196512    0.00196512    0.00270112    0.00270112 
89.1    0.00196472    0.00196472    0.00270132    0.00270132 
89    0.00196433    0.00196433    0.00270152    0.00270152 
88.9    0.00196393    0.00196393    0.00270172    0.00270172 
88.8    0.00196353    0.00196353    0.00270193    0.00270193 
88.7    0.00196314    0.00196314    0.00270213    0.00270213 
88.6    0.00196274    0.00196274    0.00270234    0.00270234 
88.5    0.00196233    0.00196233    0.00270254    0.00270254 
88.4    0.00196193    0.00196193    0.00270275    0.00270275 
88.3    0.00196153    0.00196153    0.00270295    0.00270295 
88.2    0.00196112    0.00196112    0.00270316    0.00270316 
88.1    0.00196072    0.00196072    0.00270337    0.00270337 
88    0.00196031    0.00196031    0.00270357    0.00270357 
87.9    0.0019599    0.0019599    0.00270378    0.00270378 
87.8    0.00195949    0.00195949    0.00270399    0.00270399 
87.7    0.00195908    0.00195908    0.0027042    0.0027042 
87.6    0.00195867    0.00195867    0.00270441    0.00270441 
87.5    0.00195825    0.00195825    0.00270462    0.00270462 
87.4    0.00195784    0.00195784    0.00270484    0.00270484 
87.3    0.00195742    0.00195742    0.00270505    0.00270505 
87.2    0.00195701    0.00195701    0.00270526    0.00270526 
87.1    0.00195659    0.00195659    0.00270547    0.00270547 
87    0.00195617    0.00195617    0.00270569    0.00270569 
86.9    0.00195575    0.00195575    0.0027059    0.0027059 
86.8    0.00195532    0.00195532    0.00270612    0.00270612 
86.7    0.0019549    0.0019549    0.00270633    0.00270633 
86.6    0.00195447    0.00195447    0.00270655    0.00270655 
86.5    0.00195405    0.00195405    0.00270677    0.00270677 
86.4    0.00195362    0.00195362    0.00270699    0.00270699 
86.3    0.00195319    0.00195319    0.0027072    0.0027072 
86.2    0.00195276    0.00195276    0.00270742    0.00270742 
86.1    0.00195233    0.00195233    0.00270764    0.00270764 
86    0.00195189    0.00195189    0.00270786    0.00270786 
85.9    0.00195146    0.00195146    0.00270808    0.00270808 
85.8    0.00195102    0.00195102    0.0027083    0.0027083 
85.7    0.00195059    0.00195059    0.00270853    0.00270853 
85.6    0.00195015    0.00195015    0.00270875    0.00270875 
85.5    0.00194971    0.00194971    0.00270897    0.00270897 
85.4    0.00194927    0.00194927    0.0027092    0.0027092 
85.3    0.00194882    0.00194882    0.00270942    0.00270942 
85.2    0.00194838    0.00194838    0.00270965    0.00270965 
85.1    0.00194794    0.00194794    0.00270987    0.00270987 
85    0.00194749    0.00194749    0.0027101    0.0027101 
84.9    0.00194704    0.00194704    0.00271033    0.00271033 
84.8    0.00194659    0.00194659    0.00271055    0.00271055 
84.7    0.00194614    0.00194614    0.00271078    0.00271078 
84.6    0.00194569    0.00194569    0.00271101    0.00271101 
84.5    0.00194523    0.00194523    0.00271124    0.00271124 
84.4    0.00194478    0.00194478    0.00271147    0.00271147 
84.3    0.00194432    0.00194432    0.0027117    0.0027117 
84.2    0.00194386    0.00194386    0.00271193    0.00271193 
84.1    0.0019434    0.0019434    0.00271217    0.00271217 
84    0.00194294    0.00194294    0.0027124    0.0027124 
83.9    0.00194248    0.00194248    0.00271263    0.00271263 
83.8    0.00194202    0.00194202    0.00271287    0.00271287 
83.7    0.00194155    0.00194155    0.0027131    0.0027131 
83.6    0.00194108    0.00194108    0.00271334    0.00271334 
83.5    0.00194062    0.00194062    0.00271358    0.00271358 
83.4    0.00194015    0.00194015    0.00271381    0.00271381 
83.3    0.00193967    0.00193967    0.00271405    0.00271405 
83.2    0.0019392    0.0019392    0.00271429    0.00271429 
83.1    0.00193873    0.00193873    0.00271453    0.00271453 
83    0.00193825    0.00193825    0.00271477    0.00271477 
82.9    0.00193777    0.00193777    0.00271501    0.00271501 
82.8    0.00193729    0.00193729    0.00271525    0.00271525 
82.7    0.00193681    0.00193681    0.00271549    0.00271549 
82.6    0.00193633    0.00193633    0.00271574    0.00271574 
82.5    0.00193585    0.00193585    0.00271598    0.00271598 
82.4    0.00193536    0.00193536    0.00271622    0.00271622 
82.3    0.00193488    0.00193488    0.00271647    0.00271647 
82.2    0.00193439    0.00193439    0.00271671    0.00271671 
82.1    0.0019339    0.0019339    0.00271696    0.00271696 
82    0.00193341    0.00193341    0.00271721    0.00271721 
81.9    0.00193291    0.00193291    0.00271746    0.00271746 
81.8    0.00193242    0.00193242    0.0027177    0.0027177 
81.7    0.00193192    0.00193192    0.00271795    0.00271795 
81.6    0.00193142    0.00193142    0.0027182    0.0027182 
81.5    0.00193092    0.00193092    0.00271845    0.00271845 
81.4    0.00193042    0.00193042    0.00271871    0.00271871 
81.3    0.00192992    0.00192992    0.00271896    0.00271896 
81.2    0.00192942    0.00192942    0.00271921    0.00271921 
81.1    0.00192891    0.00192891    0.00271946    0.00271946 
81    0.0019284    0.0019284    0.00271972    0.00271972 
80.9    0.00192789    0.00192789    0.00271997    0.00271997 
80.8    0.00192738    0.00192738    0.00272023    0.00272023 
80.7    0.00192687    0.00192687    0.00272049    0.00272049 
80.6    0.00192636    0.00192636    0.00272074    0.00272074 
80.5    0.00192584    0.00192584    0.002721    0.002721 
80.4    0.00192532    0.00192532    0.00272126    0.00272126 
80.3    0.0019248    0.0019248    0.00272152    0.00272152 
80.2    0.00192428    0.00192428    0.00272178    0.00272178 
80.1    0.00192376    0.00192376    0.00272204    0.00272204 
80    0.00192323    0.00192323    0.0027223    0.0027223 
79.9    0.00192271    0.00192271    0.00272257    0.00272257 
79.8    0.00192218    0.00192218    0.00272283    0.00272283 
79.7    0.00192165    0.00192165    0.00272309    0.00272309 
79.6    0.00192112    0.00192112    0.00272336    0.00272336 
79.5    0.00192058    0.00192058    0.00272362    0.00272362 
79.4    0.00192005    0.00192005    0.00272389    0.00272389 
79.3    0.00191951    0.00191951    0.00272416    0.00272416 
79.2    0.00191897    0.00191897    0.00272443    0.00272443 
79.1    0.00191843    0.00191843    0.0027247    0.0027247 
79    0.00191789    0.00191789    0.00272497    0.00272497 
78.9    0.00191735    0.00191735    0.00272524    0.00272524 
78.8    0.0019168    0.0019168    0.00272551    0.00272551 
78.7    0.00191625    0.00191625    0.00272578    0.00272578 
78.6    0.0019157    0.0019157    0.00272605    0.00272605 
78.5    0.00191515    0.00191515    0.00272633    0.00272633 
78.4    0.0019146    0.0019146    0.0027266    0.0027266 
78.3    0.00191404    0.00191404    0.00272688    0.00272688 
78.2    0.00191349    0.00191349    0.00272715    0.00272715 
78.1    0.00191293    0.00191293    0.00272743    0.00272743 
78    0.00191237    0.00191237    0.00272771    0.00272771 
77.9    0.0019118    0.0019118    0.00272799    0.00272799 
77.8    0.00191124    0.00191124    0.00272827    0.00272827 
77.7    0.00191067    0.00191067    0.00272855    0.00272855 
77.6    0.00191011    0.00191011    0.00272883    0.00272883 
77.5    0.00190954    0.00190954    0.00272911    0.00272911 
77.4    0.00190896    0.00190896    0.00272939    0.00272939 
77.3    0.00190839    0.00190839    0.00272968    0.00272968 
77.2    0.00190781    0.00190781    0.00272996    0.00272996 
77.1    0.00190723    0.00190723    0.00273025    0.00273025 
77    0.00190665    0.00190665    0.00273053    0.00273053 
76.9    0.00190607    0.00190607    0.00273082    0.00273082 
76.8    0.00190549    0.00190549    0.00273111    0.00273111 
76.7    0.0019049    0.0019049    0.0027314    0.0027314 
76.6    0.00190431    0.00190431    0.00273169    0.00273169 
76.5    0.00190372    0.00190372    0.00273198    0.00273198 
76.4    0.00190313    0.00190313    0.00273227    0.00273227 
76.3    0.00190254    0.00190254    0.00273256    0.00273256 
76.2    0.00190194    0.00190194    0.00273285    0.00273285 
76.1    0.00190134    0.00190134    0.00273315    0.00273315 
76    0.00190074    0.00190074    0.00273344    0.00273344 
75.9    0.00190014    0.00190014    0.00273374    0.00273374 
75.8    0.00189954    0.00189954    0.00273404    0.00273404 
75.7    0.00189893    0.00189893    0.00273433    0.00273433 
75.6    0.00189832    0.00189832    0.00273463    0.00273463 
75.5    0.00189771    0.00189771    0.00273493    0.00273493 
75.4    0.0018971    0.0018971    0.00273523    0.00273523 
75.3    0.00189648    0.00189648    0.00273553    0.00273553 
75.2    0.00189587    0.00189587    0.00273584    0.00273584 
75.1    0.00189525    0.00189525    0.00273614    0.00273614 
75    0.00189462    0.00189462    0.00273644    0.00273644 
74.9    0.001894    0.001894    0.00273675    0.00273675 
74.8    0.00189337    0.00189337    0.00273705    0.00273705 
74.7    0.00189275    0.00189275    0.00273736    0.00273736 
74.6    0.00189212    0.00189212    0.00273767    0.00273767 
74.5    0.00189148    0.00189148    0.00273798    0.00273798 
74.4    0.00189085    0.00189085    0.00273829    0.00273829 
74.3    0.00189021    0.00189021    0.0027386    0.0027386 
74.2    0.00188957    0.00188957    0.00273891    0.00273891 
74.1    0.00188893    0.00188893    0.00273922    0.00273922 
74    0.00188829    0.00188829    0.00273953    0.00273953 
73.9    0.00188764    0.00188764    0.00273985    0.00273985 
73.8    0.00188699    0.00188699    0.00274016    0.00274016 
73.7    0.00188634    0.00188634    0.00274048    0.00274048 
73.6    0.00188569    0.00188569    0.0027408    0.0027408 
73.5    0.00188504    0.00188504    0.00274111    0.00274111 
73.4    0.00188438    0.00188438    0.00274143    0.00274143 
73.3    0.00188372    0.00188372    0.00274175    0.00274175 
73.2    0.00188306    0.00188306    0.00274208    0.00274208 
73.1    0.00188239    0.00188239    0.0027424    0.0027424 
73    0.00188173    0.00188173    0.00274272    0.00274272 
72.9    0.00188106    0.00188106    0.00274304    0.00274304 
72.8    0.00188038    0.00188038    0.00274337    0.00274337 
72.7    0.00187971    0.00187971    0.0027437    0.0027437 
72.6    0.00187903    0.00187903    0.00274402    0.00274402 
72.5    0.00187836    0.00187836    0.00274435    0.00274435 
72.4    0.00187767    0.00187767    0.00274468    0.00274468 
72.3    0.00187699    0.00187699    0.00274501    0.00274501 
72.2    0.0018763    0.0018763    0.00274534    0.00274534 
72.1    0.00187562    0.00187562    0.00274567    0.00274567 
72    0.00187492    0.00187492    0.00274601    0.00274601 
71.9    0.00187423    0.00187423    0.00274634    0.00274634 
71.8    0.00187353    0.00187353    0.00274667    0.00274667 
71.7    0.00187284    0.00187284    0.00274701    0.00274701 
71.6    0.00187213    0.00187213    0.00274735    0.00274735 
71.5    0.00187143    0.00187143    0.00274769    0.00274769 
71.4    0.00187072    0.00187072    0.00274803    0.00274803 
71.3    0.00187001    0.00187001    0.00274837    0.00274837 
71.2    0.0018693    0.0018693    0.00274871    0.00274871 
71.1    0.00186859    0.00186859    0.00274905    0.00274905 
71    0.00186787    0.00186787    0.00274939    0.00274939 
70.9    0.00186715    0.00186715    0.00274974    0.00274974 
70.8    0.00186643    0.00186643    0.00275008    0.00275008 
70.7    0.00186571    0.00186571    0.00275043    0.00275043 
70.6    0.00186498    0.00186498    0.00275078    0.00275078 
70.5    0.00186425    0.00186425    0.00275113    0.00275113 
70.4    0.00186352    0.00186352    0.00275148    0.00275148 
70.3    0.00186278    0.00186278    0.00275183    0.00275183 
70.2    0.00186204    0.00186204    0.00275218    0.00275218 
70.1    0.0018613    0.0018613    0.00275253    0.00275253 
70    0.00186056    0.00186056    0.00275289    0.00275289 
69.9    0.00185981    0.00185981    0.00275324    0.00275324 
69.8    0.00185906    0.00185906    0.0027536    0.0027536 
69.7    0.00185831    0.00185831    0.00275396    0.00275396 
69.6    0.00185756    0.00185756    0.00275431    0.00275431 
69.5    0.0018568    0.0018568    0.00275467    0.00275467 
69.4    0.00185604    0.00185604    0.00275503    0.00275503 
69.3    0.00185528    0.00185528    0.0027554    0.0027554 
69.2    0.00185451    0.00185451    0.00275576    0.00275576 
69.1    0.00185374    0.00185374    0.00275612    0.00275612 
69    0.00185297    0.00185297    0.00275649    0.00275649 
68.9    0.0018522    0.0018522    0.00275686    0.00275686 
68.8    0.00185142    0.00185142    0.00275722    0.00275722 
68.7    0.00185064    0.00185064    0.00275759    0.00275759 
68.6    0.00184986    0.00184986    0.00275796    0.00275796 
68.5    0.00184907    0.00184907    0.00275833    0.00275833 
68.4    0.00184828    0.00184828    0.0027587    0.0027587 
68.3    0.00184749    0.00184749    0.00275908    0.00275908 
68.2    0.00184669    0.00184669    0.00275945    0.00275945 
68.1    0.0018459    0.0018459    0.00275983    0.00275983 
68    0.00184509    0.00184509    0.0027602    0.0027602 
67.9    0.00184429    0.00184429    0.00276058    0.00276058 
67.8    0.00184348    0.00184348    0.00276096    0.00276096 
67.7    0.00184267    0.00184267    0.00276134    0.00276134 
67.6    0.00184186    0.00184186    0.00276172    0.00276172 
67.5    0.00184104    0.00184104    0.00276211    0.00276211 
67.4    0.00184022    0.00184022    0.00276249    0.00276249 
67.3    0.0018394    0.0018394    0.00276288    0.00276288 
67.2    0.00183857    0.00183857    0.00276326    0.00276326 
67.1    0.00183775    0.00183775    0.00276365    0.00276365 
67    0.00183691    0.00183691    0.00276404    0.00276404 
66.9    0.00183608    0.00183608    0.00276443    0.00276443 
66.8    0.00183524    0.00183524    0.00276482    0.00276482 
66.7    0.0018344    0.0018344    0.00276521    0.00276521 
66.6    0.00183355    0.00183355    0.00276561    0.00276561 
66.5    0.0018327    0.0018327    0.002766    0.002766 
66.4    0.00183185    0.00183185    0.0027664    0.0027664 
66.3    0.001831    0.001831    0.00276679    0.00276679 
66.2    0.00183014    0.00183014    0.00276719    0.00276719 
66.1    0.00182928    0.00182928    0.00276759    0.00276759 
66    0.00182841    0.00182841    0.00276799    0.00276799 
65.9    0.00182755    0.00182755    0.0027684    0.0027684 
65.8    0.00182668    0.00182668    0.0027688    0.0027688 
65.7    0.0018258    0.0018258    0.0027692    0.0027692 
65.6    0.00182492    0.00182492    0.00276961    0.00276961 
65.5    0.00182404    0.00182404    0.00277002    0.00277002 
65.4    0.00182316    0.00182316    0.00277043    0.00277043 
65.3    0.00182227    0.00182227    0.00277084    0.00277084 
65.2    0.00182137    0.00182137    0.00277125    0.00277125 
65.1    0.00182048    0.00182048    0.00277166    0.00277166 
65    0.00181958    0.00181958    0.00277207    0.00277207 
64.9    0.00181868    0.00181868    0.00277249    0.00277249 
64.8    0.00181777    0.00181777    0.00277291    0.00277291 
64.7    0.00181686    0.00181686    0.00277332    0.00277332 
64.6    0.00181595    0.00181595    0.00277374    0.00277374 
64.5    0.00181503    0.00181503    0.00277416    0.00277416 
64.4    0.00181411    0.00181411    0.00277459    0.00277459 
64.3    0.00181319    0.00181319    0.00277501    0.00277501 
64.2    0.00181226    0.00181226    0.00277543    0.00277543 
64.1    0.00181133    0.00181133    0.00277586    0.00277586 
64    0.00181039    0.00181039    0.00277629    0.00277629 
63.9    0.00180946    0.00180946    0.00277671    0.00277671 
63.8    0.00180851    0.00180851    0.00277714    0.00277714 
63.7    0.00180757    0.00180757    0.00277757    0.00277757 
63.6    0.00180662    0.00180662    0.00277801    0.00277801 
63.5    0.00180566    0.00180566    0.00277844    0.00277844 
63.4    0.00180471    0.00180471    0.00277888    0.00277888 
63.3    0.00180374    0.00180374    0.00277931    0.00277931 
63.2    0.00180278    0.00180278    0.00277975    0.00277975 
63.1    0.00180181    0.00180181    0.00278019    0.00278019 
63    0.00180084    0.00180084    0.00278063    0.00278063 
62.9    0.00179986    0.00179986    0.00278107    0.00278107 
62.8    0.00179888    0.00179888    0.00278152    0.00278152 
62.7    0.00179789    0.00179789    0.00278196    0.00278196 
62.6    0.00179691    0.00179691    0.00278241    0.00278241 
62.5    0.00179591    0.00179591    0.00278286    0.00278286 
62.4    0.00179492    0.00179492    0.00278331    0.00278331 
62.3    0.00179392    0.00179392    0.00278376    0.00278376 
62.2    0.00179291    0.00179291    0.00278421    0.00278421 
62.1    0.0017919    0.0017919    0.00278466    0.00278466 
62    0.00179089    0.00179089    0.00278512    0.00278512 
61.9    0.00178987    0.00178987    0.00278557    0.00278557 
61.8    0.00178885    0.00178885    0.00278603    0.00278603 
61.7    0.00178783    0.00178783    0.00278649    0.00278649 
61.6    0.0017868    0.0017868    0.00278695    0.00278695 
61.5    0.00178576    0.00178576    0.00278741    0.00278741 
61.4    0.00178472    0.00178472    0.00278788    0.00278788 
61.3    0.00178368    0.00178368    0.00278834    0.00278834 
61.2    0.00178264    0.00178264    0.00278881    0.00278881 
61.1    0.00178158    0.00178158    0.00278928    0.00278928 
61    0.00178053    0.00178053    0.00278974    0.00278974 
60.9    0.00177947    0.00177947    0.00279022    0.00279022 
60.8    0.00177841    0.00177841    0.00279069    0.00279069 
60.7    0.00177734    0.00177734    0.00279116    0.00279116 
60.6    0.00177627    0.00177627    0.00279164    0.00279164 
60.5    0.00177519    0.00177519    0.00279211    0.00279211 
60.4    0.00177411    0.00177411    0.00279259    0.00279259 
60.3    0.00177302    0.00177302    0.00279307    0.00279307 
60.2    0.00177193    0.00177193    0.00279355    0.00279355 
60.1    0.00177084    0.00177084    0.00279404    0.00279404 
60    0.00176974    0.00176974    0.00279452    0.00279452 
59.9    0.00176863    0.00176863    0.00279501    0.00279501 
59.8    0.00176752    0.00176752    0.0027955    0.0027955 
59.7    0.00176641    0.00176641    0.00279599    0.00279599 
59.6    0.00176529    0.00176529    0.00279648    0.00279648 
59.5    0.00176417    0.00176417    0.00279697    0.00279697 
59.4    0.00176304    0.00176304    0.00279746    0.00279746 
59.3    0.00176191    0.00176191    0.00279796    0.00279796 
59.2    0.00176077    0.00176077    0.00279845    0.00279845 
59.1    0.00175963    0.00175963    0.00279895    0.00279895 
59    0.00175849    0.00175849    0.00279945    0.00279945 
58.9    0.00175734    0.00175734    0.00279996    0.00279996 
58.8    0.00175618    0.00175618    0.00280046    0.00280046 
58.7    0.00175502    0.00175502    0.00280096    0.00280096 
58.6    0.00175385    0.00175385    0.00280147    0.00280147 
58.5    0.00175268    0.00175268    0.00280198    0.00280198 
58.4    0.00175151    0.00175151    0.00280249    0.00280249 
58.3    0.00175033    0.00175033    0.002803    0.002803 
58.2    0.00174914    0.00174914    0.00280351    0.00280351 
58.1    0.00174795    0.00174795    0.00280403    0.00280403 
58    0.00174676    0.00174676    0.00280454    0.00280454 
57.9    0.00174556    0.00174556    0.00280506    0.00280506 
57.8    0.00174435    0.00174435    0.00280558    0.00280558 
57.7    0.00174314    0.00174314    0.0028061    0.0028061 
57.6    0.00174192    0.00174192    0.00280662    0.00280662 
57.5    0.0017407    0.0017407    0.00280715    0.00280715 
57.4    0.00173947    0.00173947    0.00280767    0.00280767 
57.3    0.00173824    0.00173824    0.0028082    0.0028082 
57.2    0.00173701    0.00173701    0.00280873    0.00280873 
57.1    0.00173576    0.00173576    0.00280926    0.00280926 
57    0.00173452    0.00173452    0.0028098    0.0028098 
56.9    0.00173326    0.00173326    0.00281033    0.00281033 
56.8    0.001732    0.001732    0.00281087    0.00281087 
56.7    0.00173074    0.00173074    0.0028114    0.0028114 
56.6    0.00172947    0.00172947    0.00281194    0.00281194 
56.5    0.0017282    0.0017282    0.00281249    0.00281249 
56.4    0.00172692    0.00172692    0.00281303    0.00281303 
56.3    0.00172563    0.00172563    0.00281357    0.00281357 
56.2    0.00172434    0.00172434    0.00281412    0.00281412 
56.1    0.00172304    0.00172304    0.00281467    0.00281467 
56    0.00172174    0.00172174    0.00281522    0.00281522 
55.9    0.00172043    0.00172043    0.00281577    0.00281577 
55.8    0.00171912    0.00171912    0.00281632    0.00281632 
55.7    0.0017178    0.0017178    0.00281688    0.00281688 
55.6    0.00171647    0.00171647    0.00281744    0.00281744 
55.5    0.00171514    0.00171514    0.00281799    0.00281799 
55.4    0.0017138    0.0017138    0.00281855    0.00281855 
55.3    0.00171246    0.00171246    0.00281912    0.00281912 
55.2    0.00171111    0.00171111    0.00281968    0.00281968 
55.1    0.00170976    0.00170976    0.00282025    0.00282025 
55    0.0017084    0.0017084    0.00282081    0.00282081 
54.9    0.00170703    0.00170703    0.00282138    0.00282138 
54.8    0.00170566    0.00170566    0.00282195    0.00282195 
54.7    0.00170428    0.00170428    0.00282253    0.00282253 
54.6    0.00170289    0.00170289    0.0028231    0.0028231 
54.5    0.0017015    0.0017015    0.00282368    0.00282368 
54.4    0.00170011    0.00170011    0.00282426    0.00282426 
54.3    0.0016987    0.0016987    0.00282484    0.00282484 
54.2    0.00169729    0.00169729    0.00282542    0.00282542 
54.1    0.00169588    0.00169588    0.002826    0.002826 
54    0.00169445    0.00169445    0.00282659    0.00282659 
53.9    0.00169303    0.00169303    0.00282718    0.00282718 
53.8    0.00169159    0.00169159    0.00282777    0.00282777 
53.7    0.00169015    0.00169015    0.00282836    0.00282836 
53.6    0.0016887    0.0016887    0.00282895    0.00282895 
53.5    0.00168725    0.00168725    0.00282954    0.00282954 
53.4    0.00168579    0.00168579    0.00283014    0.00283014 
53.3    0.00168432    0.00168432    0.00283074    0.00283074 
53.2    0.00168285    0.00168285    0.00283134    0.00283134 
53.1    0.00168137    0.00168137    0.00283194    0.00283194 
53    0.00167988    0.00167988    0.00283255    0.00283255 
52.9    0.00167839    0.00167839    0.00283315    0.00283315 
52.8    0.00167689    0.00167689    0.00283376    0.00283376 
52.7    0.00167538    0.00167538    0.00283437    0.00283437 
52.6    0.00167387    0.00167387    0.00283498    0.00283498 
52.5    0.00167235    0.00167235    0.0028356    0.0028356 
52.4    0.00167082    0.00167082    0.00283621    0.00283621 
52.3    0.00166928    0.00166928    0.00283683    0.00283683 
52.2    0.00166774    0.00166774    0.00283745    0.00283745 
52.1    0.00166619    0.00166619    0.00283807    0.00283807 
52    0.00166464    0.00166464    0.0028387    0.0028387 
51.9    0.00166308    0.00166308    0.00283932    0.00283932 
51.8    0.00166151    0.00166151    0.00283995    0.00283995 
51.7    0.00165993    0.00165993    0.00284058    0.00284058 
51.6    0.00165835    0.00165835    0.00284121    0.00284121 
51.5    0.00165676    0.00165676    0.00284184    0.00284184 
51.4    0.00165516    0.00165516    0.00284248    0.00284248 
51.3    0.00165355    0.00165355    0.00284312    0.00284312 
51.2    0.00165194    0.00165194    0.00284375    0.00284375 
51.1    0.00165032    0.00165032    0.0028444    0.0028444 
51    0.00164869    0.00164869    0.00284504    0.00284504 
50.9    0.00164706    0.00164706    0.00284568    0.00284568 
50.8    0.00164541    0.00164541    0.00284633    0.00284633 
50.7    0.00164376    0.00164376    0.00284698    0.00284698 
50.6    0.0016421    0.0016421    0.00284763    0.00284763 
50.5    0.00164044    0.00164044    0.00284828    0.00284828 
50.4    0.00163877    0.00163877    0.00284894    0.00284894 
50.3    0.00163708    0.00163708    0.0028496    0.0028496 
50.2    0.0016354    0.0016354    0.00285026    0.00285026 
50.1    0.0016337    0.0016337    0.00285092    0.00285092 
50    0.001632    0.001632    0.00285158    0.00285158 
49.9    0.00163028    0.00163028    0.00285225    0.00285225 
49.8    0.00162856    0.00162856    0.00285291    0.00285291 
49.7    0.00162683    0.00162683    0.00285358    0.00285358 
49.6    0.0016251    0.0016251    0.00285425    0.00285425 
49.5    0.00162335    0.00162335    0.00285493    0.00285493 
49.4    0.0016216    0.0016216    0.0028556    0.0028556 
49.3    0.00161984    0.00161984    0.00285628    0.00285628 
49.2    0.00161807    0.00161807    0.00285696    0.00285696 
49.1    0.0016163    0.0016163    0.00285764    0.00285764 
49    0.00161451    0.00161451    0.00285833    0.00285833 
48.9    0.00161272    0.00161272    0.00285901    0.00285901 
48.8    0.00161091    0.00161091    0.0028597    0.0028597 
48.7    0.0016091    0.0016091    0.00286039    0.00286039 
48.6    0.00160729    0.00160729    0.00286108    0.00286108 
48.5    0.00160546    0.00160546    0.00286178    0.00286178 
48.4    0.00160362    0.00160362    0.00286247    0.00286247 
48.3    0.00160178    0.00160178    0.00286317    0.00286317 
48.2    0.00159992    0.00159992    0.00286387    0.00286387 
48.1    0.00159806    0.00159806    0.00286458    0.00286458 
48    0.00159619    0.00159619    0.00286528    0.00286528 
47.9    0.00159431    0.00159431    0.00286599    0.00286599 
47.8    0.00159242    0.00159242    0.0028667    0.0028667 
47.7    0.00159052    0.00159052    0.00286741    0.00286741 
47.6    0.00158862    0.00158862    0.00286812    0.00286812 
47.5    0.0015867    0.0015867    0.00286884    0.00286884 
47.4    0.00158478    0.00158478    0.00286956    0.00286956 
47.3    0.00158284    0.00158284    0.00287028    0.00287028 
47.2    0.0015809    0.0015809    0.002871    0.002871 
47.1    0.00157895    0.00157895    0.00287172    0.00287172 
47    0.00157699    0.00157699    0.00287245    0.00287245 
46.9    0.00157502    0.00157502    0.00287318    0.00287318 
46.8    0.00157304    0.00157304    0.00287391    0.00287391 
46.7    0.00157105    0.00157105    0.00287464    0.00287464 
46.6    0.00156905    0.00156905    0.00287538    0.00287538 
46.5    0.00156704    0.00156704    0.00287611    0.00287611 
46.4    0.00156502    0.00156502    0.00287685    0.00287685 
46.3    0.00156299    0.00156299    0.0028776    0.0028776 
46.2    0.00156096    0.00156096    0.00287834    0.00287834 
46.1    0.00155891    0.00155891    0.00287909    0.00287909 
46    0.00155685    0.00155685    0.00287983    0.00287983 
45.9    0.00155478    0.00155478    0.00288058    0.00288058 
45.8    0.00155271    0.00155271    0.00288134    0.00288134 
45.7    0.00155062    0.00155062    0.00288209    0.00288209 
45.6    0.00154852    0.00154852    0.00288285    0.00288285 
45.5    0.00154642    0.00154642    0.00288361    0.00288361 
45.4    0.0015443    0.0015443    0.00288437    0.00288437 
45.3    0.00154217    0.00154217    0.00288513    0.00288513 
45.2    0.00154003    0.00154003    0.0028859    0.0028859 
45.1    0.00153788    0.00153788    0.00288667    0.00288667 
45    0.00153573    0.00153573    0.00288744    0.00288744 
44.9    0.00153356    0.00153356    0.00288821    0.00288821 
44.8    0.00153138    0.00153138    0.00288899    0.00288899 
44.7    0.00152919    0.00152919    0.00288976    0.00288976 
44.6    0.00152699    0.00152699    0.00289054    0.00289054 
44.5    0.00152478    0.00152478    0.00289133    0.00289133 
44.4    0.00152255    0.00152255    0.00289211    0.00289211 
44.3    0.00152032    0.00152032    0.0028929    0.0028929 
44.2    0.00151808    0.00151808    0.00289369    0.00289369 
44.1    0.00151582    0.00151582    0.00289448    0.00289448 
44    0.00151356    0.00151356    0.00289527    0.00289527 
43.9    0.00151128    0.00151128    0.00289606    0.00289606 
43.8    0.00150899    0.00150899    0.00289686    0.00289686 
43.7    0.00150669    0.00150669    0.00289766    0.00289766 
43.6    0.00150439    0.00150439    0.00289846    0.00289846 
43.5    0.00150206    0.00150206    0.00289927    0.00289927 
43.4    0.00149973    0.00149973    0.00290008    0.00290008 
43.3    0.00149739    0.00149739    0.00290088    0.00290088 
43.2    0.00149503    0.00149503    0.0029017    0.0029017 
43.1    0.00149267    0.00149267    0.00290251    0.00290251 
43    0.00149029    0.00149029    0.00290333    0.00290333 
42.9    0.0014879    0.0014879    0.00290414    0.00290414 
42.8    0.00148549    0.00148549    0.00290496    0.00290496 
42.7    0.00148308    0.00148308    0.00290579    0.00290579 
42.6    0.00148066    0.00148066    0.00290661    0.00290661 
42.5    0.00147822    0.00147822    0.00290744    0.00290744 
42.4    0.00147577    0.00147577    0.00290827    0.00290827 
42.3    0.00147331    0.00147331    0.0029091    0.0029091 
42.2    0.00147083    0.00147083    0.00290993    0.00290993 
42.1    0.00146835    0.00146835    0.00291077    0.00291077 
42    0.00146585    0.00146585    0.00291161    0.00291161 
41.9    0.00146334    0.00146334    0.00291245    0.00291245 
41.8    0.00146082    0.00146082    0.00291329    0.00291329 
41.7    0.00145828    0.00145828    0.00291414    0.00291414 
41.6    0.00145574    0.00145574    0.00291499    0.00291499 
41.5    0.00145318    0.00145318    0.00291584    0.00291584 
41.4    0.0014506    0.0014506    0.00291669    0.00291669 
41.3    0.00144802    0.00144802    0.00291755    0.00291755 
41.2    0.00144542    0.00144542    0.0029184    0.0029184 
41.1    0.00144281    0.00144281    0.00291926    0.00291926 
41    0.00144019    0.00144019    0.00292012    0.00292012 
40.9    0.00143755    0.00143755    0.00292099    0.00292099 
40.8    0.0014349    0.0014349    0.00292185    0.00292185 
40.7    0.00143224    0.00143224    0.00292272    0.00292272 
40.6    0.00142956    0.00142956    0.00292359    0.00292359 
40.5    0.00142687    0.00142687    0.00292447    0.00292447 
40.4    0.00142417    0.00142417    0.00292534    0.00292534 
40.3    0.00142145    0.00142145    0.00292622    0.00292622 
40.2    0.00141872    0.00141872    0.0029271    0.0029271 
40.1    0.00141598    0.00141598    0.00292798    0.00292798 
40    0.00141322    0.00141322    0.00292887    0.00292887 
39.9    0.00141045    0.00141045    0.00292976    0.00292976 
39.8    0.00140767    0.00140767    0.00293064    0.00293064 
39.7    0.00140487    0.00140487    0.00293154    0.00293154 
39.6    0.00140206    0.00140206    0.00293243    0.00293243 
39.5    0.00139924    0.00139924    0.00293333    0.00293333 
39.4    0.0013964    0.0013964    0.00293423    0.00293423 
39.3    0.00139354    0.00139354    0.00293513    0.00293513 
39.2    0.00139067    0.00139067    0.00293603    0.00293603 
39.1    0.00138779    0.00138779    0.00293693    0.00293693 
39    0.0013849    0.0013849    0.00293784    0.00293784 
38.9    0.00138199    0.00138199    0.00293875    0.00293875 
38.8    0.00137906    0.00137906    0.00293966    0.00293966 
38.7    0.00137612    0.00137612    0.00294058    0.00294058 
38.6    0.00137317    0.00137317    0.0029415    0.0029415 
38.5    0.0013702    0.0013702    0.00294241    0.00294241 
38.4    0.00136721    0.00136721    0.00294334    0.00294334 
38.3    0.00136422    0.00136422    0.00294426    0.00294426 
38.2    0.0013612    0.0013612    0.00294519    0.00294519 
38.1    0.00135817    0.00135817    0.00294611    0.00294611 
38    0.00135513    0.00135513    0.00294704    0.00294704 
37.9    0.00135207    0.00135207    0.00294798    0.00294798 
37.8    0.001349    0.001349    0.00294891    0.00294891 
37.7    0.00134591    0.00134591    0.00294985    0.00294985 
37.6    0.00134281    0.00134281    0.00295079    0.00295079 
37.5    0.00133969    0.00133969    0.00295173    0.00295173 
37.4    0.00133655    0.00133655    0.00295267    0.00295267 
37.3    0.0013334    0.0013334    0.00295362    0.00295362 
37.2    0.00133024    0.00133024    0.00295457    0.00295457 
37.1    0.00132705    0.00132705    0.00295552    0.00295552 
37    0.00132386    0.00132386    0.00295647    0.00295647 
36.9    0.00132064    0.00132064    0.00295743    0.00295743 
36.8    0.00131741    0.00131741    0.00295838    0.00295838 
36.7    0.00131417    0.00131417    0.00295934    0.00295934 
36.6    0.00131091    0.00131091    0.0029603    0.0029603 
36.5    0.00130763    0.00130763    0.00296127    0.00296127 
36.4    0.00130434    0.00130434    0.00296223    0.00296223 
36.3    0.00130103    0.00130103    0.0029632    0.0029632 
36.2    0.0012977    0.0012977    0.00296417    0.00296417 
36.1    0.00129436    0.00129436    0.00296514    0.00296514 
36    0.001291    0.001291    0.00296612    0.00296612 
35.9    0.00128762    0.00128762    0.0029671    0.0029671 
35.8    0.00128423    0.00128423    0.00296807    0.00296807 
35.7    0.00128082    0.00128082    0.00296906    0.00296906 
35.6    0.0012774    0.0012774    0.00297004    0.00297004 
35.5    0.00127396    0.00127396    0.00297102    0.00297102 
35.4    0.0012705    0.0012705    0.00297201    0.00297201 
35.3    0.00126702    0.00126702    0.002973    0.002973 
35.2    0.00126353    0.00126353    0.00297399    0.00297399 
35.1    0.00126001    0.00126001    0.00297499    0.00297499 
35    0.00125649    0.00125649    0.00297598    0.00297598 
34.9    0.00125294    0.00125294    0.00297698    0.00297698 
34.8    0.00124938    0.00124938    0.00297798    0.00297798 
34.7    0.0012458    0.0012458    0.00297898    0.00297898 
34.6    0.0012422    0.0012422    0.00297999    0.00297999 
34.5    0.00123859    0.00123859    0.00298099    0.00298099 
34.4    0.00123495    0.00123495    0.002982    0.002982 
34.3    0.0012313    0.0012313    0.00298301    0.00298301 
34.2    0.00122764    0.00122764    0.00298402    0.00298402 
34.1    0.00122395    0.00122395    0.00298504    0.00298504 
34    0.00122025    0.00122025    0.00298605    0.00298605 
33.9    0.00121652    0.00121652    0.00298707    0.00298707 
33.8    0.00121278    0.00121278    0.00298809    0.00298809 
33.7    0.00120903    0.00120903    0.00298911    0.00298911 
33.6    0.00120525    0.00120525    0.00299014    0.00299014 
33.5    0.00120146    0.00120146    0.00299116    0.00299116 
33.4    0.00119764    0.00119764    0.00299219    0.00299219 
33.3    0.00119381    0.00119381    0.00299322    0.00299322 
33.2    0.00118996    0.00118996    0.00299425    0.00299425 
33.1    0.00118609    0.00118609    0.00299529    0.00299529 
33    0.00118221    0.00118221    0.00299632    0.00299632 
32.9    0.0011783    0.0011783    0.00299736    0.00299736 
32.8    0.00117438    0.00117438    0.0029984    0.0029984 
32.7    0.00117044    0.00117044    0.00299944    0.00299944 
32.6    0.00116648    0.00116648    0.00300048    0.00300048 
32.5    0.0011625    0.0011625    0.00300153    0.00300153 
32.4    0.0011585    0.0011585    0.00300257    0.00300257 
32.3    0.00115448    0.00115448    0.00300362    0.00300362 
32.2    0.00115044    0.00115044    0.00300467    0.00300467 
32.1    0.00114638    0.00114638    0.00300572    0.00300572 
32    0.00114231    0.00114231    0.00300678    0.00300678 
31.9    0.00113821    0.00113821    0.00300783    0.00300783 
31.8    0.0011341    0.0011341    0.00300889    0.00300889 
31.7    0.00112997    0.00112997    0.00300995    0.00300995 
31.6    0.00112582    0.00112582    0.00301101    0.00301101 
31.5    0.00112164    0.00112164    0.00301207    0.00301207 
31.4    0.00111745    0.00111745    0.00301313    0.00301313 
31.3    0.00111324    0.00111324    0.0030142    0.0030142 
31.2    0.00110901    0.00110901    0.00301527    0.00301527 
31.1    0.00110476    0.00110476    0.00301634    0.00301634 
31    0.00110049    0.00110049    0.00301741    0.00301741 
30.9    0.0010962    0.0010962    0.00301848    0.00301848 
30.8    0.00109189    0.00109189    0.00301955    0.00301955 
30.7    0.00108757    0.00108757    0.00302063    0.00302063 
30.6    0.00108322    0.00108322    0.0030217    0.0030217 
30.5    0.00107885    0.00107885    0.00302278    0.00302278 
30.4    0.00107446    0.00107446    0.00302386    0.00302386 
30.3    0.00107005    0.00107005    0.00302494    0.00302494 
30.2    0.00106562    0.00106562    0.00302602    0.00302602 
30.1    0.00106118    0.00106118    0.00302711    0.00302711 
30    0.00105671    0.00105671    0.00302819    0.00302819 
29.9    0.00105222    0.00105222    0.00302928    0.00302928 
29.8    0.00104771    0.00104771    0.00303037    0.00303037 
29.7    0.00104319    0.00104319    0.00303146    0.00303146 
29.6    0.00103864    0.00103864    0.00303255    0.00303255 
29.5    0.00103407    0.00103407    0.00303364    0.00303364 
29.4    0.00102948    0.00102948    0.00303473    0.00303473 
29.3    0.00102487    0.00102487    0.00303583    0.00303583 
29.2    0.00102024    0.00102024    0.00303692    0.00303692 
29.1    0.00101559    0.00101559    0.00303802    0.00303802 
29    0.00101093    0.00101093    0.00303912    0.00303912 
28.9    0.00100624    0.00100624    0.00304022    0.00304022 
28.8    0.00100153    0.00100153    0.00304132    0.00304132 
28.7    0.000996798    0.000996798    0.00304242    0.00304242 
28.6    0.000992048    0.000992048    0.00304353    0.00304353 
28.5    0.000987278    0.000987278    0.00304463    0.00304463 
28.4    0.000982488    0.000982488    0.00304574    0.00304574 
28.3    0.000977677    0.000977677    0.00304684    0.00304684 
28.2    0.000972847    0.000972847    0.00304795    0.00304795 
28.1    0.000967996    0.000967996    0.00304906    0.00304906 
28    0.000963125    0.000963125    0.00305017    0.00305017 
27.9    0.000958234    0.000958234    0.00305128    0.00305128 
27.8    0.000953323    0.000953323    0.00305239    0.00305239 
27.7    0.000948392    0.000948392    0.0030535    0.0030535 
27.6    0.00094344    0.00094344    0.00305461    0.00305461 
27.5    0.000938469    0.000938469    0.00305573    0.00305573 
27.4    0.000933478    0.000933478    0.00305684    0.00305684 
27.3    0.000928466    0.000928466    0.00305796    0.00305796 
27.2    0.000923435    0.000923435    0.00305908    0.00305908 
27.1    0.000918384    0.000918384    0.00306019    0.00306019 
27    0.000913313    0.000913313    0.00306131    0.00306131 
26.9    0.000908222    0.000908222    0.00306243    0.00306243 
26.8    0.000903111    0.000903111    0.00306355    0.00306355 
26.7    0.000897981    0.000897981    0.00306467    0.00306467 
26.6    0.000892831    0.000892831    0.00306579    0.00306579 
26.5    0.000887661    0.000887661    0.00306691    0.00306691 
26.4    0.000882472    0.000882472    0.00306803    0.00306803 
26.3    0.000877264    0.000877264    0.00306915    0.00306915 
26.2    0.000872036    0.000872036    0.00307028    0.00307028 
26.1    0.000866789    0.000866789    0.0030714    0.0030714 
26    0.000861522    0.000861522    0.00307252    0.00307252 
25.9    0.000856237    0.000856237    0.00307365    0.00307365 
25.8    0.000850932    0.000850932    0.00307477    0.00307477 
25.7    0.000845609    0.000845609    0.0030759    0.0030759 
25.6    0.000840267    0.000840267    0.00307702    0.00307702 
25.5    0.000834906    0.000834906    0.00307815    0.00307815 
25.4    0.000829526    0.000829526    0.00307927    0.00307927 
25.3    0.000824128    0.000824128    0.0030804    0.0030804 
25.2    0.000818712    0.000818712    0.00308153    0.00308153 
25.1    0.000813277    0.000813277    0.00308265    0.00308265 
25    0.000807824    0.000807824    0.00308378    0.00308378 
24.9    0.000802353    0.000802353    0.0030849    0.0030849 
24.8    0.000796864    0.000796864    0.00308603    0.00308603 
24.7    0.000791358    0.000791358    0.00308716    0.00308716 
24.6    0.000785834    0.000785834    0.00308828    0.00308828 
24.5    0.000780293    0.000780293    0.00308941    0.00308941 
24.4    0.000774734    0.000774734    0.00309054    0.00309054 
24.3    0.000769158    0.000769158    0.00309166    0.00309166 
24.2    0.000763566    0.000763566    0.00309279    0.00309279 
24.1    0.000757957    0.000757957    0.00309391    0.00309391 
24    0.000752331    0.000752331    0.00309504    0.00309504 
23.9    0.000746689    0.000746689    0.00309616    0.00309616 
23.8    0.000741031    0.000741031    0.00309729    0.00309729 
23.7    0.000735356    0.000735356    0.00309841    0.00309841 
23.6    0.000729667    0.000729667    0.00309954    0.00309954 
23.5    0.000723961    0.000723961    0.00310066    0.00310066 
23.4    0.000718241    0.000718241    0.00310178    0.00310178 
23.3    0.000712505    0.000712505    0.00310291    0.00310291 
23.2    0.000706755    0.000706755    0.00310403    0.00310403 
23.1    0.00070099    0.00070099    0.00310515    0.00310515 
23    0.00069521    0.00069521    0.00310627    0.00310627 
22.9    0.000689417    0.000689417    0.00310739    0.00310739 
22.8    0.00068361    0.00068361    0.00310851    0.00310851 
22.7    0.00067779    0.00067779    0.00310963    0.00310963 
22.6    0.000671956    0.000671956    0.00311075    0.00311075 
22.5    0.00066611    0.00066611    0.00311186    0.00311186 
22.4    0.00066025    0.00066025    0.00311298    0.00311298 
22.3    0.000654379    0.000654379    0.00311409    0.00311409 
22.2    0.000648496    0.000648496    0.00311521    0.00311521 
22.1    0.0006426    0.0006426    0.00311632    0.00311632 
22    0.000636694    0.000636694    0.00311743    0.00311743 
21.9    0.000630777    0.000630777    0.00311854    0.00311854 
21.8    0.000624849    0.000624849    0.00311965    0.00311965 
21.7    0.000618911    0.000618911    0.00312076    0.00312076 
21.6    0.000612963    0.000612963    0.00312186    0.00312186 
21.5    0.000607005    0.000607005    0.00312297    0.00312297 
21.4    0.000601039    0.000601039    0.00312407    0.00312407 
21.3    0.000595064    0.000595064    0.00312517    0.00312517 
21.2    0.00058908    0.00058908    0.00312627    0.00312627 
21.1    0.000583089    0.000583089    0.00312737    0.00312737 
21    0.00057709    0.00057709    0.00312847    0.00312847 
20.9    0.000571084    0.000571084    0.00312957    0.00312957 
20.8    0.000565072    0.000565072    0.00313066    0.00313066 
20.7    0.000559053    0.000559053    0.00313175    0.00313175 
20.6    0.000553029    0.000553029    0.00313284    0.00313284 
20.5    0.000547    0.000547    0.00313393    0.00313393 
20.4    0.000540966    0.000540966    0.00313502    0.00313502 
20.3    0.000534928    0.000534928    0.0031361    0.0031361 
20.2    0.000528886    0.000528886    0.00313718    0.00313718 
20.1    0.000522841    0.000522841    0.00313826    0.00313826 
20    0.000516794    0.000516794    0.00313934    0.00313934 
19.9    0.000510745    0.000510745    0.00314041    0.00314041 
19.8    0.000504694    0.000504694    0.00314149    0.00314149 
19.7    0.000498642    0.000498642    0.00314256    0.00314256 
19.6    0.00049259    0.00049259    0.00314362    0.00314362 
19.5    0.000486538    0.000486538    0.00314469    0.00314469 
19.4    0.000480487    0.000480487    0.00314575    0.00314575 
19.3    0.000474438    0.000474438    0.00314681    0.00314681 
19.2    0.000468391    0.000468391    0.00314787    0.00314787 
19.1    0.000462346    0.000462346    0.00314892    0.00314892 
19    0.000456305    0.000456305    0.00314997    0.00314997 
18.9    0.000450268    0.000450268    0.00315102    0.00315102 
18.8    0.000444236    0.000444236    0.00315206    0.00315206 
18.7    0.000438209    0.000438209    0.0031531    0.0031531 
18.6    0.000432188    0.000432188    0.00315414    0.00315414 
18.5    0.000426174    0.000426174    0.00315518    0.00315518 
18.4    0.000420168    0.000420168    0.00315621    0.00315621 
18.3    0.00041417    0.00041417    0.00315723    0.00315723 
18.2    0.000408181    0.000408181    0.00315826    0.00315826 
18.1    0.000402202    0.000402202    0.00315928    0.00315928 
18    0.000396234    0.000396234    0.00316029    0.00316029 
17.9    0.000390277    0.000390277    0.00316131    0.00316131 
17.8    0.000384332    0.000384332    0.00316231    0.00316231 
17.7    0.0003784    0.0003784    0.00316332    0.00316332 
17.6    0.000372482    0.000372482    0.00316432    0.00316432 
17.5    0.000366578    0.000366578    0.00316532    0.00316532 
17.4    0.00036069    0.00036069    0.00316631    0.00316631 
17.3    0.000354819    0.000354819    0.00316729    0.00316729 
17.2    0.000348964    0.000348964    0.00316828    0.00316828 
17.1    0.000343128    0.000343128    0.00316925    0.00316925 
17    0.000337311    0.000337311    0.00317023    0.00317023 
16.9    0.000331514    0.000331514    0.00317119    0.00317119 
16.8    0.000325737    0.000325737    0.00317216    0.00317216 
16.7    0.000319982    0.000319982    0.00317312    0.00317312 
16.6    0.00031425    0.00031425    0.00317407    0.00317407 
16.5    0.000308542    0.000308542    0.00317502    0.00317502 
16.4    0.000302858    0.000302858    0.00317596    0.00317596 
16.3    0.0002972    0.0002972    0.0031769    0.0031769 
16.2    0.000291568    0.000291568    0.00317783    0.00317783 
16.1    0.000285964    0.000285964    0.00317875    0.00317875 
16    0.000280389    0.000280389    0.00317967    0.00317967 
15.9    0.000274843    0.000274843    0.00318059    0.00318059 
15.8    0.000269327    0.000269327    0.00318149    0.00318149 
15.7    0.000263844    0.000263844    0.00318239    0.00318239 
15.6    0.000258392    0.000258392    0.00318329    0.00318329 
15.5    0.000252975    0.000252975    0.00318418    0.00318418 
15.4    0.000247592    0.000247592    0.00318506    0.00318506 
15.3    0.000242245    0.000242245    0.00318594    0.00318594 
15.2    0.000236935    0.000236935    0.00318681    0.00318681 
15.1    0.000231663    0.000231663    0.00318767    0.00318767 
15    0.00022643    0.00022643    0.00318852    0.00318852 
14.9    0.000221237    0.000221237    0.00318937    0.00318937 
14.8    0.000216084    0.000216084    0.00319021    0.00319021 
14.7    0.000210975    0.000210975    0.00319105    0.00319105 
14.6    0.000205908    0.000205908    0.00319187    0.00319187 
14.5    0.000200886    0.000200886    0.00319269    0.00319269 
14.4    0.000195909    0.000195909    0.0031935    0.0031935 
14.3    0.000190979    0.000190979    0.0031943    0.0031943 
14.2    0.000186096    0.000186096    0.0031951    0.0031951 
14.1    0.000181262    0.000181262    0.00319589    0.00319589 
14    0.000176478    0.000176478    0.00319667    0.00319667 
13.9    0.000171745    0.000171745    0.00319744    0.00319744 
13.8    0.000167063    0.000167063    0.0031982    0.0031982 
13.7    0.000162434    0.000162434    0.00319895    0.00319895 
13.6    0.00015786    0.00015786    0.0031997    0.0031997 
13.5    0.00015334    0.00015334    0.00320044    0.00320044 
13.4    0.000148877    0.000148877    0.00320117    0.00320117 
13.3    0.000144471    0.000144471    0.00320188    0.00320188 
13.2    0.000140122    0.000140122    0.0032026    0.0032026 
13.1    0.000135833    0.000135833    0.0032033    0.0032033 
13    0.000131604    0.000131604    0.00320399    0.00320399 
12.9    0.000127436    0.000127436    0.00320467    0.00320467 
12.8    0.00012333    0.00012333    0.00320535    0.00320535 
12.7    0.000119286    0.000119286    0.00320601    0.00320601 
12.6    0.000115307    0.000115307    0.00320667    0.00320667 
12.5    0.000111392    0.000111392    0.00320731    0.00320731 
12.4    0.000107542    0.000107542    0.00320795    0.00320795 
12.3    0.000103759    0.000103759    0.00320858    0.00320858 
12.2    0.000100043    0.000100043    0.0032092    0.0032092 
12.1    9.63949e-05    9.63949e-05    0.0032098    0.0032098 
12    9.28154e-05    9.28154e-05    0.0032104    0.0032104 
11.9    8.93052e-05    8.93052e-05    0.00321099    0.00321099 
11.8    8.58649e-05    8.58649e-05    0.00321157    0.00321157 
11.7    8.24952e-05    8.24952e-05    0.00321214    0.00321214 
11.6    7.91967e-05    7.91967e-05    0.0032127    0.0032127 
11.5    7.59699e-05    7.59699e-05    0.00321325    0.00321325 
11.4    7.28154e-05    7.28154e-05    0.00321379    0.00321379 
11.3    6.97336e-05    6.97336e-05    0.00321432    0.00321432 
11.2    6.67248e-05    6.67248e-05    0.00321484    0.00321484 
11.1    6.37895e-05    6.37895e-05    0.00321535    0.00321535 
11    6.0928e-05    6.0928e-05    0.00321586    0.00321586 
10.9    5.81406e-05    5.81406e-05    0.00321635    0.00321635 
10.8    5.54273e-05    5.54273e-05    0.00321683    0.00321683 
10.7    5.27885e-05    5.27885e-05    0.00321731    0.00321731 
10.6    5.02242e-05    5.02242e-05    0.00321777    0.00321777 
10.5    4.77343e-05    4.77343e-05    0.00321823    0.00321823 
10.4    4.5319e-05    4.5319e-05    0.00321868    0.00321868 
10.3    4.29781e-05    4.29781e-05    0.00321912    0.00321912 
10.2    4.07114e-05    4.07114e-05    0.00321955    0.00321955 
10.1    3.85188e-05    3.85188e-05    0.00321997    0.00321997 
10    3.63999e-05    3.63999e-05    0.00322039    0.00322039 
9.9    3.43544e-05    3.43544e-05    0.0032208    0.0032208 
9.8    3.23818e-05    3.23818e-05    0.0032212    0.0032212 
9.7    3.04818e-05    3.04818e-05    0.00322159    0.00322159 
9.6    2.86537e-05    2.86537e-05    0.00322198    0.00322198 
9.5    2.68968e-05    2.68968e-05    0.00322236    0.00322236 
9.4    2.52106e-05    2.52106e-05    0.00322273    0.00322273 
9.3    2.35941e-05    2.35941e-05    0.0032231    0.0032231 
9.2    2.20466e-05    2.20466e-05    0.00322347    0.00322347 
9.1    2.05671e-05    2.05671e-05    0.00322382    0.00322382 
9    1.91547e-05    1.91547e-05    0.00322418    0.00322418 
8.9    1.78083e-05    1.78083e-05    0.00322453    0.00322453 
8.8    1.65267e-05    1.65267e-05    0.00322487    0.00322487 
8.7    1.53088e-05    1.53088e-05    0.00322521    0.00322521 
8.6    1.41532e-05    1.41532e-05    0.00322555    0.00322555 
8.5    1.30587e-05    1.30587e-05    0.00322589    0.00322589 
8.4    1.20239e-05    1.20239e-05    0.00322623    0.00322623 
8.3    1.10472e-05    1.10472e-05    0.00322656    0.00322656 
8.2    1.01272e-05    1.01272e-05    0.0032269    0.0032269 
8.1    9.26235e-06    9.26235e-06    0.00322723    0.00322723 
8    8.45095e-06    8.45095e-06    0.00322757    0.00322757 
7.9    7.69136e-06    7.69136e-06    0.00322791    0.00322791 
7.8    6.98185e-06    6.98185e-06    0.00322825    0.00322825 
7.7    6.32066e-06    6.32066e-06    0.0032286    0.0032286 
7.6    5.70599e-06    5.70599e-06    0.00322895    0.00322895 
7.5    5.13602e-06    5.13602e-06    0.0032293    0.0032293 
7.4    4.60889e-06    4.60889e-06    0.00322966    0.00322966 
7.3    4.12272e-06    4.12272e-06    0.00323003    0.00323003 
7.2    3.67561e-06    3.67561e-06    0.0032304    0.0032304 
7.1    3.26566e-06    3.26566e-06    0.00323079    0.00323079 
7    2.89097e-06    2.89097e-06    0.00323118    0.00323118 
6.9    2.54962e-06    2.54962e-06    0.00323159    0.00323159 
6.8    2.23972e-06    2.23972e-06    0.00323201    0.00323201 
6.7    1.95938e-06    1.95938e-06    0.00323244    0.00323244 
6.6    1.70674e-06    1.70674e-06    0.00323289    0.00323289 
6.5    1.47996e-06    1.47996e-06    0.00323335    0.00323335 
6.4    1.27725e-06    1.27725e-06    0.00323384    0.00323384 
6.3    1.09683e-06    1.09683e-06    0.00323434    0.00323434 
6.2    9.36997e-07    9.36997e-07    0.00323486    0.00323486 
6.1    7.96078e-07    7.96078e-07    0.00323541    0.00323541 
6    6.72466e-07    6.72466e-07    0.00323598    0.00323598 
5.9    5.64616e-07    5.64616e-07    0.00323658    0.00323658 
5.8    4.71047e-07    4.71047e-07    0.00323721    0.00323721 
5.7    3.9035e-07    3.9035e-07    0.00323788    0.00323788 
5.6    3.21191e-07    3.21191e-07    0.00323857    0.00323857 
5.5    2.62314e-07    2.62314e-07    0.00323931    0.00323931 
5.4    2.12541e-07    2.12541e-07    0.00324008    0.00324008 
5.3    1.70777e-07    1.70777e-07    0.0032409    0.0032409 
5.2    1.36009e-07    1.36009e-07    0.00324176    0.00324176 
5.1    1.07306e-07    1.07306e-07    0.00324268    0.00324268 
5    8.38212e-08    8.38212e-08    0.00324365    0.00324365 
4.9    6.47865e-08    6.47865e-08    0.00324468    0.00324468 
4.8    4.95134e-08    4.95134e-08    0.00324578    0.00324578 
4.7    3.73897e-08    3.73897e-08    0.00324694    0.00324694 
4.6    2.78757e-08    2.78757e-08    0.00324819    0.00324819 
4.5    2.05007e-08    2.05007e-08    0.00324951    0.00324951 
4.4    1.48582e-08    1.48582e-08    0.00325093    0.00325093 
4.3    1.06016e-08    1.0604e-08    0.00325245    0.00325245 
4.2    7.43861e-09    7.44307e-09    0.00325408    0.00325408 
4.1    5.12606e-09    5.13243e-09    0.00325582    0.00325582 
4    3.46459e-09    3.47276e-09    0.0032577    0.0032577 
3.9    2.29318e-09    2.30307e-09    0.00325972    0.00325972 
3.8    1.48394e-09    1.49554e-09    0.0032619    0.0032619 
3.7    9.37086e-10    9.50418e-10    0.00326426    0.00326426 
3.6    5.76276e-10    5.91386e-10    0.00326681    0.00326681 
3.5    3.44325e-10    3.61248e-10    0.00326957    0.00326957 
3.4    1.99378e-10    2.1807e-10    0.00327258    0.00327258 
3.3    1.11557e-10    1.31805e-10    0.00327585    0.00327585 
3.2    6.01204e-11    8.14518e-11    0.00327942    0.00327942 
3.1    3.10921e-11    5.27861e-11    0.00328332    0.00328332 
3    1.53665e-11    3.66019e-11    0.0032876    0.0032876 
2.9    7.22323e-12    2.73016e-11    0.0032923    0.0032923 
2.8    3.21192e-12    2.1715e-11    0.00329747    0.00329747 
2.7    1.34266e-12    1.81506e-11    0.00330318    0.00330318 
2.6    5.23846e-13    1.5732e-11    0.00330951    0.00330951 
2.5    1.89169e-13    1.40021e-11    0.00331652    0.00331652 
2.4    6.26129e-14    1.27125e-11    0.00332433    0.00332433 
2.3    1.87787e-14    1.17205e-11    0.00333305    0.00333305 
2.2    5.03459e-15    1.09389e-11    0.00334281    0.00334281 
2.1    1.18724e-15    1.0312e-11    0.00335377    0.00335377 
2    2.41527e-16    9.80206e-12    0.00336611    0.00336611 
1.9    4.14025e-17    9.383e-12    0.00338005    0.00338005 
1.8    5.81076e-18    9.03601e-12    0.00339584    0.00339584 
1.7    6.44374e-19    8.74722e-12    0.00341378    0.00341378 
1.6    5.4003e-20    8.50618e-12    0.00343422    0.00343422 
1.5    3.23275e-21    8.30482e-12    0.00345756    0.00345756 
1.4    1.28549e-22    8.13681e-12    0.00348425    0.00348425 
1.3    3.08772e-24    7.99711e-12    0.00351484    0.00351484 
1.2    3.94631e-26    7.88159e-12    0.0035499    0.0035499 
1.1    2.25706e-28    7.78684e-12    0.0035901    0.0035901 
