21.4286    3.531e-05    3.531e-05    0.000221846    0.000221846    0.00312397    0.00312397 
18.75    1.55524e-05    1.55524e-05    0.00013474    0.00013474    0.00315258    0.00315258 
16.6667    6.71477e-06    6.71477e-06    8.04038e-05    8.04038e-05    0.00317349    0.00317349 
15    2.85288e-06    2.85288e-06    4.72949e-05    4.72949e-05    0.00318861    0.00318861 
13.6364    1.19625e-06    1.19625e-06    2.74916e-05    2.74917e-05    0.0031995    0.0031995 
12.5    4.96154e-07    4.96155e-07    1.58227e-05    1.58227e-05    0.00320737    0.00320737 
11.5385    2.03894e-07    2.03895e-07    9.0302e-06    9.03022e-06    0.003213    0.003213 
10.7143    8.31386e-08    8.3139e-08    5.11683e-06    5.11686e-06    0.00321724    0.00321724 
10    3.36708e-08    3.36712e-08    2.88128e-06    2.88131e-06    0.00322036    0.00322036 
9.375    1.35565e-08    1.35568e-08    1.61362e-06    1.61365e-06    0.00322279    0.00322279 
8.82353    5.42999e-09    5.43022e-09    8.99358e-07    8.99395e-07    0.00322481    0.00322481 
8.33333    2.16494e-09    2.16512e-09    4.99103e-07    4.99145e-07    0.00322643    0.00322643 
7.89474    8.59635e-10    8.59781e-10    2.75921e-07    2.75967e-07    0.00322791    0.00322791 
7.5    3.40083e-10    3.40199e-10    1.52012e-07    1.52064e-07    0.00322929    0.00322929 
7.14286    1.34094e-10    1.34186e-10    8.3485e-08    8.35425e-08    0.00323064    0.00323064 
6.81818    5.27119e-11    5.2785e-11    4.57182e-08    4.57816e-08    0.00323192    0.00323192 
6.52174    2.0664e-11    2.07214e-11    2.49712e-08    2.50406e-08    0.00323328    0.00323328 
6.25    8.07992e-12    8.12499e-12    1.36061e-08    1.3682e-08    0.00323459    0.00323459 
6    3.15204e-12    3.18711e-12    7.39727e-09    7.47957e-09    0.003236    0.003236 
5.76923    1.22697e-12    1.2541e-12    4.0134e-09    4.10212e-09    0.00323743    0.00323743 
5.55556    4.76656e-13    4.97456e-13    2.1733e-09    2.26813e-09    0.0032389    0.0032389 
5.35714    1.84831e-13    2.0057e-13    1.17479e-09    1.27483e-09    0.00324047    0.00324047 
5.17241    7.15438e-14    8.32475e-14    6.33965e-10    7.37673e-10    0.00324197    0.00324197 
5    2.76494e-14    3.61507e-14    3.41597e-10    4.46626e-10    0.00324367    0.00324367 
4.83871    1.06692e-14    1.66853e-14    1.83791e-10    2.87424e-10    0.00324539    0.00324539 
4.6875    4.11108e-15    8.26041e-15    9.87488e-11    1.98416e-10    0.0032471    0.0032471 
4.54545    1.58199e-15    4.38247e-15    5.29892e-11    1.46792e-10    0.00324893    0.00324893 
4.41176    6.07986e-16    2.46905e-15    2.83992e-11    1.1533e-10    0.00325073    0.00325073 
4.28571    2.33386e-16    1.45906e-15    1.52031e-11    9.50456e-11    0.00325265    0.00325265 
4.16667    8.94897e-17    8.93972e-16    8.13009e-12    8.12167e-11    0.00325468    0.00325468 
4.05405    3.42766e-17    5.62736e-16    4.3431e-12    7.13028e-11    0.00325667    0.00325667 
3.94737    1.31157e-17    3.61505e-16    2.31786e-12    6.38867e-11    0.00325877    0.00325877 
3.84615    5.01365e-18    2.3588e-16    1.23583e-12    5.81426e-11    0.0032608    0.0032608 
3.75    1.91493e-18    1.558e-16    6.58379e-13    5.35663e-11    0.00326313    0.00326313 
3.65854    7.30733e-19    1.03917e-16    3.5044e-13    4.98357e-11    0.00326538    0.00326538 
3.57143    2.78604e-19    6.98651e-17    1.86374e-13    4.67366e-11    0.00326754    0.00326754 
3.48837    1.06147e-19    4.72824e-17    9.90511e-14    4.41214e-11    0.00327001    0.00327001 
3.40909    4.04096e-20    3.21771e-17    5.26013e-14    4.1885e-11    0.00327238    0.00327238 
3.33333    1.53718e-20    2.2001e-17    2.79131e-14    3.99507e-11    0.00327462    0.00327462 
3.26087    5.84392e-21    1.51042e-17    1.48035e-14    3.82611e-11    0.00327719    0.00327719 
3.19149    2.2201e-21    1.04059e-17    7.8455e-15    3.67728e-11    0.00327963    0.00327963 
3.125    8.42963e-22    7.19111e-18    4.15576e-15    3.54517e-11    0.00328241    0.00328241 
3.06122    3.19857e-22    4.98296e-18    2.19987e-15    3.42712e-11    0.00328505    0.00328505 
3    1.21289e-22    3.46115e-18    1.16378e-15    3.32099e-11    0.00328751    0.00328751 
2.94118    4.59714e-23    2.40924e-18    6.15389e-16    3.22509e-11    0.00329035    0.00329035 
2.88461    1.74137e-23    1.68024e-18    3.25215e-16    3.13798e-11    0.00329299    0.00329299 
2.83019    6.59287e-24    1.17384e-18    1.71783e-16    3.05853e-11    0.00329572    0.00329572 
2.77778    2.49488e-24    8.21338e-19    9.06951e-17    2.98576e-11    0.00329855    0.00329855 
2.72727    9.43676e-25    5.75503e-19    4.7862e-17    2.91887e-11    0.00330147    0.00330147 
2.67857    3.56782e-25    4.03767e-19    2.5247e-17    2.85717e-11    0.00330449    0.00330449 
2.63158    1.34833e-25    2.83611e-19    1.33121e-17    2.80009e-11    0.0033076    0.0033076 
2.58621    5.09289e-26    1.99426e-19    7.01554e-18    2.74712e-11    0.00331046    0.00331046 
2.54237    1.9229e-26    1.40368e-19    3.69577e-18    2.69784e-11    0.00331339    0.00331339 
2.5    7.25738e-27    9.88897e-20    1.94618e-18    2.65187e-11    0.00331641    0.00331641 
2.45902    2.73804e-27    6.97264e-20    1.02448e-18    2.6089e-11    0.00331952    0.00331952 
2.41935    1.03263e-27    4.92018e-20    5.39096e-19    2.56863e-11    0.00332271    0.00332271 
2.38095    3.8931e-28    3.47438e-20    2.83585e-19    2.53083e-11    0.00332599    0.00332599 
2.34375    1.46705e-28    2.45508e-20    1.49108e-19    2.49528e-11    0.00332893    0.00332893 
2.30769    5.52723e-29    1.73589e-20    7.83851e-20    2.46177e-11    0.00333238    0.00333238 
2.27273    2.08149e-29    1.2281e-20    4.11883e-20    2.43014e-11    0.00333548    0.00333548 
2.2388    7.8373e-30    8.69322e-21    2.16393e-20    2.40024e-11    0.0033391    0.0033391 
2.20588    2.94964e-30    6.15671e-21    1.13638e-20    2.37193e-11    0.00334235    0.00334235 
2.17391    1.1098e-30    4.36238e-21    5.96597e-21    2.34508e-11    0.00334568    0.00334568 
2.14286    4.17444e-31    3.09238e-21    3.13125e-21    2.31959e-11    0.00334907    0.00334907 
2.11267    1.56976e-31    2.19304e-21    1.643e-21    2.29535e-11    0.00335255    0.00335255 
2.08333    5.90045e-32    1.55586e-21    8.61745e-22    2.27228e-11    0.00335559    0.00335559 
2.05479    2.21764e-32    1.10423e-21    4.51934e-22    2.2503e-11    0.0033592    0.0033592 
2.02703    8.33142e-33    7.83968e-22    2.36916e-22    2.22932e-11    0.00336237    0.00336237 
2    3.12975e-33    5.5678e-22    1.24188e-22    2.20928e-11    0.00336613    0.00336613 
1.97368    1.17524e-33    3.95554e-22    6.50716e-23    2.19013e-11    0.00336941    0.00336941 
1.94805    4.41279e-34    2.81098e-22    3.40939e-23    2.1718e-11    0.00337332    0.00337332 
1.92308    1.65626e-34    1.99817e-22    1.78563e-23    2.15424e-11    0.00337674    0.00337674 
1.89873    6.21512e-35    1.42077e-22    9.35004e-24    2.1374e-11    0.00338021    0.00338021 
1.875    2.33171e-35    1.01048e-22    4.89488e-24    2.12125e-11    0.00338375    0.00338375 
1.85185    8.74601e-36    7.18845e-23    2.56201e-24    2.10573e-11    0.00338734    0.00338734 
1.82927    3.27986e-36    5.11498e-23    1.3407e-24    2.09082e-11    0.003391    0.003391 
1.80723    1.22974e-36    3.64039e-23    7.01451e-25    2.07648e-11    0.00339471    0.00339471 
1.78571    4.60986e-37    2.59145e-23    3.66927e-25    2.06268e-11    0.00339848    0.00339848 
1.7647    1.72742e-37    1.84512e-23    1.91866e-25    2.04938e-11    0.00340168    0.00340168 
1.74419    6.47304e-38    1.31398e-23    1.00327e-25    2.03657e-11    0.00340556    0.00340556 
1.72414    2.42516e-38    9.35908e-24    5.24522e-26    2.02421e-11    0.00340951    0.00340951 
1.70454    9.08259e-39    6.66735e-24    2.74124e-26    2.01228e-11    0.00341285    0.00341285 
1.68539    3.40165e-39    4.75057e-24    1.43265e-26    2.00076e-11    0.00341691    0.00341691 
1.66667    1.27353e-39    3.38538e-24    7.48472e-27    1.98962e-11    0.00342034    0.00342034 
1.64835    4.7671e-40    2.41288e-24    3.90965e-27    1.97886e-11    0.00342381    0.00342381 
1.63043    1.7845e-40    1.71999e-24    2.0423e-27    1.96845e-11    0.00342803    0.00342803 
1.6129    6.67763e-41    1.22625e-24    1.06646e-27    1.95838e-11    0.0034316    0.0034316 
1.59574    2.49838e-41    8.74362e-25    5.568e-28    1.94862e-11    0.0034352    0.0034352 
1.57895    9.34606e-42    6.23532e-25    2.90662e-28    1.93917e-11    0.00343885    0.00343885 
1.5625    3.49569e-42    4.44714e-25    1.5171e-28    1.93001e-11    0.00344254    0.00344254 
1.54639    1.30729e-42    3.17216e-25    7.91729e-29    1.92112e-11    0.00344627    0.00344627 
1.53061    4.88821e-43    2.26297e-25    4.13121e-29    1.9125e-11    0.00345005    0.00345005 
1.51515    1.82753e-43    1.61455e-25    2.15535e-29    1.90414e-11    0.00345386    0.00345386 
1.5    6.83158e-44    1.15204e-25    1.12434e-29    1.89601e-11    0.00345772    0.00345772 
1.48515    2.55339e-44    8.22114e-26    5.86435e-30    1.88812e-11    0.00346162    0.00346162 
1.47059    9.54019e-45    5.8673e-26    3.05763e-30    1.88045e-11    0.00346476    0.00346476 
1.45631    3.56483e-45    4.1878e-26    1.59439e-30    1.873e-11    0.00346874    0.00346874 
1.44231    1.33188e-45    2.98932e-26    8.31281e-31    1.86575e-11    0.00347275    0.00347275 
1.42857    4.97432e-46    2.13402e-26    4.33257e-31    1.85869e-11    0.00347598    0.00347598 
1.41509    1.85802e-46    1.52357e-26    2.25836e-31    1.85182e-11    0.00348006    0.00348006 
1.40187    6.93766e-47    1.08783e-26    1.17675e-31    1.84514e-11    0.00348336    0.00348336 
1.38889    2.59075e-47    7.76776e-27    6.13235e-32    1.83863e-11    0.00348751    0.00348751 
1.37615    9.67126e-48    5.54707e-27    3.1946e-32    1.83228e-11    0.00349086    0.00349086 
1.36364    3.61073e-48    3.96154e-27    1.66441e-32    1.8261e-11    0.00349508    0.00349508 
1.35135    1.34757e-48    2.82941e-27    8.6686e-33    1.82007e-11    0.00349848    0.00349848 
1.33928    5.02875e-49    2.02096e-27    4.5143e-33    1.81419e-11    0.00350191    0.00350191 
1.32743    1.87684e-49    1.44361e-27    2.35121e-33    1.80846e-11    0.00350623    0.00350623 
1.31579    7.00229e-50    1.03126e-27    1.22416e-33    1.80286e-11    0.00350971    0.00350971 
1.30435    2.6122e-50    7.36745e-28    6.37293e-34    1.7974e-11    0.00351322    0.00351322 
1.2931    9.74378e-51    5.26371e-28    3.31737e-34    1.79207e-11    0.00351674    0.00351674 
1.28205    3.63507e-51    3.7609e-28    1.72709e-34    1.78686e-11    0.00352118    0.00352118 
1.27119    1.35564e-51    2.68731e-28    8.98842e-35    1.78177e-11    0.00352476    0.00352476 
1.2605    5.05513e-52    1.92029e-28    4.67744e-35    1.7768e-11    0.00352836    0.00352836 
1.25    1.88486e-52    1.37227e-28    2.43383e-35    1.77194e-11    0.00353198    0.00353198 
1.23967    7.02719e-53    9.80703e-29    1.26629e-35    1.76719e-11    0.00353562    0.00353562 
1.22951    2.61965e-53    7.00901e-29    6.58766e-36    1.76254e-11    0.00353928    0.00353928 
1.21951    9.76482e-54    5.00953e-29    3.42681e-36    1.758e-11    0.00354297    0.00354297 
1.20968    3.63953e-54    3.58062e-29    1.78242e-36    1.75355e-11    0.00354667    0.00354667 
1.2    1.35604e-54    2.55942e-29    9.2678e-37    1.7492e-11    0.00354946    0.00354946 
1.19048    5.05329e-55    1.82954e-29    4.81968e-37    1.74494e-11    0.0035532    0.0035532 
1.1811    1.88295e-55    1.30787e-29    2.50623e-37    1.74077e-11    0.00355696    0.00355696 
1.17187    7.01558e-56    9.34983e-30    1.30313e-37    1.73669e-11    0.00356074    0.00356074 
1.16279    2.61368e-56    6.6844e-30    6.77513e-38    1.73269e-11    0.00356454    0.00356454 
1.15385    9.73392e-57    4.77901e-30    3.52123e-38    1.72877e-11    0.0035674    0.0035674 
1.14504    3.62579e-57    3.41689e-30    1.83042e-38    1.72494e-11    0.00357123    0.00357123 
1.13636    1.35046e-57    2.4431e-30    9.51421e-39    1.72118e-11    0.00357507    0.00357507 
1.12782    5.02818e-58    1.7469e-30    4.94359e-39    1.71749e-11    0.00357797    0.00357797 
1.1194    1.87249e-58    1.24914e-30    2.56918e-39    1.71387e-11    0.00358185    0.00358185 
1.11111    6.97262e-59    8.93241e-31    1.3351e-39    1.71033e-11    0.00358574    0.00358574 
1.10294    2.59549e-59    6.38766e-31    6.93554e-40    1.70685e-11    0.00358868    0.00358868 
1.09489    9.66337e-60    4.56804e-31    3.60357e-40    1.70344e-11    0.0035926    0.0035926 
1.08696    3.59654e-60    3.26687e-31    1.87169e-40    1.7001e-11    0.00359555    0.00359555 
1.07914    1.33884e-60    2.33641e-31    9.72347e-41    1.69681e-11    0.0035995    0.0035995 
1.07143    4.9822e-61    1.67101e-31    5.04961e-41    1.69359e-11    0.00360248    0.00360248 
1.06383    1.85439e-61    1.19515e-31    2.6229e-41    1.69043e-11    0.00360645    0.00360645 
1.05634    6.89969e-62    8.54828e-32    1.36193e-41    1.68732e-11    0.00360944    0.00360944 
1.04895    2.56701e-62    6.11431e-32    7.07129e-42    1.68427e-11    0.00361245    0.00361245 
1.04167    9.55246e-63    4.3735e-32    3.67225e-42    1.68128e-11    0.00361646    0.00361646 
1.03448    3.55347e-63    3.1284e-32    1.9064e-42    1.67833e-11    0.00361948    0.00361948 
1.0274    1.32178e-63    2.23784e-32    9.89619e-43    1.67544e-11    0.0036225    0.0036225 
1.02041    4.91766e-64    1.60083e-32    5.13823e-43    1.6726e-11    0.00362655    0.00362655 
1.01351    1.82897e-64    1.14518e-32    2.66691e-43    1.66981e-11    0.00362959    0.00362959 
1.00671    6.80185e-65    8.19243e-33    1.38413e-43    1.66707e-11    0.00363265    0.00363265 
0.999999    2.52941e-65    5.86088e-33    7.18315e-44    1.66437e-11    0.0036357    0.0036357 
0.993377    9.40816e-66    4.19298e-33    3.72862e-44    1.66172e-11    0.00363979    0.00363979 
0.986841    3.49817e-66    2.99981e-33    1.93478e-44    1.65911e-11    0.00364286    0.00364286 
0.980391    1.30062e-66    2.14622e-33    1.0039e-44    1.65655e-11    0.00364594    0.00364594 
0.974025    4.8354e-67    1.53555e-33    5.20857e-45    1.65403e-11    0.00364903    0.00364903 
0.967741    1.79758e-67    1.09867e-33    2.70223e-45    1.65155e-11    0.00365212    0.00365212 
0.961538    6.68216e-68    7.86095e-34    1.40184e-45    1.64911e-11    0.00365522    0.00365522 
0.955413    2.48382e-68    5.62463e-34    7.27196e-46    1.64671e-11    0.00365832    0.00365832 
0.949366    9.23466e-69    4.02459e-34    3.77312e-46    1.64434e-11    0.00366247    0.00366247 
0.943395    3.4322e-69    2.87977e-34    1.95705e-46    1.64202e-11    0.00366559    0.00366559 
0.937499    1.27556e-69    2.06064e-34    1.01503e-46    1.63973e-11    0.00366871    0.00366871 
0.931676    4.74027e-70    1.47454e-34    5.26418e-47    1.63748e-11    0.00367184    0.00367184 
0.925925    1.76149e-70    1.05516e-34    2.72998e-47    1.63526e-11    0.00367497    0.00367497 
0.920245    6.54538e-71    7.55072e-35    1.41567e-47    1.63307e-11    0.00367811    0.00367811 
0.914633    2.43201e-71    5.40338e-35    7.34079e-48    1.63092e-11    0.00368125    0.00368125 
0.90909    9.03333e-72    3.8668e-35    3.80518e-48    1.6288e-11    0.00368335    0.00368335 
0.903614    3.35607e-72    2.76722e-35    1.97292e-48    1.62672e-11    0.0036865    0.0036865 
0.898203    1.24678e-72    1.98036e-35    1.02287e-48    1.62466e-11    0.00368965    0.00368965 
0.892856    4.63157e-73    1.41727e-35    5.30282e-49    1.62264e-11    0.00369281    0.00369281 
0.887573    1.72045e-73    1.0143e-35    2.74899e-49    1.62064e-11    0.00369597    0.00369597 
0.882352    6.3905e-74    7.25921e-36    1.425e-49    1.61867e-11    0.00369914    0.00369914 
0.877192    2.37359e-74    5.19539e-36    7.38647e-50    1.61674e-11    0.00370231    0.00370231 
0.872092    8.81312e-75    3.71838e-36    3.82748e-50    1.61483e-11    0.00370443    0.00370443 
0.867051    3.27308e-75    2.66131e-36    1.98377e-50    1.61294e-11    0.00370761    0.00370761 
0.862068    1.21552e-75    1.90477e-36    1.02813e-50    1.61109e-11    0.00371079    0.00371079 
0.857142    4.51384e-76    1.36332e-36    5.32825e-51    1.60926e-11    0.00371398    0.00371398 
0.852272    1.67614e-76    9.75797e-37    2.76121e-51    1.60745e-11    0.00371717    0.00371717 
0.847457    6.23218e-77    6.98436e-37    1.43279e-51    1.60567e-11    0.00372539    0.00372539 
0.842696    2.31625e-77    4.9992e-37    7.43155e-52    1.60392e-11    0.00373222    0.00373222 
0.837988    8.60806e-78    3.57832e-37    3.85436e-52    1.60219e-11    0.00373903    0.00373903 
0.833333    3.19693e-78    2.56133e-37    1.99771e-52    1.60049e-11    0.0037435    0.0037435 
0.828729    1.1879e-78    1.8334e-37    1.03593e-52    1.59881e-11    0.00375003    0.00375003 
0.824175    4.41341e-79    1.31236e-37    5.37129e-53    1.59715e-11    0.00375629    0.00375629 
0.819671    1.63865e-79    9.39412e-38    2.78319e-53    1.59552e-11    0.00376028    0.00376028 
0.815217    6.08655e-80    6.72456e-38    1.44272e-53    1.59391e-11    0.00376595    0.00376595 
0.81081    2.26043e-80    4.81368e-38    7.47747e-54    1.59232e-11    0.00377123    0.00377123 
0.806451    8.39002e-81    3.44585e-38    3.87329e-54    1.59075e-11    0.00377452    0.00377452 
0.802138    3.11507e-81    2.46672e-38    2.00696e-54    1.5892e-11    0.00377913    0.00377913 
0.797872    1.15599e-81    1.76583e-38    1.03939e-54    1.58767e-11    0.003782    0.003782 
0.79365    4.29098e-82    1.2641e-38    5.38436e-55    1.58616e-11    0.00378604    0.00378604 
0.789473    1.59261e-82    9.04941e-39    2.78895e-55    1.58467e-11    0.00378981    0.00378981 
0.78534    5.90864e-83    6.47833e-39    1.44402e-55    1.5832e-11    0.00379222    0.00379222 
0.781249    2.19267e-83    4.63779e-39    7.47849e-56    1.58175e-11    0.00379573    0.00379573 
0.777201    8.13403e-84    3.32019e-39    3.87168e-56    1.58032e-11    0.00379804    0.00379804 
0.773195    3.01825e-84    2.37695e-39    2.00495e-56    1.5789e-11    0.00380154    0.00380154 
0.76923    1.1196e-84    1.70169e-39    1.03792e-56    1.5775e-11    0.00380393    0.00380393 
0.765305    4.15436e-85    1.21828e-39    5.37478e-57    1.57612e-11    0.00380767    0.00380767 
0.761421    1.541e-85    8.72199e-40    2.78237e-57    1.57476e-11    0.0038103    0.0038103 
0.757575    5.71611e-86    6.24438e-40    1.44034e-57    1.57341e-11    0.00381306    0.00381306 
0.753768    2.12115e-86    4.47062e-40    7.45919e-58    1.57208e-11    0.00381748    0.00381748 
0.749999    7.8683e-87    3.20073e-40    3.8615e-58    1.57076e-11    0.00382065    0.00382065 
0.746268    2.92007e-87    2.29158e-40    1.99997e-58    1.56946e-11    0.00382574    0.00382574 
0.742574    1.08323e-87    1.64068e-40    1.0354e-58    1.56818e-11    0.00382936    0.00382936 
0.738916    4.01844e-88    1.17468e-40    5.36041e-59    1.56691e-11    0.00383318    0.00383318 
0.735294    1.49153e-88    8.4104e-41    2.77669e-59    1.56566e-11    0.00383925    0.00383925 
0.731707    5.5333e-89    6.02168e-41    1.43759e-59    1.56442e-11    0.00384351    0.00384351 
0.728155    2.05398e-89    4.31145e-41    7.44737e-60    1.5632e-11    0.00385021    0.00385021 
0.724637    7.62008e-90    3.08697e-41    3.85587e-60    1.56199e-11    0.00385485    0.00385485 
0.721153    2.82697e-90    2.21026e-41    1.99636e-60    1.5608e-11    0.0038596    0.0038596 
0.717703    1.04943e-90    1.58256e-41    1.03426e-60    1.55962e-11    0.00386692    0.00386692 
0.714285    3.89321e-91    1.13313e-41    5.35472e-61    1.55845e-11    0.00387188    0.00387188 
0.7109    1.44427e-91    8.1134e-42    2.77227e-61    1.5573e-11    0.00387688    0.00387688 
0.707547    5.3577e-92    5.80937e-42    1.43522e-61    1.55616e-11    0.0038819    0.0038819 
0.704225    1.9887e-92    4.15967e-42    7.43477e-62    1.55504e-11    0.00388941    0.00388941 
0.700934    7.3767e-93    2.97846e-42    3.84871e-62    1.55392e-11    0.00389436    0.00389436 
0.697674    2.7361e-93    2.13269e-42    1.99224e-62    1.55282e-11    0.00389926    0.00389926 
0.694444    1.0148e-93    1.5271e-42    1.0312e-62    1.55174e-11    0.00390408    0.00390408 
0.691244    3.7658e-94    1.09348e-42    5.34047e-63    1.55066e-11    0.00391111    0.00391111 
0.688073    1.39651e-94    7.8299e-43    2.76391e-63    1.5496e-11    0.00391566    0.00391566 
0.684931    5.1785e-95    5.60667e-43    1.43034e-63    1.54854e-11    0.00392007    0.00392007 
0.681818    1.92015e-95    4.01473e-43    7.40162e-64    1.5475e-11    0.00392436    0.00392436 
0.678732    7.11929e-96    2.87483e-43    3.82988e-64    1.54648e-11    0.00392851    0.00392851 
0.675675    2.64074e-96    2.05859e-43    1.98259e-64    1.54546e-11    0.00393449    0.00393449 
0.672645    9.7896e-97    1.47411e-43    1.02572e-64    1.54445e-11    0.00393831    0.00393831 
0.669642    3.62891e-97    1.05558e-43    5.30635e-65    1.54346e-11    0.00394201    0.00394201 
0.666666    1.34513e-97    7.5589e-44    2.74499e-65    1.54247e-11    0.00394562    0.00394562 
0.663716    4.98572e-98    5.41286e-44    1.41991e-65    1.5415e-11    0.00394913    0.00394913 
0.660792    1.84787e-98    3.87613e-44    7.3445e-66    1.54053e-11    0.00395256    0.00395256 
0.657894    6.84851e-99    2.7757e-44    3.79878e-66    1.53958e-11    0.00395595    0.00395595 
0.655021    2.53915e-99    1.98769e-44    1.96559e-66    1.53863e-11    0.00396097    0.00396097 
0.652173    9.40986e-100    1.4234e-44    1.01659e-66    1.5377e-11    0.00396432    0.00396432 
0.64935    3.48713e-100    1.01932e-44    5.25761e-67    1.53677e-11    0.00396769    0.00396769 
0.646551    1.29225e-100    7.2995e-45    2.71909e-67    1.53586e-11    0.00397112    0.00397112 
0.643776    4.78874e-101    5.22732e-45    1.40623e-67    1.53495e-11    0.00397461    0.00397461 
0.641025    1.77457e-101    3.74342e-45    7.27253e-68    1.53406e-11    0.0039782    0.0039782 
0.638297    6.57606e-102    2.68077e-45    3.7611e-68    1.53317e-11    0.0039819    0.0039819 
0.635593    2.43692e-102    1.91979e-45    1.94513e-68    1.53229e-11    0.00398574    0.00398574 
0.632911    9.03067e-103    1.37483e-45    1.00597e-68    1.53142e-11    0.00398973    0.00398973 
0.630252    3.34661e-103    9.8457e-46    5.2027e-69    1.53056e-11    0.00399388    0.00399388 
0.627615    1.24022e-103    7.05093e-46    2.69079e-69    1.52971e-11    0.00399821    0.00399821 
0.624999    4.59621e-104    5.04951e-46    1.39168e-69    1.52886e-11    0.00400273    0.00400273 
0.622406    1.70337e-104    3.61621e-46    7.19792e-70    1.52803e-11    0.00400744    0.00400744 
0.619834    6.31291e-105    2.58977e-46    3.72293e-70    1.5272e-11    0.00401234    0.00401234 
0.617283    2.33969e-105    1.85468e-46    1.92562e-70    1.52638e-11    0.00401743    0.00401743 
0.614754    8.67152e-106    1.32825e-46    9.96016e-71    1.52557e-11    0.00402271    0.00402271 
0.612244    3.21396e-106    9.51249e-47    5.15193e-71    1.52477e-11    0.00402817    0.00402817 
0.609756    1.19122e-106    6.81255e-47    2.66489e-71    1.52397e-11    0.0040338    0.0040338 
0.607287    4.41518e-107    4.87896e-47    1.37846e-71    1.52318e-11    0.00403959    0.00403959 
0.604838    1.63647e-107    3.49419e-47    7.13039e-72    1.5224e-11    0.00404551    0.00404551 
0.602409    6.06556e-108    2.50246e-47    3.68836e-72    1.52163e-11    0.00405155    0.00405155 
0.599999    2.24818e-108    1.79222e-47    1.90789e-72    1.52087e-11    0.0040577    0.0040577 
0.597609    8.33277e-109    1.28356e-47    9.86892e-73    1.52011e-11    0.00406392    0.00406392 
0.595238    3.08846e-109    9.19271e-48    5.10482e-73    1.51936e-11    0.00407019    0.00407019 
0.592885    1.14468e-109    6.58374e-48    2.64048e-73    1.51862e-11    0.00407649    0.00407649 
0.590551    4.24247e-110    4.71524e-48    1.36576e-73    1.51788e-11    0.00408279    0.00408279 
0.588235    1.57111e-110    3.37705e-48    7.05863e-74    1.51715e-11    0.00408593    0.00408593 
0.585937    5.82255e-111    2.41864e-48    3.65079e-74    1.51643e-11    0.00409219    0.00409219 
0.583657    2.15776e-111    1.73224e-48    1.88815e-74    1.51572e-11    0.0040984    0.0040984 
0.581395    7.99602e-112    1.24064e-48    9.76485e-75    1.51501e-11    0.00410452    0.00410452 
0.57915    2.96294e-112    8.8856e-49    5.0498e-75    1.51431e-11    0.00411054    0.00411054 
0.576923    1.09787e-112    6.36397e-49    2.61131e-75    1.51361e-11    0.00411644    0.00411644 
0.574712    4.06772e-113    4.55797e-49    1.35027e-75    1.51292e-11    0.0041222    0.0041222 
0.572519    1.50705e-113    3.2645e-49    6.98158e-76    1.51224e-11    0.00412781    0.00412781 
0.570342    5.57943e-114    2.3381e-49    3.60725e-76    1.51156e-11    0.00413056    0.00413056 
0.568181    2.0669e-114    1.67461e-49    1.86494e-76    1.51089e-11    0.00413593    0.00413593 
0.566037    7.65636e-115    1.1994e-49    9.64111e-77    1.51023e-11    0.00414113    0.00414113 
0.563909    2.83594e-115    8.59042e-50    4.9838e-77    1.50957e-11    0.00414616    0.00414616 
0.561797    1.05037e-115    6.15272e-50    2.57612e-77    1.50892e-11    0.00415102    0.00415102 
0.559701    3.88795e-116    4.40679e-50    1.33077e-77    1.50827e-11    0.00415339    0.00415339 
0.55762    1.43987e-116    3.1563e-50    6.87805e-78    1.50763e-11    0.00415801    0.00415801 
0.555555    5.33214e-117    2.26067e-50    3.5547e-78    1.507e-11    0.00416248    0.00416248 
0.553505    1.9745e-117    1.61918e-50    1.83703e-78    1.50637e-11    0.00416682    0.00416682 
0.55147    7.31122e-118    1.15973e-50    9.49315e-79    1.50575e-11    0.00417104    0.00417104 
0.54945    2.70577e-118    8.3065e-51    4.9031e-79    1.50513e-11    0.00417312    0.00417312 
0.547445    1.00182e-118    5.94952e-51    2.53356e-79    1.50451e-11    0.00417721    0.00417721 
0.545454    3.70918e-119    4.26135e-51    1.30911e-79    1.5039e-11    0.00418123    0.00418123 
0.543478    1.37325e-119    3.0522e-51    6.76409e-80    1.5033e-11    0.00418522    0.00418522 
0.541516    5.08168e-120    2.18615e-51    3.49322e-80    1.5027e-11    0.0041872    0.0041872 
0.539568    1.88132e-120    1.56585e-51    1.80485e-80    1.50211e-11    0.00419118    0.00419118 
0.537634    6.96483e-121    1.12155e-51    9.32499e-81    1.50152e-11    0.00419519    0.00419519 
0.535714    2.57844e-121    8.03326e-52    4.81786e-81    1.50094e-11    0.00419925    0.00419925 
0.533807    9.54084e-122    5.75393e-52    2.48796e-81    1.50036e-11    0.00420131    0.00420131 
0.531914    3.53207e-122    4.12135e-52    1.28542e-81    1.49979e-11    0.00420551    0.00420551 
0.530035    1.3076e-122    2.95199e-52    6.64129e-82    1.49922e-11    0.00420982    0.00420982 
0.528169    4.83833e-123    2.11442e-52    3.42952e-82    1.49865e-11    0.00421203    0.00421203 
0.526315    1.79122e-123    1.5145e-52    1.77192e-82    1.49809e-11    0.00421656    0.00421656 
0.524475    6.63146e-124    1.0848e-52    9.15518e-83    1.49754e-11    0.00422127    0.00422127 
0.522648    2.45517e-124    7.77015e-53    4.73042e-83    1.49699e-11    0.00422617    0.00422617 
0.520833    9.08453e-125    5.56559e-53    2.44276e-83    1.49644e-11    0.00422869    0.00422869 
0.519031    3.36349e-125    3.98652e-53    1.2622e-83    1.4959e-11    0.0042339    0.0042339 
0.517241    1.24535e-125    2.85547e-53    6.52214e-84    1.49537e-11    0.00423933    0.00423933 
0.515463    4.60804e-126    2.04533e-53    3.36802e-84    1.49483e-11    0.00424212    0.00424212 
0.513698    1.70623e-126    1.46504e-53    1.74042e-84    1.4943e-11    0.00424789    0.00424789 
0.511945    6.31788e-127    1.04939e-53    8.99394e-85    1.49378e-11    0.00425388    0.00425388 
0.510204    2.33776e-127    7.51668e-54    4.64451e-85    1.49326e-11    0.00425696    0.00425696 
0.508474    8.65671e-128    5.38413e-54    2.40023e-85    1.49274e-11    0.00426328    0.00426328 
0.506756    3.20319e-128    3.85662e-54    1.23949e-85    1.49223e-11    0.00426652    0.00426652 
0.50505    1.18618e-128    2.76248e-54    6.40576e-86    1.49173e-11    0.00427315    0.00427315 
0.503355    4.39268e-129    1.97875e-54    3.31062e-86    1.49122e-11    0.00427998    0.00427998 
0.501672    1.6254e-129    1.41738e-54    1.70963e-86    1.49072e-11    0.00428345    0.00428345 
0.5    6.01933e-130    1.01527e-54    8.83587e-87    1.49023e-11    0.00429053    0.00429053 
0.498338    2.22916e-130    7.27241e-55    4.56671e-87    1.48974e-11    0.00429774    0.00429774 
0.496688    8.24836e-131    5.20926e-55    2.35825e-87    1.48925e-11    0.0043014    0.0043014 
0.495049    3.05465e-131    3.73142e-55    1.21883e-87    1.48877e-11    0.00430878    0.00430878 
0.493421    1.13026e-131    2.67285e-55    6.29394e-88    1.48829e-11    0.0043125    0.0043125 
0.491803    4.1857e-132    1.91458e-55    3.25291e-88    1.48781e-11    0.00431998    0.00431998 
0.490196    1.54873e-132    1.37144e-55    1.67973e-88    1.48734e-11    0.00432374    0.00432374 
0.488599    5.73524e-133    9.82378e-56    8.68114e-89    1.48687e-11    0.00433126    0.00433126 
0.487013    2.12383e-133    7.03692e-56    4.48647e-89    1.4864e-11    0.00433877    0.00433877 
0.485436    7.85781e-134    5.04066e-56    2.31659e-89    1.48594e-11    0.00434251    0.00434251 
0.483871    2.90969e-134    3.61071e-56    1.19717e-89    1.48548e-11    0.00434995    0.00434995 
0.482315    1.07649e-134    2.58642e-56    6.18127e-90    1.48503e-11    0.00435365    0.00435365 
0.480769    3.9859e-135    1.85271e-56    3.19415e-90    1.48458e-11    0.00436095    0.00436095 
0.479233    1.47457e-135    1.32714e-56    1.64914e-90    1.48413e-11    0.00436456    0.00436456 
0.477707    5.45945e-136    9.50659e-57    8.52118e-91    1.48369e-11    0.00437168    0.00437168 
0.47619    2.0196e-136    6.80981e-57    4.39923e-91    1.48325e-11    0.00437518    0.00437518 
0.474683    7.47668e-137    4.87805e-57    2.27291e-91    1.48281e-11    0.00438206    0.00438206 
0.473186    2.76775e-137    3.49429e-57    1.17425e-91    1.48238e-11    0.00438876    0.00438876 
0.471698    1.02377e-137    2.50306e-57    6.06171e-92    1.48195e-11    0.00439204    0.00439204 
0.470219    3.78945e-138    1.79302e-57    3.13135e-92    1.48152e-11    0.00439844    0.00439844 
0.46875    1.40159e-138    1.2844e-57    1.61636e-92    1.48109e-11    0.00440157    0.00440157 
0.467289    5.18742e-139    9.20059e-58    8.34889e-93    1.48067e-11    0.00440766    0.00440766 
0.465838    1.91852e-139    6.59071e-58    4.30929e-93    1.48025e-11    0.00441063    0.00441063 
0.464396    7.09992e-140    4.72117e-58    2.22563e-93    1.47984e-11    0.00441641    0.00441641 
0.462963    2.62568e-140    3.38195e-58    1.14869e-93    1.47943e-11    0.00441923    0.00441923 
0.461538    9.71594e-141    2.42263e-58    5.93208e-94    1.47902e-11    0.00442471    0.00442471 
0.460122    3.59291e-141    1.73543e-58    3.06146e-94    1.47861e-11    0.00442739    0.00442739 
0.458715    1.32938e-141    1.24316e-58    1.58086e-94    1.47821e-11    0.0044326    0.0044326 
0.457317    4.9157e-142    8.90529e-59    8.15814e-95    1.47781e-11    0.00443515    0.00443515 
0.455927    1.81766e-142    6.37926e-59    4.20997e-95    1.47741e-11    0.00443766    0.00443766 
0.454545    6.72462e-143    4.56976e-59    2.17368e-95    1.47701e-11    0.00444258    0.00444258 
0.453172    2.48641e-143    3.27353e-59    1.12166e-95    1.47662e-11    0.00444499    0.00444499 
0.451807    9.19816e-144    2.34499e-59    5.79097e-96    1.47623e-11    0.00444976    0.00444976 
0.45045    3.40085e-144    1.67983e-59    2.98813e-96    1.47585e-11    0.00445211    0.00445211 
0.449101    1.25804e-144    1.20335e-59    1.54265e-96    1.47546e-11    0.00445678    0.00445678 
0.447761    4.65121e-145    8.62022e-60    7.95978e-97    1.47508e-11    0.00445911    0.00445911 
0.446428    1.72052e-145    6.17512e-60    4.10918e-97    1.4747e-11    0.00446377    0.00446377 
0.445103    6.36092e-146    4.42358e-60    2.1202e-97    1.47433e-11    0.0044661    0.0044661 
0.443787    2.35167e-146    3.16885e-60    1.09394e-97    1.47395e-11    0.00446845    0.00446845 
0.442477    8.69882e-147    2.27003e-60    5.6473e-98    1.47358e-11    0.0044732    0.0044732 
0.441176    3.21596e-147    1.62615e-60    2.91375e-98    1.47321e-11    0.00447561    0.00447561 
0.439882    1.18959e-147    1.16491e-60    1.50419e-98    1.47285e-11    0.00448052    0.00448052 
0.438596    4.39792e-148    8.34495e-61    7.76089e-99    1.47248e-11    0.00448302    0.00448302 
0.437317    1.62684e-148    5.978e-61    4.00655e-99    1.47212e-11    0.00448816    0.00448816 
0.436046    6.01444e-149    4.28241e-61    2.0672e-99    1.47176e-11    0.0044908    0.0044908 
0.434782    2.22354e-149    3.06777e-61    1.06658e-99    1.47141e-11    0.00449349    0.00449349 
0.433526    8.22554e-150    2.19764e-61    5.50649e-100    1.47105e-11    0.00449904    0.00449904 
0.432276    3.04102e-150    1.57431e-61    2.84113e-100    1.4707e-11    0.00450191    0.00450191 
0.431034    1.12503e-150    1.12779e-61    1.46689e-100    1.47035e-11    0.00450783    0.00450783 
0.429799    4.15935e-151    8.07909e-62    7.56869e-101    1.47e-11    0.00451089    0.00451089 
0.428571    1.53776e-151    5.78761e-62    3.90522e-101    1.46966e-11    0.00451402    0.00451402 
0.42735    5.68942e-152    4.14607e-62    2.01645e-101    1.46932e-11    0.00452049    0.00452049 
0.426136    2.10349e-152    2.97012e-62    1.04045e-101    1.46898e-11    0.00452384    0.00452384 
0.424929    7.77707e-153    2.12771e-62    5.36857e-102    1.46864e-11    0.00452726    0.00452726 
0.423728    2.87763e-153    1.52424e-62    2.77229e-102    1.4683e-11    0.00453432    0.00453432 
0.422535    1.06395e-153    1.09192e-62    1.43049e-102    1.46797e-11    0.00453797    0.00453797 
0.421348    3.93703e-154    7.82226e-63    7.38749e-103    1.46764e-11    0.00454547    0.00454547 
0.420168    1.45567e-154    5.60368e-63    3.812e-103    1.46731e-11    0.00454934    0.00454934 
0.418994    5.3822e-155    4.01435e-63    1.96703e-103    1.46698e-11    0.00455327    0.00455327 
0.417827    1.9918e-155    2.87579e-63    1.01592e-103    1.46666e-11    0.00456134    0.00456134 
0.416666    7.3646e-156    2.06016e-63    5.24233e-104    1.46633e-11    0.00456547    0.00456547 
0.415512    2.72304e-156    1.47585e-63    2.70514e-104    1.46601e-11    0.00456966    0.00456966 
0.414364    1.00778e-156    1.05727e-63    1.39722e-104    1.46569e-11    0.00457822    0.00457822 
0.413223    3.72629e-157    7.57412e-64    7.21003e-105    1.46538e-11    0.00458258    0.00458258 
0.412088    1.3778e-157    5.42597e-64    3.72055e-105    1.46506e-11    0.00458698    0.00458698 
0.410959    5.09937e-158    3.88707e-64    1.92177e-105    1.46475e-11    0.00459592    0.00459592 
0.409836    1.88549e-158    2.78464e-64    9.91679e-106    1.46444e-11    0.00460044    0.00460044 
0.408719    6.97157e-159    1.99488e-64    5.11728e-106    1.46413e-11    0.004605    0.004605 
0.407608    2.58028e-159    1.4291e-64    2.64324e-106    1.46383e-11    0.00461417    0.00461417 
0.406504    9.54043e-160    1.02379e-64    1.36396e-106    1.46352e-11    0.00461879    0.00461879 
0.405405    3.52748e-160    7.33432e-65    7.03816e-107    1.46322e-11    0.00462341    0.00462341 
0.404312    1.30424e-160    5.25423e-65    3.63172e-107    1.46292e-11    0.00462803    0.00462803 
0.403225    4.82698e-161    3.76408e-65    1.87583e-107    1.46262e-11    0.00463728    0.00463728 
0.402144    1.78466e-161    2.69655e-65    9.6791e-108    1.46233e-11    0.00464188    0.00464188 
0.401069    6.59822e-162    1.93179e-65    4.99424e-108    1.46203e-11    0.00464647    0.00464647 
0.4    2.44183e-162    1.38392e-65    2.57941e-108    1.46174e-11    0.00465556    0.00465556 
0.398936    9.02752e-163    9.91431e-66    1.33087e-108    1.46145e-11    0.00466006    0.00466006 
0.397878    3.33744e-163    7.10256e-66    6.86661e-109    1.46116e-11    0.00466452    0.00466452 
0.396825    1.23381e-163    5.08824e-66    3.54274e-109    1.46087e-11    0.00466893    0.00466893 
0.395778    4.56535e-164    3.64519e-66    1.82948e-109    1.46059e-11    0.00467759    0.00467759 
0.394736    1.68766e-164    2.61141e-66    9.43842e-110    1.4603e-11    0.00468183    0.00468183 
0.3937    6.23854e-165    1.87081e-66    4.86923e-110    1.46002e-11    0.00468601    0.00468601 
0.39267    2.30804e-165    1.34024e-66    2.5141e-110    1.45974e-11    0.00469415    0.00469415 
0.391645    8.53123e-166    9.60149e-67    1.29692e-110    1.45946e-11    0.0046981    0.0046981 
0.390625    3.15332e-166    6.87851e-67    6.69008e-111    1.45919e-11    0.00470197    0.00470197 
0.38961    1.1655e-166    4.92777e-67    3.45094e-111    1.45891e-11    0.00470575    0.00470575 
0.388601    4.31096e-167    3.53026e-67    1.7814e-111    1.45864e-11    0.00471306    0.00471306 
0.387597    1.59324e-167    2.52909e-67    9.18826e-112    1.45837e-11    0.00471657    0.00471657 
0.386598    5.88813e-168    1.81185e-67    4.73905e-112    1.4581e-11    0.00471999    0.00471999 
0.385604    2.176e-168    1.29801e-67    2.44419e-112    1.45783e-11    0.00472331    0.00472331 
0.384615    8.04665e-169    9.29904e-68    1.2614e-112    1.45756e-11    0.00472965    0.00472965 
0.383631    2.97345e-169    6.66188e-68    6.5052e-113    1.4573e-11    0.00473268    0.00473268 
0.382653    1.09873e-169    4.77261e-68    3.35471e-113    1.45703e-11    0.0047356    0.0047356 
0.381679    4.05986e-170    3.41913e-68    1.72996e-113    1.45677e-11    0.00473843    0.00473843 
0.38071    1.50009e-170    2.44949e-68    8.9208e-114    1.45651e-11    0.00474116    0.00474116 
0.379746    5.54551e-171    1.75484e-68    4.60247e-114    1.45625e-11    0.00474633    0.00474633 
0.378788    2.04886e-171    1.25718e-68    2.37314e-114    1.45599e-11    0.00474878    0.00474878 
0.377833    7.56956e-172    9.00657e-69    1.22361e-114    1.45574e-11    0.00475113    0.00475113 
0.376884    2.79651e-172    6.4524e-69    6.30889e-115    1.45548e-11    0.0047534    0.0047534 
0.37594    1.03358e-172    4.62257e-69    3.25419e-115    1.45523e-11    0.00475769    0.00475769 
0.375    3.8182e-173    3.31166e-69    1.67772e-115    1.45498e-11    0.00475972    0.00475972 
0.374064    1.41047e-173    2.37251e-69    8.64945e-116    1.45473e-11    0.00476168    0.00476168 
0.373134    5.21026e-174    1.6997e-69    4.45909e-116    1.45448e-11    0.00476357    0.00476357 
0.372208    1.92462e-174    1.21769e-69    2.29876e-116    1.45423e-11    0.0047654    0.0047654 
0.371287    7.11178e-175    8.72369e-70    1.18547e-116    1.45398e-11    0.0047689    0.0047689 
0.37037    2.62689e-175    6.24978e-70    6.11104e-117    1.45374e-11    0.00477058    0.00477058 
0.369458    9.7028e-176    4.47744e-70    3.15017e-117    1.4535e-11    0.00477222    0.00477222 
0.36855    3.58382e-176    3.20771e-70    1.62385e-117    1.45325e-11    0.00477382    0.00477382 
0.367647    1.3237e-176    2.29806e-70    8.37048e-118    1.45301e-11    0.0047754    0.0047754 
0.366748    4.88906e-177    1.64637e-70    4.31469e-118    1.45277e-11    0.00477696    0.00477696 
0.365853    1.80633e-177    1.17949e-70    2.22476e-118    1.45253e-11    0.00478005    0.00478005 
0.364963    6.67151e-178    8.45007e-71    1.14676e-118    1.4523e-11    0.00478159    0.00478159 
0.364077    2.46404e-178    6.05379e-71    5.91098e-119    1.45206e-11    0.00478314    0.00478314 
0.363196    9.10058e-179    4.33705e-71    3.0468e-119    1.45183e-11    0.0047847    0.0047847 
0.362319    3.36115e-179    3.10715e-71    1.57045e-119    1.45159e-11    0.00478628    0.00478628 
0.361445    1.24181e-179    2.22603e-71    8.09757e-120    1.45136e-11    0.00478953    0.00478953 
0.360577    4.58645e-180    1.59477e-71    4.17387e-120    1.45113e-11    0.00479121    0.00479121 
0.359712    1.69394e-180    1.14253e-71    2.15141e-120    1.4509e-11    0.00479294    0.00479294 
0.358851    6.25633e-181    8.18536e-72    1.10894e-120    1.45067e-11    0.00479473    0.00479473 
0.357995    2.3107e-181    5.86418e-72    5.71602e-121    1.45045e-11    0.00479657    0.00479657 
0.357143    8.53434e-182    4.20124e-72    2.94634e-121    1.45022e-11    0.00479848    0.00479848 
0.356294    3.15209e-182    3.00987e-72    1.51871e-121    1.44999e-11    0.00480046    0.00480046 
0.35545    1.16473e-182    2.15634e-72    7.83181e-122    1.44977e-11    0.00480465    0.00480465 
0.35461    4.30197e-183    1.54486e-72    4.03709e-122    1.44955e-11    0.00480688    0.00480688 
0.353773    1.58897e-183    1.10678e-72    2.08103e-122    1.44933e-11    0.00480919    0.00480919 
0.352941    5.86906e-184    7.92924e-73    1.07274e-122    1.44911e-11    0.0048116    0.0048116 
0.352112    2.16784e-184    5.68072e-73    5.52988e-123    1.44889e-11    0.00481411    0.00481411 
0.351288    8.00737e-185    4.06983e-73    2.85064e-123    1.44867e-11    0.00481672    0.00481672 
0.350467    2.95774e-185    2.91574e-73    1.46951e-123    1.44845e-11    0.00481944    0.00481944 
0.34965    1.0932e-185    2.08892e-73    7.58013e-124    1.44824e-11    0.0048252    0.0048252 
0.348837    4.03823e-186    1.49656e-73    3.90779e-124    1.44802e-11    0.00482825    0.00482825 
0.348028    1.49173e-186    1.07218e-73    2.01462e-124    1.44781e-11    0.00483142    0.00483142 
0.347222    5.51055e-187    7.68142e-74    1.03863e-124    1.4476e-11    0.0048347    0.0048347 
0.34642    2.03567e-187    5.50321e-74    5.3547e-125    1.44739e-11    0.00483809    0.00483809 
0.345622    7.52013e-188    3.94267e-74    2.76068e-125    1.44718e-11    0.00484161    0.00484161 
0.344827    2.77812e-188    2.82465e-74    1.42333e-125    1.44697e-11    0.00484523    0.00484523 
0.344036    1.02632e-188    2.02367e-74    7.33837e-126    1.44676e-11    0.00484898    0.00484898 
0.343249    3.79159e-189    1.44983e-74    3.78357e-126    1.44656e-11    0.00485284    0.00485284 
0.342465    1.40195e-189    1.0387e-74    1.95242e-126    1.44635e-11    0.00486089    0.00486089 
0.341685    5.17955e-190    7.44162e-75    1.00669e-126    1.44615e-11    0.00486508    0.00486508 
0.340909    1.91363e-190    5.33143e-75    5.19071e-127    1.44594e-11    0.00486937    0.00486937 
0.340136    7.07018e-191    3.81962e-75    2.67647e-127    1.44574e-11    0.00487377    0.00487377 
0.339366    2.61221e-191    2.73651e-75    1.38007e-127    1.44554e-11    0.00487827    0.00487827 
0.3386    9.65137e-192    1.96054e-75    7.11617e-128    1.44534e-11    0.00488286    0.00488286 
0.337838    3.56595e-192    1.4046e-75    3.6694e-128    1.44514e-11    0.00488754    0.00488754 
0.337078    1.31754e-192    1.00631e-75    1.89212e-128    1.44494e-11    0.00489231    0.00489231 
0.336323    4.86809e-193    7.20955e-76    9.75673e-129    1.44475e-11    0.00489716    0.00489716 
0.33557    1.79868e-193    5.16519e-76    5.03111e-129    1.44455e-11    0.00490208    0.00490208 
0.334821    6.6459e-194    3.70054e-76    2.59433e-129    1.44435e-11    0.00490708    0.00490708 
0.334075    2.45814e-194    2.65121e-76    1.33919e-129    1.44416e-11    0.00491725    0.00491725 
0.333333    9.08265e-195    1.89943e-76    6.90574e-130    1.44397e-11    0.00492241    0.00492241 
0.332594    3.35598e-195    1.36083e-76    3.56106e-130    1.44378e-11    0.00492762    0.00492762 
0.331858    1.24001e-195    9.74952e-77    1.83632e-130    1.44359e-11    0.00493286    0.00493286 
0.331126    4.58173e-196    6.98495e-77    9.46927e-131    1.4434e-11    0.00493814    0.00493814 
0.330396    1.69291e-196    5.00431e-77    4.88296e-131    1.44321e-11    0.00494343    0.00494343 
0.32967    6.2551e-197    3.58529e-77    2.51795e-131    1.44302e-11    0.00494875    0.00494875 
0.328947    2.31117e-197    2.56865e-77    1.2984e-131    1.44283e-11    0.00495407    0.00495407 
0.328227    8.53938e-198    1.84029e-77    6.69522e-132    1.44265e-11    0.00495939    0.00495939 
0.327511    3.15512e-198    1.31846e-77    3.45238e-132    1.44246e-11    0.0049647    0.0049647 
0.326797    1.16574e-198    9.44605e-78    1.78019e-132    1.44228e-11    0.00497    0.00497 
0.326087    4.30706e-199    6.76756e-78    9.17929e-133    1.4421e-11    0.00497527    0.00497527 
0.325379    1.59131e-199    4.84858e-78    4.7331e-133    1.44191e-11    0.00498052    0.00498052 
0.324675    5.87925e-200    3.47374e-78    2.44048e-133    1.44173e-11    0.00498573    0.00498573 
0.323974    2.17211e-200    2.48874e-78    1.25834e-133    1.44155e-11    0.00499089    0.00499089 
0.323276    8.02478e-201    1.78305e-78    6.48804e-134    1.44137e-11    0.00499601    0.00499601 
0.32258    2.96467e-201    1.27746e-78    3.34518e-134    1.44119e-11    0.00500107    0.00500107 
0.321888    1.09524e-201    9.15231e-79    1.72471e-134    1.44102e-11    0.00500606    0.00500606 
0.321199    4.04609e-202    6.55714e-79    8.89211e-135    1.44084e-11    0.00501099    0.00501099 
0.320513    1.49611e-202    4.69785e-79    4.58876e-135    1.44067e-11    0.00502061    0.00502061 
0.319829    5.52662e-203    3.36576e-79    2.36568e-135    1.44049e-11    0.00502529    0.00502529 
0.319149    2.04148e-203    2.41139e-79    1.21956e-135    1.44032e-11    0.00502988    0.00502988 
0.318471    7.54083e-204    1.72764e-79    6.28697e-136    1.44014e-11    0.00503437    0.00503437 
0.317796    2.78536e-204    1.23776e-79    3.24091e-136    1.43997e-11    0.00503877    0.00503877 
0.317124    1.0288e-204    8.86796e-80    1.67063e-136    1.4398e-11    0.00504306    0.00504306 
0.316455    3.79987e-205    6.35344e-80    8.61153e-137    1.43963e-11    0.00504725    0.00504725 
0.315789    1.40344e-205    4.55193e-80    4.43883e-137    1.43946e-11    0.00505133    0.00505133 
0.315126    5.1833e-206    3.26123e-80    2.28794e-137    1.43929e-11    0.00505529    0.00505529 
0.314465    1.91428e-206    2.33651e-80    1.17925e-137    1.43912e-11    0.00505915    0.00505915 
0.313807    7.06957e-207    1.674e-80    6.07795e-138    1.43896e-11    0.00506289    0.00506289 
0.313152    2.61076e-207    1.19934e-80    3.13253e-138    1.43879e-11    0.00506652    0.00506652 
0.3125    9.64115e-208    8.59267e-81    1.61443e-138    1.43862e-11    0.00507004    0.00507004 
0.31185    3.56022e-208    6.15624e-81    8.32015e-139    1.43846e-11    0.00507344    0.00507344 
0.311203    1.31466e-208    4.41065e-81    4.28776e-139    1.4383e-11    0.00507673    0.00507673 
0.310559    4.85442e-209    3.16003e-81    2.20962e-139    1.43813e-11    0.00507991    0.00507991 
0.309917    1.79246e-209    2.26401e-81    1.13865e-139    1.43797e-11    0.00508298    0.00508298 
0.309278    6.61832e-210    1.62206e-81    5.86752e-140    1.43781e-11    0.00508594    0.00508594 
0.308642    2.44363e-210    1.16213e-81    3.02347e-140    1.43765e-11    0.0050888    0.0050888 
0.308008    9.02219e-211    8.32614e-82    1.55792e-140    1.43749e-11    0.00509157    0.00509157 
0.307377    3.33102e-211    5.9653e-82    8.02738e-141    1.43733e-11    0.00509423    0.00509423 
0.306748    1.22979e-211    4.27387e-82    4.13611e-141    1.43717e-11    0.00509681    0.00509681 
0.306122    4.54022e-212    3.06204e-82    2.13108e-141    1.43701e-11    0.0050993    0.0050993 
0.305499    1.67615e-212    2.19382e-82    1.09799e-141    1.43685e-11    0.00510171    0.00510171 
0.304878    6.18782e-213    1.57177e-82    5.65702e-142    1.4367e-11    0.00510405    0.00510405 
0.304259    2.28431e-213    1.12611e-82    2.91453e-142    1.43654e-11    0.00510631    0.00510631 
0.303643    8.43265e-214    8.06807e-83    1.50155e-142    1.43638e-11    0.00510852    0.00510852 
0.30303    3.11291e-214    5.78043e-83    7.73581e-143    1.43623e-11    0.00511066    0.00511066 
0.302419    1.14911e-214    4.14143e-83    3.98532e-143    1.43608e-11    0.00511276    0.00511276 
0.301811    4.24179e-215    2.96716e-83    2.05313e-143    1.43592e-11    0.00511482    0.00511482 
0.301205    1.56517e-215    2.12585e-83    1.05728e-143    1.43577e-11    0.00511482    0.00511482 
0.300601    5.77751e-216    1.52308e-83    5.4467e-144    1.43562e-11    0.00511684    0.00511684 
0.3    2.12466e-216    1.09241e-83    2.79019e-144    1.43547e-11    0.00511884    0.00511884 
0.299401    7.84266e-217    7.83279e-84    1.43738e-144    1.43532e-11    0.00512081    0.00512081 
0.298805    2.8949e-217    5.61185e-84    7.40471e-145    1.43517e-11    0.00512278    0.00512278 
0.29821    1.06857e-217    4.02065e-84    3.81452e-145    1.43502e-11    0.00512473    0.00512473 
0.297619    3.94427e-218    2.88063e-84    1.96504e-145    1.43487e-11    0.0051267    0.0051267 
0.297029    1.4559e-218    2.06385e-84    1.01228e-145    1.43472e-11    0.00512867    0.00512867 
0.296442    5.37394e-219    1.47866e-84    5.21466e-146    1.43457e-11    0.00513066    0.00513066 
0.295858    1.9836e-219    1.0594e-84    2.68629e-146    1.43443e-11    0.00513268    0.00513268 
0.295275    7.32179e-220    7.59015e-85    1.38382e-146    1.43428e-11    0.00513473    0.00513473 
0.294695    2.70259e-220    5.43803e-85    7.12868e-147    1.43414e-11    0.00513683    0.00513683 
0.294117    9.97574e-221    3.89613e-85    3.67231e-147    1.43399e-11    0.00513897    0.00513897 
0.293542    3.68224e-221    2.79142e-85    1.89178e-147    1.43385e-11    0.00514117    0.00514117 
0.292968    1.35919e-221    1.99994e-85    9.74553e-148    1.4337e-11    0.00514343    0.00514343 
0.292397    5.01712e-222    1.43288e-85    5.02045e-148    1.43356e-11    0.00514576    0.00514576 
0.291829    1.85196e-222    1.0266e-85    2.58633e-148    1.43342e-11    0.00514816    0.00514816 
0.291262    6.83615e-223    7.35518e-86    1.33239e-148    1.43328e-11    0.00515064    0.00515064 
0.290697    2.52346e-223    5.2697e-86    6.86405e-149    1.43314e-11    0.00515321    0.00515321 
0.290135    9.31509e-224    3.77554e-86    3.53619e-149    1.433e-11    0.00515587    0.00515587 
0.289575    3.43677e-224    2.70503e-86    1.82081e-149    1.43286e-11    0.00515587    0.00515587 
0.289017    1.26866e-224    1.93805e-86    9.38043e-150    1.43272e-11    0.00515862    0.00515862 
0.288461    4.68321e-225    1.38854e-86    4.83267e-150    1.43258e-11    0.00516148    0.00516148 
0.287908    1.72882e-225    9.94836e-87    2.48976e-150    1.43244e-11    0.00516443    0.00516443 
0.287356    6.38205e-226    7.12763e-87    1.28272e-150    1.4323e-11    0.00516749    0.00516749 
0.286807    2.35602e-226    5.10668e-87    6.60871e-151    1.43217e-11    0.00517066    0.00517066 
0.286259    8.69767e-227    3.65875e-87    3.40492e-151    1.43203e-11    0.00517394    0.00517394 
0.285714    3.21096e-227    2.62136e-87    1.7543e-151    1.43189e-11    0.00517733    0.00517733 
0.285171    1.18542e-227    1.87811e-87    9.03871e-152    1.43176e-11    0.00518083    0.00518083 
0.28463    4.37642e-228    1.3456e-87    4.65711e-152    1.43162e-11    0.00518445    0.00518445 
0.284091    1.61574e-228    9.64074e-88    2.39957e-152    1.43149e-11    0.00518818    0.00518818 
0.283554    5.96527e-229    6.90725e-88    1.2364e-152    1.43136e-11    0.00519202    0.00519202 
0.283019    2.2024e-229    4.94881e-88    6.37073e-153    1.43122e-11    0.00519598    0.00519598 
0.282486    8.12511e-230    3.54565e-88    3.2801e-153    1.43109e-11    0.00519598    0.00519598 
0.281955    2.99985e-230    2.54034e-88    1.69014e-153    1.43096e-11    0.00520004    0.00520004 
0.281426    1.10758e-230    1.82006e-88    8.70892e-154    1.43083e-11    0.00520421    0.00520421 
0.280899    4.0894e-231    1.30401e-88    4.48758e-154    1.4307e-11    0.00520849    0.00520849 
0.280374    1.5099e-231    9.34282e-89    2.31242e-154    1.43057e-11    0.00521286    0.00521286 
0.27985    5.57496e-232    6.69382e-89    1.19159e-154    1.43044e-11    0.00521734    0.00521734 
0.279329    2.05846e-232    4.7959e-89    6.1403e-155    1.43031e-11    0.00522191    0.00522191 
0.27881    7.60056e-233    3.43611e-89    3.16416e-155    1.43018e-11    0.00522656    0.00522656 
0.278293    2.80643e-233    2.46186e-89    1.63054e-155    1.43005e-11    0.0052313    0.0052313 
0.277778    1.03625e-233    1.76384e-89    8.4025e-156    1.42993e-11    0.00523611    0.00523611 
0.277264    3.82275e-234    1.26374e-89    4.32597e-156    1.4298e-11    0.00523611    0.00523611 
0.276753    1.41153e-234    9.05428e-90    2.22926e-156    1.42967e-11    0.00524099    0.00524099 
0.276243    5.212e-235    6.48711e-90    1.14879e-156    1.42955e-11    0.00524594    0.00524594 
0.275735    1.92452e-235    4.64781e-90    5.92004e-157    1.42942e-11    0.00525094    0.00525094 
0.275229    7.10625e-236    3.33001e-90    3.05076e-157    1.4293e-11    0.00525598    0.00525598 
0.274725    2.62398e-236    2.38585e-90    1.57215e-157    1.42918e-11    0.00526107    0.00526107 
0.274223    9.68901e-237    1.70939e-90    8.10172e-158    1.42905e-11    0.00526619    0.00526619 
0.273722    3.57765e-237    1.22473e-90    4.17504e-158    1.42893e-11    0.00527133    0.00527133 
0.273224    1.32104e-237    8.7748e-91    2.15151e-158    1.42881e-11    0.00527649    0.00527649 
0.272727    4.87311e-238    6.28689e-91    1.10764e-158    1.42868e-11    0.00527649    0.00527649 
0.272232    1.79936e-238    4.50437e-91    5.7079e-159    1.42856e-11    0.00528165    0.00528165 
0.271739    6.64399e-239    3.22725e-91    2.94138e-159    1.42844e-11    0.0052868    0.0052868 
0.271247    2.45321e-239    2.31223e-91    1.51573e-159    1.42832e-11    0.00529194    0.00529194 
0.270758    9.05809e-240    1.65665e-91    7.81069e-160    1.4282e-11    0.00529706    0.00529706 
0.27027    3.34452e-240    1.18694e-91    4.02486e-160    1.42808e-11    0.00530214    0.00530214 
0.269784    1.23488e-240    8.5041e-92    2.07399e-160    1.42796e-11    0.00530718    0.00530718 
0.2693    4.5594e-241    6.09295e-92    1.0687e-160    1.42785e-11    0.00531217    0.00531217 
0.268817    1.68183e-241    4.36543e-92    5.50166e-161    1.42773e-11    0.00531217    0.00531217 
0.268336    6.20948e-242    3.12771e-92    2.83487e-161    1.42761e-11    0.0053171    0.0053171 
0.267857    2.29256e-242    2.24092e-92    1.46071e-161    1.42749e-11    0.00532195    0.00532195 
0.267379    8.46405e-243    1.60556e-92    7.52637e-162    1.42738e-11    0.00532673    0.00532673 
0.266904    3.12482e-243    1.15034e-92    3.87791e-162    1.42726e-11    0.00533142    0.00533142 
0.26643    1.15362e-243    8.24189e-93    1.99802e-162    1.42715e-11    0.00533601    0.00533601 
0.265957    4.25881e-244    5.9051e-93    1.02941e-162    1.42703e-11    0.00534049    0.00534049 
0.265486    1.5709e-244    4.23085e-93    5.29925e-163    1.42692e-11    0.00534049    0.00534049 
0.265017    5.79909e-245    3.0313e-93    2.73018e-163    1.4268e-11    0.00534486    0.00534486 
0.26455    2.14072e-245    2.17185e-93    1.40656e-163    1.42669e-11    0.00534912    0.00534912 
0.264084    7.9022e-246    1.55607e-93    7.24619e-164    1.42658e-11    0.00535324    0.00535324 
0.26362    2.91691e-246    1.11489e-93    3.73293e-164    1.42646e-11    0.00535723    0.00535723 
0.263158    1.07667e-246    7.98789e-94    1.92298e-164    1.42635e-11    0.00536108    0.00536108 
0.262697    3.97128e-247    5.72313e-94    9.89892e-165    1.42624e-11    0.00536108    0.00536108 
0.262238    1.4658e-247    4.10048e-94    5.09915e-165    1.42613e-11    0.00536479    0.00536479 
0.26178    5.41012e-248    2.9379e-94    2.6266e-165    1.42602e-11    0.00536835    0.00536835 
0.261324    1.99675e-248    2.10493e-94    1.35293e-165    1.42591e-11    0.00537176    0.00537176 
0.260869    7.36929e-249    1.50813e-94    6.96855e-166    1.4258e-11    0.00537501    0.00537501 
0.260416    2.71965e-249    1.08054e-94    3.58917e-166    1.42569e-11    0.00537811    0.00537811 
0.259965    1.00366e-249    7.74184e-95    1.84855e-166    1.42558e-11    0.00538104    0.00538104 
0.259515    3.70184e-250    5.54685e-95    9.51545e-167    1.42547e-11    0.00538104    0.00538104 
0.259067    1.36607e-250    3.97419e-95    4.90061e-167    1.42536e-11    0.00538382    0.00538382 
0.25862    5.04096e-251    2.84742e-95    2.5238e-167    1.42525e-11    0.00538644    0.00538644 
0.258175    1.86011e-251    2.04011e-95    1.29971e-167    1.42514e-11    0.0053889    0.0053889 
0.257732    6.86357e-252    1.46169e-95    6.69302e-168    1.42504e-11    0.00539121    0.00539121 
0.25729    2.53249e-252    1.04727e-95    3.44654e-168    1.42493e-11    0.00539336    0.00539336 
0.256849    9.34047e-253    7.50347e-96    1.77407e-168    1.42482e-11    0.00539336    0.00539336 
0.25641    3.44627e-253    5.37608e-96    9.13516e-169    1.42472e-11    0.00539536    0.00539536 
0.255972    1.2715e-253    3.85184e-96    4.70379e-169    1.42461e-11    0.00539722    0.00539722 
0.255536    4.69106e-254    2.75976e-96    2.42196e-169    1.42451e-11    0.00539894    0.00539894 
0.255102    1.73066e-254    1.97731e-96    1.24702e-169    1.4244e-11    0.00540053    0.00540053 
0.254669    6.383e-255    1.4167e-96    6.41876e-170    1.4243e-11    0.00540053    0.00540053 
0.254237    2.35479e-255    1.01504e-96    3.30479e-170    1.42419e-11    0.00540199    0.00540199 
0.253807    8.68698e-256    7.27254e-97    1.70147e-170    1.42409e-11    0.00540333    0.00540333 
0.253378    3.2046e-256    5.21063e-97    8.75983e-171    1.42399e-11    0.00540457    0.00540457 
0.252951    1.18214e-256    3.73331e-97    4.5098e-171    1.42388e-11    0.00540571    0.00540571 
0.252525    4.36071e-257    2.67484e-97    2.32172e-171    1.42378e-11    0.00540676    0.00540676 
0.252101    1.60827e-257    1.91647e-97    1.19502e-171    1.42368e-11    0.00540676    0.00540676 
0.251678    5.93247e-258    1.37311e-97    6.15201e-172    1.42358e-11    0.00540773    0.00540773 
0.251256    2.1883e-258    9.8381e-98    3.16703e-172    1.42348e-11    0.00540865    0.00540865 
0.250836    8.0718e-259    7.04881e-98    1.63035e-172    1.42338e-11    0.0054095    0.0054095 
0.250417    2.97735e-259    5.05034e-98    8.39278e-173    1.42328e-11    0.00541033    0.00541033 
0.25    1.09805e-259    3.61847e-98    4.31979e-173    1.42317e-11    0.00541033    0.00541033 
0.249584    4.05019e-260    2.59257e-98    2.22373e-173    1.42307e-11    0.00541112    0.00541112 
0.249169    1.49392e-260    1.85753e-98    1.14472e-173    1.42298e-11    0.00541191    0.00541191 
0.248756    5.51032e-261    1.33088e-98    5.89268e-174    1.42288e-11    0.00541271    0.00541271 
0.248344    2.03248e-261    9.53554e-99    3.03339e-174    1.42278e-11    0.00541352    0.00541352 
0.247934    7.49566e-262    6.83204e-99    1.56126e-174    1.42268e-11    0.00541352    0.00541352 
0.247525    2.76477e-262    4.89504e-99    8.03694e-175    1.42258e-11    0.00541438    0.00541438 
0.247117    1.01979e-262    3.50721e-99    4.13721e-175    1.42248e-11    0.00541529    0.00541529 
0.24671    3.76156e-263    2.51285e-99    2.12975e-175    1.42238e-11    0.00541627    0.00541627 
0.246305    1.38749e-263    1.80042e-99    1.09637e-175    1.42229e-11    0.00541734    0.00541734 
0.245901    5.11686e-264    1.28997e-99    5.64279e-176    1.42219e-11    0.00541734    0.00541734 
0.245499    1.88743e-264    9.24239e-100    2.90486e-176    1.42209e-11    0.00541852    0.00541852 
0.245098    6.96217e-265    6.62202e-100    1.49543e-176    1.422e-11    0.00541983    0.00541983 
0.244698    2.5682e-265    4.74457e-100    7.69866e-177    1.4219e-11    0.00542127    0.00542127 
0.244299    9.47382e-266    3.3994e-100    3.96347e-177    1.42181e-11    0.00542288    0.00542288 
0.243902    3.49374e-266    2.43562e-100    2.03989e-177    1.42171e-11    0.00542288    0.00542288 
0.243506    1.28883e-266    1.74508e-100    1.05021e-177    1.42162e-11    0.00542467    0.00542467 
0.243112    4.75464e-267    1.25032e-100    5.40709e-178    1.42152e-11    0.00542665    0.00542665 
0.242718    1.7541e-267    8.95836e-101    2.78397e-178    1.42143e-11    0.00542885    0.00542885 
0.242326    6.46862e-268    6.41853e-101    1.43281e-178    1.42133e-11    0.00542885    0.00542885 
0.241935    2.38651e-268    4.59877e-101    7.37741e-179    1.42124e-11    0.00543129    0.00543129 
0.241546    8.80507e-269    3.29495e-101    3.79873e-179    1.42115e-11    0.00543397    0.00543397 
0.241157    3.2488e-269    2.36078e-101    1.95611e-179    1.42105e-11    0.00543693    0.00543693 
0.24077    1.19876e-269    1.69147e-101    1.00732e-179    1.42096e-11    0.00544017    0.00544017 
0.240384    4.42062e-270    1.21191e-101    5.18422e-180    1.42087e-11    0.00544017    0.00544017 
0.24    1.63123e-270    8.68316e-102    2.66981e-180    1.42078e-11    0.00544372    0.00544372 
0.239616    6.01963e-271    6.22135e-102    1.37499e-180    1.42069e-11    0.00544759    0.00544759 
0.239234    2.22152e-271    4.45751e-102    7.08183e-181    1.42059e-11    0.00545181    0.00545181 
0.238853    8.19207e-272    3.19374e-102    3.64463e-181    1.4205e-11    0.00545181    0.00545181 
0.238474    3.02342e-272    2.28827e-102    1.87726e-181    1.42041e-11    0.00545637    0.00545637 
0.238095    1.11592e-272    1.63952e-102    9.6699e-182    1.42032e-11    0.00546131    0.00546131 
0.237718    4.11901e-273    1.17469e-102    4.98137e-182    1.42023e-11    0.00546664    0.00546664 
0.237342    1.5189e-273    8.4165e-103    2.5636e-182    1.42014e-11    0.00546664    0.00546664 
0.236967    5.60686e-274    6.03031e-103    1.3207e-182    1.42005e-11    0.00547237    0.00547237 
0.236593    2.06986e-274    4.32063e-103    6.80442e-183    1.41997e-11    0.00547852    0.00547852 
0.23622    7.64177e-275    3.09568e-103    3.50598e-183    1.41988e-11    0.0054851    0.0054851 
0.235849    2.8215e-275    2.21801e-103    1.80659e-183    1.41979e-11    0.00549212    0.00549212 
0.235479    1.04042e-275    1.58918e-103    9.29724e-184    1.4197e-11    0.00549212    0.00549212 
0.235109    3.84173e-276    1.13863e-103    4.79112e-184    1.41961e-11    0.00549961    0.00549961 
0.234742    1.41867e-276    8.15811e-104    2.4692e-184    1.41953e-11    0.00550756    0.00550756 
0.234375    5.23925e-277    5.84519e-104    1.27265e-184    1.41944e-11    0.005516    0.005516 
0.234009    1.93193e-277    4.18801e-104    6.54932e-185    1.41935e-11    0.005516    0.005516 
0.233645    7.13534e-278    3.00066e-104    3.37586e-185    1.41927e-11    0.00552494    0.00552494 
0.233281    2.63557e-278    2.14994e-104    1.74024e-185    1.41918e-11    0.00553438    0.00553438 
0.232919    9.73584e-279    1.5404e-104    8.97167e-186    1.41909e-11    0.00554433    0.00554433 
0.232558    3.58996e-279    1.10368e-104    4.61694e-186    1.41901e-11    0.00554433    0.00554433 
0.232198    1.32624e-279    7.90775e-105    2.38042e-186    1.41892e-11    0.00555481    0.00555481 
0.231839    4.9e-280    5.66582e-105    1.22741e-186    1.41884e-11    0.00556583    0.00556583 
0.231481    1.81054e-280    4.05949e-105    6.32948e-187    1.41876e-11    0.00557738    0.00557738 
0.231125    6.67602e-281    2.90858e-105    3.25718e-187    1.41867e-11    0.00557738    0.00557738 
0.230769    2.46699e-281    2.08397e-105    1.6798e-187    1.41859e-11    0.00558947    0.00558947 
0.230415    9.11706e-282    1.49314e-105    8.66383e-188    1.4185e-11    0.00560212    0.00560212 
0.230061    3.36963e-282    1.06982e-105    4.46892e-188    1.41842e-11    0.00561533    0.00561533 
0.229709    1.24247e-282    7.66516e-106    2.2997e-188    1.41834e-11    0.00561533    0.00561533 
0.229358    4.59253e-283    5.49201e-106    1.18632e-188    1.41826e-11    0.0056291    0.0056291 
0.229007    1.69768e-283    3.93497e-106    6.12028e-189    1.41818e-11    0.00564344    0.00564344 
0.228658    6.25973e-284    2.81937e-106    3.14945e-189    1.41809e-11    0.00564344    0.00564344 
0.22831    2.31419e-284    2.02005e-106    1.62496e-189    1.41801e-11    0.00565834    0.00565834 
0.227963    8.55618e-285    1.44735e-106    8.38474e-190    1.41793e-11    0.00567381    0.00567381 
0.227617    3.16374e-285    1.03701e-106    4.32688e-190    1.41785e-11    0.00568985    0.00568985 
0.227273    1.16652e-285    7.43009e-107    2.22655e-190    1.41777e-11    0.00568985    0.00568985 
0.226929    4.31371e-286    5.32359e-107    1.14909e-190    1.41769e-11    0.00570646    0.00570646 
0.226586    1.59531e-286    3.81431e-107    5.93083e-191    1.41761e-11    0.00572364    0.00572364 
0.226244    5.90036e-287    2.73292e-107    3.06135e-191    1.41753e-11    0.00574139    0.00574139 
0.225903    2.17553e-287    1.95811e-107    1.57531e-191    1.41745e-11    0.00574139    0.00574139 
0.225564    8.04699e-288    1.40297e-107    8.13201e-192    1.41737e-11    0.00575969    0.00575969 
0.225225    2.97672e-288    1.00522e-107    4.19824e-192    1.4173e-11    0.00577856    0.00577856 
0.224887    1.09754e-288    7.20231e-108    2.1603e-192    1.41722e-11    0.00577856    0.00577856 
0.224551    4.0603e-289    5.1604e-108    1.11537e-192    1.41714e-11    0.00579797    0.00579797 
0.224215    1.50221e-289    3.69739e-108    5.7591e-193    1.41706e-11    0.00581794    0.00581794 
0.22388    5.55823e-290    2.64915e-108    2.97389e-193    1.41699e-11    0.00583844    0.00583844 
0.223547    2.04934e-290    1.8981e-108    1.53027e-193    1.41691e-11    0.00583844    0.00583844 
0.223214    7.58316e-291    1.35997e-108    7.90259e-194    1.41683e-11    0.00585948    0.00585948 
0.222882    2.8062e-291    9.74411e-109    4.08134e-194    1.41676e-11    0.00588103    0.00588103 
0.222552    1.03853e-291    6.98159e-109    2.10798e-194    1.41668e-11    0.0059031    0.0059031 
0.222222    3.82903e-292    5.00226e-109    1.08468e-194    1.41661e-11    0.0059031    0.0059031 
0.221893    1.41715e-292    3.58409e-109    5.60266e-195    1.41653e-11    0.00592567    0.00592567 
0.221566    5.24529e-293    2.56798e-109    2.8941e-195    1.41646e-11    0.00594872    0.00594872 
0.221239    1.93391e-293    1.83994e-109    1.48917e-195    1.41638e-11    0.00594872    0.00594872 
0.220913    7.1584e-294    1.31831e-109    7.69289e-196    1.41631e-11    0.00597225    0.00597225 
0.220588    2.64985e-294    9.44558e-110    3.97429e-196    1.41624e-11    0.00599624    0.00599624 
0.220264    9.80955e-295    6.76771e-110    2.0533e-196    1.41616e-11    0.00602068    0.00602068 
0.219941    3.61668e-295    4.84903e-110    1.05652e-196    1.41609e-11    0.00602068    0.00602068 
0.219619    1.33894e-295    3.4743e-110    5.45875e-197    1.41602e-11    0.00604554    0.00604554 
0.219298    4.95712e-296    2.48932e-110    2.82052e-197    1.41595e-11    0.00607082    0.00607082 
0.218978    1.82762e-296    1.78358e-110    1.45128e-197    1.41587e-11    0.00607082    0.00607082 
0.218659    6.76666e-297    1.27793e-110    7.499e-198    1.4158e-11    0.00609649    0.00609649 
0.21834    2.50542e-297    9.1563e-111    3.87502e-198    1.41573e-11    0.00612253    0.00612253 
0.218023    9.23703e-298    6.56045e-111    1.99384e-198    1.41566e-11    0.00612253    0.00612253 
0.217707    3.42021e-298    4.70053e-111    1.03033e-198    1.41559e-11    0.00614893    0.00614893 
0.217391    1.26645e-298    3.36791e-111    5.32446e-199    1.41552e-11    0.00617567    0.00617567 
0.217076    4.68957e-299    2.4131e-111    2.75161e-199    1.41545e-11    0.00620272    0.00620272 
0.216763    1.72894e-299    1.72897e-111    1.41579e-199    1.41538e-11    0.00620272    0.00620272 
0.21645    6.40231e-300    1.2388e-111    7.31679e-200    1.41531e-11    0.00623007    0.00623007 
0.216138    2.37084e-300    8.87598e-112    3.78138e-200    1.41524e-11    0.00625768    0.00625768 
0.215827    8.74068e-301    6.35961e-112    1.94562e-200    1.41517e-11    0.00625768    0.00625768 
0.215517    3.2368e-301    4.55664e-112    1.00553e-200    1.4151e-11    0.00628554    0.00628554 
0.215208    1.19865e-301    3.26482e-112    5.1968e-201    1.41504e-11    0.00631363    0.00631363 
0.2149    4.41908e-302    2.33923e-112    2.67387e-201    1.41497e-11    0.00631363    0.00631363 
0.214592    1.63648e-302    1.67605e-112    1.38193e-201    1.4149e-11    0.00634192    0.00634192 
0.214286    6.06028e-303    1.20089e-112    7.14218e-202    1.41483e-11    0.00637038    0.00637038 
0.21398    2.23423e-303    8.60433e-113    3.67477e-202    1.41477e-11    0.00637038    0.00637038 
0.213675    8.27385e-304    6.16498e-113    1.89922e-202    1.4147e-11    0.006399    0.006399 
0.213371    3.06398e-304    4.4172e-113    9.81566e-203    1.41463e-11    0.00642774    0.00642774 
0.213068    1.13465e-304    3.16491e-113    5.07295e-203    1.41457e-11    0.00645659    0.00645659 
0.212766    4.18304e-305    2.26765e-113    2.61009e-203    1.4145e-11    0.00645659    0.00645659 
0.212464    1.54904e-305    1.62477e-113    1.34893e-203    1.41444e-11    0.00648551    0.00648551 
0.212164    5.73621e-306    1.16414e-113    6.97137e-204    1.41437e-11    0.00651449    0.00651449 
0.211864    2.11471e-306    8.34108e-114    3.58682e-204    1.41431e-11    0.00651449    0.00651449 
0.211565    7.83078e-307    5.97637e-114    1.85365e-204    1.41424e-11    0.0065435    0.0065435 
0.211267    2.89968e-307    4.28206e-114    9.57939e-205    1.41418e-11    0.00657251    0.00657251 
0.21097    1.06898e-307    3.0681e-114    4.92861e-205    1.41411e-11    0.00657251    0.00657251 
0.210674    3.95826e-308    2.19829e-114    2.54696e-205    1.41405e-11    0.00660151    0.00660151 
0.210378    1.46563e-308    1.57507e-114    1.31615e-205    1.41399e-11    0.00663046    0.00663046 
0.210084    5.40309e-309    1.12854e-114    6.77158e-206    1.41392e-11    0.00663046    0.00663046 
0.20979    2.00054e-309    8.08596e-115    3.49913e-206    1.41386e-11    0.00665935    0.00665935 
0.209497    7.4069e-310    5.79359e-115    1.80807e-206    1.4138e-11    0.00668815    0.00668815 
0.209205    2.73056e-310    4.15111e-115    9.30238e-207    1.41373e-11    0.00668815    0.00668815 
0.208913    1.01094e-310    2.97427e-115    4.80652e-207    1.41367e-11    0.00671684    0.00671684 
0.208623    3.74264e-311    2.13106e-115    2.48342e-207    1.41361e-11    0.00674541    0.00674541 
0.208333    1.37971e-311    1.52691e-115    1.27769e-207    1.41355e-11    0.00674541    0.00674541 
0.208044    5.10768e-312    1.09403e-115    6.60126e-208    1.41349e-11    0.00677383    0.00677383 
0.207756    1.89077e-312    7.83872e-116    3.41041e-208    1.41343e-11    0.00680208    0.00680208 
0.207469    6.97021e-313    5.61645e-116    1.7546e-208    1.41337e-11    0.00680208    0.00680208 
0.207182    2.58012e-313    4.02419e-116    9.06437e-209    1.41331e-11    0.00683015    0.00683015 
0.206896    9.55021e-314    2.88334e-116    4.68248e-209    1.41325e-11    0.00685802    0.00685802 
0.206611    3.52059e-314    2.06591e-116    2.40904e-209    1.41319e-11    0.00685802    0.00685802 
0.206327    1.30306e-314    1.48023e-116    1.24439e-209    1.41313e-11    0.00688568    0.00688568 
0.206044    4.82273e-315    1.06059e-116    6.42762e-210    1.41307e-11    0.00691311    0.00691311 
0.205761    1.77784e-315    7.59912e-117    3.30685e-210    1.41301e-11    0.00691311    0.00691311 
0.205479    6.57953e-316    5.44478e-117    1.70798e-210    1.41295e-11    0.0069403    0.0069403 
0.205198    2.43486e-316    3.90119e-117    8.82119e-211    1.41289e-11    0.00696724    0.00696724 
0.204918    8.97574e-317    2.79521e-117    4.53824e-211    1.41283e-11    0.00696724    0.00696724 
0.204638    3.32143e-317    2.00277e-117    2.34373e-211    1.41277e-11    0.00699393    0.00699393 
0.204359    1.229e-317    1.43499e-117    1.21033e-211    1.41271e-11    0.00702035    0.00702035 
0.204081    4.53057e-318    1.02817e-117    6.22673e-212    1.41266e-11    0.00702035    0.00702035 
0.203804    1.67643e-318    7.36689e-118    3.21536e-212    1.4126e-11    0.0070465    0.0070465 
0.203528    6.20319e-319    5.27839e-118    1.66026e-212    1.41254e-11    0.00707237    0.00707237 
0.203252    2.28619e-319    3.78198e-118    8.54142e-213    1.41248e-11    0.00707237    0.00707237 
0.202977    8.44753e-320    2.7098e-118    4.41013e-213    1.41243e-11    0.00709797    0.00709797 
0.202703    3.13929e-320    1.94158e-118    2.27693e-213    1.41237e-11    0.0071233    0.0071233 
0.202429    1.14722e-320    1.39115e-118    1.17138e-213    1.41231e-11    0.0071233    0.0071233 
0.202156    4.0958e-321    9.96761e-119    6.04745e-214    1.41226e-11    0.00714835    0.00714835 
0.201884    1.49702e-321    7.14182e-119    3.12192e-214    1.4122e-11    0.00717313    0.00717313 
0.201613    7.5098e-322    5.11714e-119    1.60609e-214    1.41215e-11    0.00717313    0.00717313 
0.201342    3.7549e-322    3.66644e-119    8.29078e-215    1.41209e-11    0.00719764    0.00719764 
0.201072    0    2.62702e-119    4.2652e-215    1.41204e-11    0.00719764    0.00719764 
0.200803    0    1.88227e-119    2.20162e-215    1.41198e-11    0.00722189    0.00722189 
0.200535    0    1.34865e-119    1.13639e-215    1.41193e-11    0.0072459    0.0072459 
0.200267    0    9.66315e-120    5.8461e-216    1.41187e-11    0.0072459    0.0072459 
0.2    0    6.92368e-120    3.01736e-216    1.41182e-11    0.00726966    0.00726966 
0.199733    0    4.96084e-120    1.55729e-216    1.41176e-11    0.0072932    0.0072932 
0.199468    0    3.55447e-120    8.01136e-217    1.41171e-11    0.0072932    0.0072932 
0.199203    0    2.54679e-120    4.13455e-217    1.41165e-11    0.00731652    0.00731652 
0.198939    0    1.82478e-120    2.1337e-217    1.4116e-11    0.00733965    0.00733965 
0.198675    0    1.30747e-120    1.09766e-217    1.41155e-11    0.00733965    0.00733965 
0.198413    0    9.36805e-121    5.66441e-218    1.41149e-11    0.00736259    0.00736259 
0.19815    0    6.71225e-121    2.92299e-218    1.41144e-11    0.00738536    0.00738536 
0.197889    0    4.80936e-121    1.50369e-218    1.41139e-11    0.00738536    0.00738536 
0.197628    0    3.44593e-121    7.75916e-219    1.41133e-11    0.00740799    0.00740799 
0.197368    0    2.46902e-121    3.99156e-219    1.41128e-11    0.00740799    0.00740799 
0.197109    0    1.76907e-121    2.05962e-219    1.41123e-11    0.0074305    0.0074305 
0.19685    0    1.26755e-121    1.06272e-219    1.41118e-11    0.0074529    0.0074529 
0.196592    0    9.08203e-122    5.46693e-220    1.41113e-11    0.0074529    0.0074529 
0.196335    0    6.50732e-122    2.82076e-220    1.41107e-11    0.00747522    0.00747522 
0.196078    0    4.66253e-122    1.45539e-220    1.41102e-11    0.00749748    0.00749748 
0.195822    0    3.34073e-122    7.48688e-221    1.41097e-11    0.00749748    0.00749748 
0.195567    0    2.39365e-122    3.86284e-221    1.41092e-11    0.00751972    0.00751972 
0.195312    0    1.71506e-122    1.993e-221    1.41087e-11    0.00754194    0.00754194 
0.195058    0    1.22885e-122    1.02524e-221    1.41082e-11    0.00754194    0.00754194 
0.194805    0    8.8048e-123    5.28957e-222    1.41077e-11    0.00756419    0.00756419 
0.194552    0    6.3087e-123    2.72105e-222    1.41072e-11    0.00756419    0.00756419 
0.1943    0    4.52022e-123    1.40387e-222    1.41067e-11    0.00758647    0.00758647 
0.194049    0    3.23876e-123    7.24302e-223    1.41062e-11    0.00760884    0.00760884 
0.193798    0    2.32059e-123    3.72591e-223    1.41057e-11    0.00760884    0.00760884 
0.193548    0    1.66272e-123    1.92231e-223    1.41052e-11    0.0076313    0.0076313 
0.193299    0    1.19135e-123    9.91785e-224    1.41047e-11    0.00765389    0.00765389 
0.19305    0    8.53609e-124    5.10184e-224    1.41042e-11    0.00765389    0.00765389 
0.192802    0    6.11616e-124    2.63223e-224    1.41037e-11    0.00767664    0.00767664 
0.192554    0    4.38227e-124    1.35404e-224    1.41032e-11    0.00767664    0.00767664 
0.192308    0    3.13993e-124    6.98604e-225    1.41027e-11    0.00769957    0.00769957 
0.192061    0    2.24978e-124    3.60445e-225    1.41022e-11    0.00772272    0.00772272 
0.191816    0    1.61198e-124    1.85414e-225    1.41017e-11    0.00772272    0.00772272 
0.191571    0    1.155e-124    9.56662e-226    1.41013e-11    0.0077461    0.0077461 
0.191326    0    8.27563e-125    4.92108e-226    1.41008e-11    0.0077461    0.0077461 
0.191083    0    5.92955e-125    2.53913e-226    1.41003e-11    0.00776976    0.00776976 
0.19084    0    4.24856e-125    1.31015e-226    1.40998e-11    0.0077937    0.0077937 
0.190597    0    3.04413e-125    6.73936e-227    1.40993e-11    0.0077937    0.0077937 
0.190355    0    2.18114e-125    3.47749e-227    1.40989e-11    0.00781797    0.00781797 
0.190114    0    1.5628e-125    1.79444e-227    1.40984e-11    0.00784258    0.00784258 
0.189873    0    1.11976e-125    9.23045e-228    1.40979e-11    0.00784258    0.00784258 
0.189633    0    8.02316e-126    4.7632e-228    1.40974e-11    0.00786757    0.00786757 
0.189394    0    5.74866e-126    2.45014e-228    1.4097e-11    0.00786757    0.00786757 
0.189155    0    4.11896e-126    1.2644e-228    1.40965e-11    0.00789296    0.00789296 
0.188917    0    2.95126e-126    6.52517e-229    1.4096e-11    0.00791877    0.00791877 
0.188679    0    2.1146e-126    3.35646e-229    1.40956e-11    0.00791877    0.00791877 
0.188442    0    1.51513e-126    1.73224e-229    1.40951e-11    0.00794502    0.00794502 
0.188206    0    1.0856e-126    8.91037e-230    1.40947e-11    0.00794502    0.00794502 
0.18797    0    7.77844e-127    4.59876e-230    1.40942e-11    0.00797174    0.00797174 
0.187734    0    5.57331e-127    2.37359e-230    1.40937e-11    0.00799894    0.00799894 
0.1875    0    3.99333e-127    1.22093e-230    1.40933e-11    0.00799894    0.00799894 
0.187266    0    2.86125e-127    6.30199e-231    1.40928e-11    0.00802666    0.00802666 
0.187032    0    2.05011e-127    3.24161e-231    1.40924e-11    0.00802666    0.00802666 
0.186799    0    1.46892e-127    1.67328e-231    1.40919e-11    0.0080549    0.0080549 
0.186567    0    1.0525e-127    8.63769e-232    1.40915e-11    0.00808369    0.00808369 
0.186335    0    7.54122e-128    4.44301e-232    1.4091e-11    0.00808369    0.00808369 
0.186104    0    5.40335e-128    2.29367e-232    1.40906e-11    0.00811303    0.00811303 
0.185873    0    3.87155e-128    1.1798e-232    1.40901e-11    0.00811303    0.00811303 
0.185643    0    2.774e-128    6.09093e-233    1.40897e-11    0.00814296    0.00814296 
0.185414    0    1.9876e-128    3.14473e-233    1.40893e-11    0.00817346    0.00817346 
0.185185    0    1.42413e-128    1.61755e-233    1.40888e-11    0.00817346    0.00817346 
0.184957    0    1.0204e-128    8.35183e-234    1.40884e-11    0.00820457    0.00820457 
0.184729    0    7.31128e-129    4.2959e-234    1.4088e-11    0.00820457    0.00820457 
0.184502    0    5.2386e-129    2.21821e-234    1.40875e-11    0.00823629    0.00823629 
0.184275    0    3.75351e-129    1.14545e-234    1.40871e-11    0.00826863    0.00826863 
0.184049    0    2.68942e-129    5.89175e-235    1.40867e-11    0.00826863    0.00826863 
0.183823    0    1.927e-129    3.04257e-235    1.40862e-11    0.00830159    0.00830159 
0.183598    0    1.38071e-129    1.56498e-235    1.40858e-11    0.00830159    0.00830159 
0.183374    0    9.89294e-130    8.08221e-236    1.40854e-11    0.00833518    0.00833518 
0.18315    0    7.08839e-130    4.17422e-236    1.4085e-11    0.00836941    0.00836941 
0.182927    0    5.0789e-130    2.14704e-236    1.40845e-11    0.00836941    0.00836941 
0.182704    0    3.63908e-130    1.10894e-236    1.40841e-11    0.00840426    0.00840426 
0.182482    0    2.60744e-130    5.70391e-237    1.40837e-11    0.00840426    0.00840426 
0.18226    0    1.86826e-130    2.94622e-237    1.40833e-11    0.00843975    0.00843975 
0.182039    0    1.33863e-130    1.51539e-237    1.40829e-11    0.00843975    0.00843975 
0.181818    0    9.59139e-131    7.82782e-238    1.40824e-11    0.00847587    0.00847587 
0.181598    0    6.87232e-131    4.0437e-238    1.4082e-11    0.00851262    0.00851262 
0.181378    0    4.92409e-131    2.07987e-238    1.40816e-11    0.00851262    0.00851262 
0.181159    0    3.52816e-131    1.07448e-238    1.40812e-11    0.00854999    0.00854999 
0.180941    0    2.52797e-131    5.52654e-239    1.40808e-11    0.00854999    0.00854999 
0.180723    0    1.81132e-131    2.85518e-239    1.40804e-11    0.00858797    0.00858797 
0.180505    0    1.29783e-131    1.47514e-239    1.408e-11    0.00862655    0.00862655 
0.180288    0    9.29907e-132    7.58731e-240    1.40796e-11    0.00862655    0.00862655 
0.180072    0    6.66288e-132    3.92019e-240    1.40792e-11    0.00866571    0.00866571 
0.179856    0    4.77403e-132    2.01632e-240    1.40788e-11    0.00866571    0.00866571 
0.179641    0    3.42064e-132    1.04183e-240    1.40784e-11    0.00870545    0.00870545 
0.179426    0    2.45093e-132    5.35854e-241    1.4078e-11    0.00870545    0.00870545 
0.179211    0    1.75612e-132    2.76886e-241    1.40776e-11    0.00874575    0.00874575 
0.178997    0    1.25828e-132    1.43078e-241    1.40772e-11    0.00878659    0.00878659 
0.178784    0    9.01571e-133    7.35901e-242    1.40768e-11    0.00878659    0.00878659 
0.178571    0    6.45986e-133    3.80281e-242    1.40764e-11    0.00882794    0.00882794 
0.178359    0    4.62856e-133    1.95591e-242    1.4076e-11    0.00882794    0.00882794 
0.178147    0    3.31642e-133    1.01076e-242    1.40756e-11    0.00886978    0.00886978 
0.177936    0    2.37625e-133    5.19865e-243    1.40752e-11    0.00886978    0.00886978 
0.177725    0    1.70261e-133    2.68658e-243    1.40748e-11    0.0089121    0.0089121 
0.177515    0    1.21994e-133    1.38842e-243    1.40745e-11    0.00895486    0.00895486 
0.177305    0    8.74103e-134    7.14103e-244    1.40741e-11    0.00895486    0.00895486 
0.177095    0    6.26305e-134    3.69053e-244    1.40737e-11    0.00899803    0.00899803 
0.176887    0    4.48755e-134    1.89814e-244    1.40733e-11    0.00899803    0.00899803 
0.176678    0    3.21538e-134    9.80986e-245    1.40729e-11    0.00904159    0.00904159 
0.17647    0    2.30386e-134    5.04545e-245    1.40725e-11    0.00904159    0.00904159 
0.176263    0    1.65074e-134    2.60759e-245    1.40722e-11    0.0090855    0.0090855 
0.176056    0    1.18278e-134    1.34767e-245    1.40718e-11    0.00912972    0.00912972 
0.17585    0    8.47476e-135    6.93135e-246    1.40714e-11    0.00912972    0.00912972 
0.175644    0    6.07227e-135    3.58231e-246    1.40711e-11    0.00917423    0.00917423 
0.175438    0    4.35086e-135    1.84245e-246    1.40707e-11    0.00917423    0.00917423 
0.175233    0    3.11744e-135    9.52227e-247    1.40703e-11    0.00921898    0.00921898 
0.175029    0    2.23369e-135    4.89747e-247    1.40699e-11    0.00921898    0.00921898 
0.174825    0    1.60047e-135    2.53113e-247    1.40696e-11    0.00926394    0.00926394 
0.174621    0    1.14675e-135    1.30814e-247    1.40692e-11    0.00930907    0.00930907 
0.174418    0    8.21664e-136    6.72793e-248    1.40688e-11    0.00930907    0.00930907 
0.174216    0    5.88732e-136    3.47708e-248    1.40685e-11    0.00935433    0.00935433 
0.174014    0    4.21835e-136    1.7883e-248    1.40681e-11    0.00935433    0.00935433 
0.173812    0    3.0225e-136    9.242e-249    1.40678e-11    0.00939966    0.00939966 
0.173611    0    2.16566e-136    4.75325e-249    1.40674e-11    0.00939966    0.00939966 
0.17341    0    1.55172e-136    2.45644e-249    1.40671e-11    0.00944504    0.00944504 
0.17321    0    1.11183e-136    1.26336e-249    1.40667e-11    0.00944504    0.00944504 
0.17301    0    7.96642e-137    6.52877e-250    1.40663e-11    0.00949041    0.00949041 
0.172811    0    5.70804e-137    3.37382e-250    1.4066e-11    0.00953574    0.00953574 
0.172612    0    4.08989e-137    1.73517e-250    1.40656e-11    0.00953574    0.00953574 
0.172414    0    2.93046e-137    8.96636e-251    1.40653e-11    0.00958097    0.00958097 
0.172216    0    2.09972e-137    4.61142e-251    1.40649e-11    0.00958097    0.00958097 
0.172018    0    1.50447e-137    2.38282e-251    1.40646e-11    0.00962606    0.00962606 
0.171821    0    1.07798e-137    1.22548e-251    1.40642e-11    0.00962606    0.00962606 
0.171625    0    7.72385e-138    6.33206e-252    1.40639e-11    0.00967096    0.00967096 
0.171428    0    5.53425e-138    3.25657e-252    1.40636e-11    0.00967096    0.00967096 
0.171233    0    3.96536e-138    1.68258e-252    1.40632e-11    0.00971564    0.00971564 
0.171037    0    2.84124e-138    8.69299e-253    1.40629e-11    0.00976004    0.00976004 
0.170843    0    2.03579e-138    4.47076e-253    1.40625e-11    0.00976004    0.00976004 
0.170648    0    1.45867e-138    2.30967e-253    1.40622e-11    0.00980412    0.00980412 
0.170454    0    1.04516e-138    1.18785e-253    1.40618e-11    0.00980412    0.00980412 
0.170261    0    7.4887e-139    6.13625e-254    1.40615e-11    0.00984783    0.00984783 
0.170068    0    5.36576e-139    3.15582e-254    1.40612e-11    0.00984783    0.00984783 
0.169875    0    3.84465e-139    1.63014e-254    1.40608e-11    0.00989114    0.00989114 
0.169683    0    2.75475e-139    8.38366e-255    1.40605e-11    0.00989114    0.00989114 
0.169491    0    1.97381e-139    4.3303e-255    1.40602e-11    0.009934    0.009934 
0.1693    0    1.41427e-139    2.22702e-255    1.40598e-11    0.009934    0.009934 
0.169109    0    1.01334e-139    1.15021e-255    1.40595e-11    0.00997637    0.00997637 
0.168919    0    7.26075e-140    5.94016e-256    1.40592e-11    0.0100182    0.0100182 
0.168729    0    5.20243e-140    3.05493e-256    1.40589e-11    0.0100182    0.0100182 
0.168539    0    3.72762e-140    1.57757e-256    1.40585e-11    0.0100595    0.0100595 
0.16835    0    2.6709e-140    8.11318e-257    1.40582e-11    0.0100595    0.0100595 
0.168161    0    1.91374e-140    4.18932e-257    1.40579e-11    0.0101001    0.0101001 
0.167973    0    1.37122e-140    2.15449e-257    1.40576e-11    0.0101001    0.0101001 
0.167785    0    9.825e-141    1.1124e-257    1.40572e-11    0.0101402    0.0101402 
0.167598    0    7.03976e-141    5.72083e-258    1.40569e-11    0.0101402    0.0101402 
0.167411    0    5.04409e-141    2.95351e-258    1.40566e-11    0.0101795    0.0101795 
0.167224    0    3.61417e-141    1.51892e-258    1.40563e-11    0.0101795    0.0101795 
0.167038    0    2.58961e-141    7.84112e-259    1.4056e-11    0.0102182    0.0102182 
0.166852    0    1.85549e-141    4.04746e-259    1.40556e-11    0.0102561    0.0102561 
0.166667    0    1.32949e-141    2.0815e-259    1.40553e-11    0.0102561    0.0102561 
0.166482    0    9.52599e-142    1.07434e-259    1.4055e-11    0.0102933    0.0102933 
0.166297    0    6.82552e-142    5.52503e-260    1.40547e-11    0.0102933    0.0102933 
0.166113    0    4.89059e-142    2.85142e-260    1.40544e-11    0.0103297    0.0103297 
0.165929    0    3.50419e-142    1.4664e-260    1.40541e-11    0.0103297    0.0103297 
0.165746    0    2.5108e-142    7.56724e-261    1.40538e-11    0.0103654    0.0103654 
0.165563    0    1.79903e-142    3.89159e-261    1.40535e-11    0.0103654    0.0103654 
0.16538    0    1.28903e-142    2.00804e-261    1.40531e-11    0.0104002    0.0104002 
0.165198    0    9.23613e-143    1.03267e-261    1.40528e-11    0.0104002    0.0104002 
0.165016    0    6.61783e-143    5.32801e-262    1.40525e-11    0.0104342    0.0104342 
0.164835    0    4.74178e-143    2.74001e-262    1.40522e-11    0.0104342    0.0104342 
0.164654    0    3.39756e-143    1.41357e-262    1.40519e-11    0.0104674    0.0104674 
0.164474    0    2.43441e-143    7.26945e-263    1.40516e-11    0.0104674    0.0104674 
0.164293    0    1.74429e-143    3.74995e-263    1.40513e-11    0.0104998    0.0104998 
0.164114    0    1.24981e-143    1.93424e-263    1.4051e-11    0.0105313    0.0105313 
0.163934    0    8.95511e-144    9.94703e-264    1.40507e-11    0.0105313    0.0105313 
0.163755    0    6.41648e-144    5.13026e-264    1.40504e-11    0.010562    0.010562 
0.163577    0    4.59752e-144    2.63827e-264    1.40501e-11    0.010562    0.010562 
0.163399    0    3.29419e-144    1.36059e-264    1.40498e-11    0.0105919    0.0105919 
0.163221    0    2.36034e-144    6.9969e-265    1.40495e-11    0.0105919    0.0105919 
0.163043    0    1.69122e-144    3.60807e-265    1.40492e-11    0.0106209    0.0106209 
0.162866    0    1.21179e-144    1.85546e-265    1.40489e-11    0.0106209    0.0106209 
0.16269    0    8.68268e-145    9.56717e-266    1.40486e-11    0.0106492    0.0106492 
0.162513    0    6.22128e-145    4.91994e-266    1.40483e-11    0.0106492    0.0106492 
0.162338    0    4.45765e-145    2.53661e-266    1.4048e-11    0.0106766    0.0106766 
0.162162    0    3.19398e-145    1.30445e-266    1.40477e-11    0.0106766    0.0106766 
0.161987    0    2.28854e-145    6.72491e-267    1.40474e-11    0.0107033    0.0107033 
0.161812    0    1.63978e-145    3.45828e-267    1.40472e-11    0.0107033    0.0107033 
0.161638    0    1.17493e-145    1.78272e-267    1.40469e-11    0.0107293    0.0107293 
0.161464    0    8.41856e-146    9.16759e-268    1.40466e-11    0.0107293    0.0107293 
0.16129    0    6.03204e-146    4.72548e-268    1.40463e-11    0.0107545    0.0107545 
0.161117    0    4.32206e-146    2.43005e-268    1.4046e-11    0.0107545    0.0107545 
0.160944    0    3.09683e-146    1.25249e-268    1.40457e-11    0.010779    0.010779 
0.160772    0    2.21893e-146    6.44084e-269    1.40454e-11    0.010779    0.010779 
0.160599    0    1.5899e-146    3.31948e-269    1.40451e-11    0.0108029    0.0108029 
0.160428    0    1.13919e-146    1.70701e-269    1.40449e-11    0.0108029    0.0108029 
0.160256    0    8.1625e-147    8.79702e-270    1.40446e-11    0.0108261    0.0108261 
0.160085    0    5.84857e-147    4.52378e-270    1.40443e-11    0.0108261    0.0108261 
0.159915    0    4.1906e-147    2.33116e-270    1.4044e-11    0.0108487    0.0108487 
0.159744    0    3.00264e-147    1.20121e-270    1.40437e-11    0.0108707    0.0108707 
0.159574    0    2.15144e-147    6.17705e-271    1.40434e-11    0.0108707    0.0108707 
0.159405    0    1.54154e-147    3.18275e-271    1.40432e-11    0.0108922    0.0108922 
0.159236    0    1.10454e-147    1.63668e-271    1.40429e-11    0.0108922    0.0108922 
0.159067    0    7.91424e-148    8.43262e-272    1.40426e-11    0.0109132    0.0109132 
0.158898    0    5.6707e-148    4.33634e-272    1.40423e-11    0.0109132    0.0109132 
0.15873    0    4.06315e-148    2.23409e-272    1.40421e-11    0.0109338    0.0109338 
0.158562    0    2.91132e-148    1.14884e-272    1.40418e-11    0.0109338    0.0109338 
0.158395    0    2.08601e-148    5.91859e-273    1.40415e-11    0.010954    0.010954 
0.158228    0    1.49466e-148    3.04352e-273    1.40412e-11    0.010954    0.010954 
0.158061    0    1.07095e-148    1.5679e-273    1.4041e-11    0.0109738    0.0109738 
0.157895    0    7.67357e-149    8.06258e-274    1.40407e-11    0.0109738    0.0109738 
0.157729    0    5.49825e-149    4.15337e-274    1.40404e-11    0.0109933    0.0109933 
0.157563    0    3.93959e-149    2.13577e-274    1.40401e-11    0.0109933    0.0109933 
0.157398    0    2.82279e-149    1.1002e-274    1.40399e-11    0.0110125    0.0110125 
0.157233    0    2.02258e-149    5.65748e-275    1.40396e-11    0.0110125    0.0110125 
0.157068    0    1.44921e-149    2.91424e-275    1.40393e-11    0.0110316    0.0110316 
0.156904    0    1.03839e-149    1.49857e-275    1.40391e-11    0.0110316    0.0110316 
0.15674    0    7.44022e-150    7.71918e-276    1.40388e-11    0.0110505    0.0110505 
0.156576    0    5.33106e-150    3.96937e-276    1.40385e-11    0.0110505    0.0110505 
0.156413    0    3.8198e-150    2.0446e-276    1.40383e-11    0.0110692    0.0110692 
0.15625    0    2.73695e-150    1.05137e-276    1.4038e-11    0.0110692    0.0110692 
0.156087    0    1.96108e-150    5.41549e-277    1.40377e-11    0.0110879    0.0110879 
0.155925    0    1.40515e-150    2.78474e-277    1.40375e-11    0.0110879    0.0110879 
0.155763    0    1.00681e-150    1.43438e-277    1.40372e-11    0.0111066    0.0111066 
0.155602    0    7.214e-151    7.3758e-278    1.40369e-11    0.0111066    0.0111066 
0.15544    0    5.16896e-151    3.79915e-278    1.40367e-11    0.0111253    0.0111253 
0.155279    0    3.70365e-151    1.95358e-278    1.40364e-11    0.0111253    0.0111253 
0.155119    0    2.65374e-151    1.00626e-278    1.40361e-11    0.0111441    0.0111441 
0.154959    0    1.90145e-151    5.1743e-279    1.40359e-11    0.0111441    0.0111441 
0.154799    0    1.36242e-151    2.66521e-279    1.40356e-11    0.011163    0.011163 
0.154639    0    9.76202e-152    1.37048e-279    1.40354e-11    0.011163    0.011163 
0.15448    0    6.99466e-152    7.05923e-280    1.40351e-11    0.0111821    0.0111821 
0.154321    0    5.01181e-152    3.62993e-280    1.40348e-11    0.0111821    0.0111821 
0.154162    0    3.59105e-152    1.86977e-280    1.40346e-11    0.0112015    0.0112015 
0.154004    0    2.57305e-152    9.61451e-281    1.40343e-11    0.0112015    0.0112015 
0.153846    0    1.84364e-152    4.95252e-281    1.40341e-11    0.0112211    0.0112211 
0.153688    0    1.321e-152    2.54662e-281    1.40338e-11    0.0112211    0.0112211 
0.153531    0    9.46523e-153    1.31181e-281    1.40336e-11    0.011241    0.011241 
0.153374    0    6.78202e-153    6.74539e-282    1.40333e-11    0.011241    0.011241 
0.153217    0    4.85944e-153    3.47477e-282    1.4033e-11    0.0112613    0.0112613 
0.153061    0    3.48188e-153    1.78674e-282    1.40328e-11    0.0112613    0.0112613 
0.152905    0    2.49483e-153    9.20436e-283    1.40325e-11    0.011282    0.011282 
0.152749    0    1.78759e-153    4.7329e-283    1.40323e-11    0.011282    0.011282 
0.152594    0    1.28084e-153    2.43822e-283    1.4032e-11    0.0113031    0.0113031 
0.152439    0    9.17749e-154    1.25374e-283    1.40318e-11    0.0113031    0.0113031 
0.152284    0    6.57584e-154    6.45903e-284    1.40315e-11    0.0113247    0.0113247 
0.15213    0    4.71172e-154    3.32122e-284    1.40313e-11    0.0113247    0.0113247 
0.151976    0    3.37603e-154    1.71111e-284    1.4031e-11    0.0113469    0.0113469 
0.151822    0    2.41899e-154    8.79846e-285    1.40308e-11    0.0113469    0.0113469 
0.151668    0    1.73325e-154    4.53318e-285    1.40305e-11    0.0113696    0.0113696 
0.151515    0    1.24191e-154    2.33094e-285    1.40303e-11    0.0113696    0.0113696 
0.151362    0    8.89851e-155    1.20101e-285    1.40301e-11    0.0113928    0.0113928 
0.15121    0    6.37596e-155    6.17552e-286    1.40298e-11    0.0113928    0.0113928 
0.151057    0    4.56849e-155    3.18207e-286    1.40296e-11    0.0114167    0.0114167 
0.150905    0    3.27341e-155    1.6362e-286    1.40293e-11    0.0114167    0.0114167 
0.150754    0    2.34546e-155    8.41319e-287    1.40291e-11    0.0114167    0.0114167 
0.150602    0    1.68057e-155    4.33528e-287    1.40288e-11    0.0114413    0.0114413 
0.150451    0    1.20416e-155    2.22916e-287    1.40286e-11    0.0114413    0.0114413 
0.1503    0    8.62804e-156    1.14874e-287    1.40283e-11    0.0114665    0.0114665 
0.15015    0    6.18216e-156    5.90668e-288    1.40281e-11    0.0114665    0.0114665 
