100    0.00181279    0.00181279    0.00181279    0.00181279    0.0026822    0.0026822 
33.3556    0.00069001    0.00069001    0.00069001    0.00069001    0.00299262    0.00299262 
20.016    0.000173821    0.000173821    0.000173821    0.000173821    0.00313896    0.00313896 
14.298    3.62836e-05    3.62836e-05    3.62836e-05    3.62836e-05    0.00319437    0.00319437 
11.121    6.84975e-06    6.84975e-06    6.84975e-06    6.84975e-06    0.00321524    0.00321524 
9.09918    1.21597e-06    1.21597e-06    1.21597e-06    1.21597e-06    0.00322383    0.00322383 
7.69941    2.07094e-07    2.07094e-07    2.07094e-07    2.07094e-07    0.00322857    0.00322857 
6.67289    3.4231e-08    3.4231e-08    3.4231e-08    3.4231e-08    0.00323259    0.00323259 
5.88789    5.53059e-09    5.53059e-09    5.53059e-09    5.53059e-09    0.00323666    0.00323666 
5.26815    8.77685e-10    8.98276e-10    8.77685e-10    -inf    0.00324121    0.00324121 
4.76644    1.37275e-10    1.61591e-10    1.37275e-10    -inf    0.00324617    0.00324617 
4.35199    2.1215e-11    4.41966e-11    2.1215e-11    -inf    0.00325168    0.00325168 
4.00384    3.24573e-12    2.14517e-11    3.24573e-12    -inf    0.00325762    0.00325762 
3.70727    4.92331e-13    1.44687e-11    4.92331e-13    -inf    0.00326405    0.00326405 
3.45161    7.41329e-14    1.12824e-11    7.41329e-14    -inf    0.00327107    0.00327107 
3.22893    1.10905e-14    9.46778e-12    1.10905e-14    -inf    0.0032784    0.0032784 
3.03324    1.64983e-15    8.29652e-12    1.64983e-15    -inf    0.00328614    0.00328614 
2.85992    2.44198e-16    7.47813e-12    2.44198e-16    -inf    0.0032942    0.0032942 
2.70533    3.59856e-17    6.87413e-12    3.59856e-17    -inf    0.0033028    0.0033028 
2.5666    5.282e-18    6.4101e-12    5.282e-18    -inf    0.00331191    0.00331191 
2.44141    7.72441e-19    6.04251e-12    7.72441e-19    -inf    0.0033211    0.0033211 
2.32786    1.12594e-19    5.74416e-12    1.12594e-19    -inf    0.00333065    0.00333065 
2.2244    1.63632e-20    5.49723e-12    1.63632e-20    -inf    0.00334049    0.00334049 
2.12974    2.37152e-21    5.2895e-12    2.37152e-21    -inf    0.00335055    0.00335055 
2.04282    3.42833e-22    5.11235e-12    3.42833e-22    -inf    0.00336078    0.00336078 
1.96271    4.9444e-23    4.95952e-12    4.9444e-23    -inf    0.00337108    0.00337108 
1.88865    7.1164e-24    4.82634e-12    7.1164e-24    -inf    0.00338197    0.00338197 
1.81997    1.02196e-24    4.70925e-12    1.02196e-24    -inf    0.00339223    0.00339223 
1.75611    1.4653e-25    4.60554e-12    1.4653e-25    -inf    0.00340361    0.00340361 
1.69658    2.09674e-26    4.51303e-12    2.09674e-26    -inf    0.00341419    0.00341419 
1.64096    2.99567e-27    4.43001e-12    2.99567e-27    -inf    0.00342521    0.00342521 
1.58887    4.27386e-28    4.35511e-12    4.27386e-28    -inf    0.00343666    0.00343666 
1.53998    6.08794e-29    4.28719e-12    6.08794e-29    -inf    0.00344778    0.00344778 
1.49401    8.66101e-30    4.22533e-12    8.66101e-30    -inf    0.00345927    0.00345927 
1.45071    1.23041e-30    4.16876e-12    1.23041e-30    -inf    0.00347033    0.00347033 
1.40984    1.74596e-31    4.11683e-12    1.74596e-31    -inf    0.00348171    0.00348171 
1.37122    2.47429e-32    4.069e-12    2.47429e-32    -inf    0.00349254    0.00349254 
1.33465    3.50284e-33    4.0248e-12    3.50284e-33    -inf    0.00350364    0.00350364 
1.29998    4.95414e-34    3.98384e-12    4.95414e-34    -inf    0.00351498    0.00351498 
1.26707    6.99851e-35    3.94578e-12    6.99851e-35    -inf    0.00352566    0.00352566 
1.23579    9.87776e-36    3.91031e-12    9.87776e-36    -inf    0.00353654    0.00353654 
1.20601    1.39298e-36    3.8772e-12    1.39298e-36    -inf    0.0035476    0.0035476 
1.17763    1.96283e-37    3.84621e-12    1.96283e-37    -inf    0.00355885    0.00355885 
1.15056    2.76292e-38    3.81714e-12    2.76292e-38    -inf    0.00356931    0.00356931 
1.12471    3.88628e-39    3.78983e-12    3.88628e-39    -inf    0.00357991    0.00357991 
1.09999    5.461e-40    3.76412e-12    5.461e-40    -inf    0.00358965    0.00358965 
1.07633    7.67065e-41    3.73988e-12    7.67065e-41    -inf    0.00360049    0.00360049 
1.05367    1.07644e-41    3.71698e-12    1.07644e-41    -inf    0.00361044    0.00361044 
1.03195    1.50963e-42    3.69531e-12    1.50963e-42    -inf    0.00362049    0.00362049 
1.0111    2.11588e-43    3.67479e-12    2.11588e-43    -inf    0.00363061    0.00363061 
0.99108    2.96386e-44    3.65532e-12    2.96386e-44    -inf    0.00364081    0.00364081 
0.971836    4.14817e-45    3.63682e-12    4.14817e-45    -inf    0.00365006    0.00365006 
0.953325    5.80421e-46    3.61923e-12    5.80421e-46    -inf    0.00366039    0.00366039 
0.935506    8.11483e-47    3.60247e-12    8.11483e-47    -inf    0.00366975    0.00366975 
0.918341    1.13395e-47    3.5865e-12    1.13395e-47    -inf    0.00367915    0.00367915 
0.901795    1.58335e-48    3.57125e-12    1.58335e-48    -inf    0.00368755    0.00368755 
0.885834    2.21042e-49    3.55669e-12    2.21042e-49    -inf    0.00369703    0.00369703 
0.870428    3.08356e-50    3.54276e-12    3.08356e-50    -inf    0.00370549    0.00370549 
0.855549    4.30092e-51    3.52943e-12    4.30092e-51    -inf    0.00371504    0.00371504 
0.84117    6.01223e-52    3.51666e-12    6.01223e-52    -inf    0.0037345    0.0037345 
0.827267    8.3967e-53    3.50443e-12    8.3967e-53    -inf    0.00375215    0.00375215 
0.813815    1.17155e-53    3.49271e-12    1.17155e-53    -inf    0.00376775    0.00376775 
0.800794    1.63275e-54    3.48146e-12    1.63275e-54    -inf    0.00378058    0.00378058 
0.788184    2.27246e-55    3.47064e-12    2.27246e-55    -inf    0.00378981    0.00378981 
0.775964    3.16178e-56    3.46024e-12    3.16178e-56    -inf    0.0037992    0.0037992 
0.764117    4.39647e-57    3.45023e-12    4.39647e-57    -inf    0.00380767    0.00380767 
0.752627    6.11585e-58    3.44059e-12    6.11585e-58    -inf    0.00381904    0.00381904 
0.741477    8.50658e-59    3.4313e-12    8.50658e-59    -inf    0.00383125    0.00383125 
0.730652    1.18349e-59    3.42234e-12    1.18349e-59    -inf    0.00384571    0.00384571 
0.720139    1.64679e-60    3.4137e-12    1.64679e-60    -inf    0.00386202    0.00386202 
0.709925    2.29134e-61    3.40537e-12    2.29134e-61    -inf    0.00387939    0.00387939 
0.699996    3.18722e-62    3.39732e-12    3.18722e-62    -inf    0.00389682    0.00389682 
0.690341    4.42844e-63    3.38955e-12    4.42844e-63    -inf    0.00391111    0.00391111 
0.680948    6.15288e-64    3.38204e-12    6.15288e-64    -inf    0.00392645    0.00392645 
0.671808    8.5388e-65    3.37478e-12    8.5388e-65    -inf    0.00393831    0.00393831 
0.66291    1.18487e-65    3.36775e-12    1.18487e-65    -inf    0.00395085    0.00395085 
0.654245    1.64272e-66    3.36094e-12    1.64272e-66    -inf    0.00396097    0.00396097 
0.645803    2.27691e-67    3.35435e-12    2.27691e-67    -inf    0.00397112    0.00397112 
0.637576    3.15716e-68    3.34795e-12    3.15716e-68    -inf    0.0039838    0.0039838 
0.629556    4.3761e-69    3.34175e-12    4.3761e-69    -inf    0.00399603    0.00399603 
0.621736    6.06664e-70    3.33573e-12    6.06664e-70    -inf    0.00400986    0.00400986 
0.614107    8.41182e-71    3.3299e-12    8.41182e-71    -inf    0.00402542    0.00402542 
0.606664    1.16653e-71    3.32423e-12    1.16653e-71    -inf    0.00404253    0.00404253 
0.599398    1.61656e-72    3.31873e-12    1.61656e-72    -inf    0.0040577    0.0040577 
0.592305    2.24169e-73    3.31339e-12    2.24169e-73    -inf    0.00407649    0.00407649 
0.585377    3.10788e-74    3.30821e-12    3.10788e-74    -inf    0.0040953    0.0040953 
0.57861    4.30404e-75    3.30316e-12    4.30404e-75    -inf    0.00411054    0.00411054 
0.571997    5.96226e-76    3.29826e-12    5.96226e-76    -inf    0.00412781    0.00412781 
0.565534    8.24973e-77    3.2935e-12    8.24973e-77    -inf    0.00414113    0.00414113 
0.559215    1.1416e-77    3.28886e-12    1.1416e-77    -inf    0.00415572    0.00415572 
0.553036    1.57813e-78    3.28434e-12    1.57813e-78    -inf    0.00416682    0.00416682 
0.546992    2.18184e-79    3.27994e-12    2.18184e-79    -inf    0.00417922    0.00417922 
0.541079    3.01418e-80    3.27565e-12    3.01418e-80    -inf    0.00418919    0.00418919 
0.535292    4.16341e-81    3.27147e-12    4.16341e-81    -inf    0.00419925    0.00419925 
0.529627    5.75049e-82    3.2674e-12    5.75049e-82    -inf    0.00420982    0.00420982 
0.524082    7.94285e-83    3.26342e-12    7.94285e-83    -inf    0.00422127    0.00422127 
0.518651    1.09722e-83    3.25954e-12    1.09722e-83    -inf    0.0042339    0.0042339 
0.513331    1.51593e-84    3.25576e-12    1.51593e-84    -inf    0.00424789    0.00424789 
0.50812    2.09477e-85    3.25206e-12    2.09477e-85    -inf    0.00426328    0.00426328 
0.503013    2.89502e-86    3.24846e-12    2.89502e-86    -inf    0.00427998    0.00427998 
0.498008    4.00133e-87    3.24494e-12    4.00133e-87    -inf    0.00429774    0.00429774 
0.493102    5.53042e-88    3.24151e-12    5.53042e-88    -inf    0.00431623    0.00431623 
0.488291    7.63651e-89    3.23815e-12    7.63651e-89    -inf    0.00433126    0.00433126 
0.483573    1.05519e-89    3.23488e-12    1.05519e-89    -inf    0.00434995    0.00434995 
0.478946    1.45764e-90    3.23168e-12    1.45764e-90    -inf    0.00436814    0.00436814 
0.474406    2.01131e-91    3.22855e-12    2.01131e-91    -inf    0.00438206    0.00438206 
0.469951    2.77644e-92    3.2255e-12    2.77644e-92    -inf    0.00439844    0.00439844 
0.46558    3.82844e-93    3.22251e-12    3.82844e-93    -inf    0.00441063    0.00441063 
0.461289    5.2806e-94    3.21958e-12    5.2806e-94    -inf    0.00442471    0.00442471 
0.457076    7.2766e-95    3.21672e-12    7.2766e-95    -inf    0.00443515    0.00443515 
0.45294    1.00298e-95    3.21392e-12    1.00298e-95    -inf    0.00444738    0.00444738 
0.448877    1.38142e-96    3.21118e-12    1.38142e-96    -inf    0.00445678    0.00445678 
0.444887    1.90238e-97    3.20849e-12    1.90238e-97    -inf    0.0044661    0.0044661 
0.440968    2.62101e-98    3.20586e-12    2.62101e-98    -inf    0.00447805    0.00447805 
0.437116    3.60921e-99    3.20328e-12    3.60921e-99    -inf    0.00448816    0.00448816 
0.433332    4.97024e-100    3.20075e-12    4.97024e-100    -inf    0.00449904    0.00449904 
0.429612    6.84518e-101    3.19827e-12    6.84518e-101    -inf    0.00451089    0.00451089 
0.425956    9.42861e-102    3.19585e-12    9.42861e-102    -inf    0.00452384    0.00452384 
0.422362    1.29889e-102    3.19347e-12    1.29889e-102    -inf    0.00453797    0.00453797 
0.418827    1.78962e-103    3.19113e-12    1.78962e-103    -inf    0.00455327    0.00455327 
0.415351    2.46605e-104    3.18885e-12    2.46605e-104    -inf    0.00456966    0.00456966 
0.411933    3.39844e-105    3.18661e-12    3.39844e-105    -inf    0.00458698    0.00458698 
0.40857    4.68354e-106    3.18441e-12    4.68354e-106    -inf    0.004605    0.004605 
0.405262    6.45441e-107    3.18225e-12    6.45441e-107    -inf    0.00462341    0.00462341 
0.402007    8.89395e-108    3.18014e-12    8.89395e-108    -inf    0.00464188    0.00464188 
0.398804    1.22534e-108    3.17807e-12    1.22534e-108    -inf    0.00466006    0.00466006 
0.395651    1.68777e-109    3.17604e-12    1.68777e-109    -inf    0.00467759    0.00467759 
0.392548    2.32397e-110    3.17404e-12    2.32397e-110    -inf    0.00469415    0.00469415 
0.389493    3.1963e-111    3.17208e-12    3.1963e-111    -inf    0.00470575    0.00470575 
0.386485    4.39809e-112    3.17016e-12    4.39809e-112    -inf    0.00471999    0.00471999 
0.383524    6.04919e-113    3.16827e-12    6.04919e-113    -inf    0.00473268    0.00473268 
0.380607    8.31658e-114    3.16641e-12    8.31658e-114    -inf    0.00474379    0.00474379 
0.377735    1.14237e-114    3.16459e-12    1.14237e-114    -inf    0.00475113    0.00475113 
0.374905    1.56945e-115    3.1628e-12    1.56945e-115    -inf    0.00475972    0.00475972 
0.372118    2.15468e-116    3.16103e-12    2.15468e-116    -inf    0.0047654    0.0047654 
0.369372    2.9586e-117    3.1593e-12    2.9586e-117    -inf    0.00477222    0.00477222 
0.366666    4.06169e-118    3.15759e-12    4.06169e-118    -inf    0.00477851    0.00477851 
0.363999    5.57365e-119    3.15592e-12    5.57365e-119    -inf    0.00478314    0.00478314 
0.361371    7.65066e-120    3.15426e-12    7.65066e-120    -inf    0.00478953    0.00478953 
0.35878    1.04982e-120    3.15264e-12    1.04982e-120    -inf    0.00479473    0.00479473 
0.356227    1.44123e-121    3.15104e-12    1.44123e-121    -inf    0.00480251    0.00480251 
0.353709    1.97795e-122    3.14947e-12    1.97795e-122    -inf    0.00480919    0.00480919 
0.351227    2.71482e-123    3.14792e-12    2.71482e-123    -inf    0.00481672    0.00481672 
0.34878    3.72903e-124    3.1464e-12    3.72903e-124    -inf    0.00482825    0.00482825 
0.346366    5.11992e-125    3.1449e-12    5.11992e-125    -inf    0.00483809    0.00483809 
0.343985    7.0306e-126    3.14342e-12    7.0306e-126    -inf    0.00484898    0.00484898 
0.341637    9.66395e-127    3.14197e-12    9.66395e-127    -inf    0.00486508    0.00486508 
0.339321    1.32746e-127    3.14054e-12    1.32746e-127    -inf    0.00487827    0.00487827 
0.337036    1.82362e-128    3.13913e-12    1.82362e-128    -inf    0.00489231    0.00489231 
0.334782    2.5054e-129    3.13774e-12    2.5054e-129    -inf    0.00490708    0.00490708 
0.332557    3.44584e-130    3.13638e-12    3.44584e-130    -inf    0.00492762    0.00492762 
0.330362    4.73438e-131    3.13504e-12    4.73438e-131    -inf    0.00494343    0.00494343 
0.328196    6.50444e-132    3.13372e-12    6.50444e-132    -inf    0.00495939    0.00495939 
0.326058    8.9355e-133    3.13242e-12    8.9355e-133    -inf    0.00497527    0.00497527 
0.323947    1.22736e-133    3.13114e-12    1.22736e-133    -inf    0.00499089    0.00499089 
0.321864    1.68561e-134    3.12988e-12    1.68561e-134    -inf    0.00500606    0.00500606 
0.319808    2.31665e-135    3.12864e-12    2.31665e-135    -inf    0.00502529    0.00502529 
0.317777    3.18006e-136    3.12741e-12    3.18006e-136    -inf    0.00503877    0.00503877 
0.315772    4.36418e-137    3.12621e-12    4.36418e-137    -inf    0.00505133    0.00505133 
0.313792    5.98766e-138    3.12502e-12    5.98766e-138    -inf    0.00506289    0.00506289 
0.311837    8.21289e-139    3.12385e-12    8.21289e-139    -inf    0.00507344    0.00507344 
0.309906    1.12622e-139    3.1227e-12    1.12622e-139    -inf    0.00508298    0.00508298 
0.307999    1.54398e-140    3.12156e-12    1.54398e-140    -inf    0.00509157    0.00509157 
0.306116    2.11622e-141    3.12043e-12    2.11622e-141    -inf    0.0050993    0.0050993 
0.304255    2.89998e-142    3.11933e-12    2.89998e-142    -inf    0.00510631    0.00510631 
0.302416    3.97334e-143    3.11824e-12    3.97334e-143    -inf    0.00511276    0.00511276 
0.3006    5.44115e-144    3.11716e-12    5.44115e-144    -inf    0.00511684    0.00511684 
0.298805    7.4535e-145    3.11609e-12    7.4535e-145    -inf    0.00512278    0.00512278 
0.297032    1.02095e-145    3.11504e-12    1.02095e-145    -inf    0.00512867    0.00512867 
0.29528    1.39841e-146    3.11401e-12    1.39841e-146    -inf    0.00513473    0.00513473 
0.293548    1.91548e-147    3.11299e-12    1.91548e-147    -inf    0.00514117    0.00514117 
0.291836    2.62387e-148    3.11198e-12    2.62387e-148    -inf    0.00514816    0.00514816 
0.290144    3.59456e-149    3.11098e-12    3.59456e-149    -inf    0.00515587    0.00515587 
0.288472    4.92209e-150    3.11e-12    4.92209e-150    -inf    0.00516148    0.00516148 
0.286819    6.74422e-151    3.10903e-12    6.74422e-151    -inf    0.00517066    0.00517066 
0.285185    9.24217e-152    3.10807e-12    9.24217e-152    -inf    0.00518083    0.00518083 
0.283569    1.26672e-152    3.10712e-12    1.26672e-152    -inf    0.00519202    0.00519202 
0.281971    1.73499e-153    3.10619e-12    1.73499e-153    -inf    0.00520004    0.00520004 
0.280392    2.37844e-154    3.10527e-12    2.37844e-154    -inf    0.00521286    0.00521286 
0.27883    3.26091e-155    3.10436e-12    3.26091e-155    -inf    0.00522656    0.00522656 
0.277285    4.46701e-156    3.10346e-12    4.46701e-156    -inf    0.00523611    0.00523611 
0.275757    6.12508e-157    3.10257e-12    6.12508e-157    -inf    0.00525094    0.00525094 
0.274246    8.39882e-158    3.10169e-12    8.39882e-158    -inf    0.00526619    0.00526619 
0.272752    1.15052e-158    3.10083e-12    1.15052e-158    -inf    0.00527649    0.00527649 
0.271273    1.57751e-159    3.09998e-12    1.57751e-159    -inf    0.00529194    0.00529194 
0.269811    2.16277e-160    3.09913e-12    2.16277e-160    -inf    0.00530718    0.00530718 
0.268364    2.96204e-161    3.0983e-12    2.96204e-161    -inf    0.0053171    0.0053171 
0.266933    4.05986e-162    3.09748e-12    4.05986e-162    -inf    0.00533142    0.00533142 
0.265517    5.55882e-163    3.09667e-12    5.55882e-163    -inf    0.00534049    0.00534049 
0.264116    7.61611e-164    3.09587e-12    7.61611e-164    -inf    0.00535324    0.00535324 
0.262729    1.04248e-164    3.09507e-12    1.04248e-164    -inf    0.00536108    0.00536108 
0.261357    1.42761e-165    3.09429e-12    1.42761e-165    -inf    0.00537176    0.00537176 
0.26    1.95336e-166    3.09352e-12    1.95336e-166    -inf    0.00537811    0.00537811 
0.258656    2.67362e-167    3.09275e-12    2.67362e-167    -inf    0.00538644    0.00538644 
0.257326    3.65688e-168    3.092e-12    3.65688e-168    -inf    0.00539121    0.00539121 
0.25601    5.0027e-169    3.09125e-12    5.0027e-169    -inf    0.00539722    0.00539722 
0.254707    6.84011e-170    3.09051e-12    6.84011e-170    -inf    0.00540053    0.00540053 
0.253417    9.35329e-171    3.08978e-12    9.35329e-171    -inf    0.00540457    0.00540457 
0.252141    1.2785e-171    3.08905e-12    1.2785e-171    -inf    0.00540676    0.00540676 
0.250877    1.74768e-172    3.08834e-12    1.74768e-172    -inf    0.0054095    0.0054095 
0.249626    2.38847e-173    3.08763e-12    2.38847e-173    -inf    0.00541112    0.00541112 
0.248387    3.26455e-174    3.08693e-12    3.26455e-174    -inf    0.00541352    0.00541352 
0.24716    4.46127e-175    3.08624e-12    4.46127e-175    -inf    0.00541529    0.00541529 
0.245946    6.09681e-176    3.08555e-12    6.09681e-176    -inf    0.00541734    0.00541734 
0.244743    8.33452e-177    3.08487e-12    8.33452e-177    -inf    0.00542127    0.00542127 
0.243552    1.1392e-177    3.0842e-12    1.1392e-177    -inf    0.00542467    0.00542467 
0.242373    1.55728e-178    3.08353e-12    1.55728e-178    -inf    0.00542885    0.00542885 
0.241204    2.13025e-179    3.08288e-12    2.13025e-179    -inf    0.00543693    0.00543693 
0.240048    2.91323e-180    3.08223e-12    2.91323e-180    -inf    0.00544372    0.00544372 
0.238902    3.9848e-181    3.08158e-12    3.9848e-181    -inf    0.00545181    0.00545181 
0.237767    5.45706e-182    3.08094e-12    5.45706e-182    -inf    0.00546664    0.00546664 
0.236643    7.46895e-183    3.08031e-12    7.46895e-183    -inf    0.00547852    0.00547852 
0.235529    1.02254e-183    3.07969e-12    1.02254e-183    -inf    0.00549212    0.00549212 
0.234426    1.40032e-184    3.07908e-12    1.40032e-184    -inf    0.00550756    0.00550756 
0.233333    1.92155e-185    3.07847e-12    1.92155e-185    -inf    0.00553438    0.00553438 
0.23225    2.63363e-186    3.07787e-12    2.63363e-186    -inf    0.00555481    0.00555481 
0.231178    3.61078e-187    3.07727e-12    3.61078e-187    -inf    0.00557738    0.00557738 
0.230115    4.95219e-188    3.07668e-12    4.95219e-188    -inf    0.00560212    0.00560212 
0.229061    6.81157e-189    3.0761e-12    6.81157e-189    -inf    0.00564344    0.00564344 
0.228018    9.35028e-190    3.07553e-12    9.35028e-190    -inf    0.00567381    0.00567381 
0.226984    1.28395e-190    3.07496e-12    1.28395e-190    -inf    0.00570646    0.00570646 
0.225959    1.76367e-191    3.0744e-12    1.76367e-191    -inf    0.00574139    0.00574139 
0.224944    2.42341e-192    3.07385e-12    2.42341e-192    -inf    0.00577856    0.00577856 
0.223937    3.34269e-193    3.0733e-12    3.34269e-193    -inf    0.00583844    0.00583844 
0.22294    4.59656e-194    3.07277e-12    4.59656e-194    -inf    0.00588103    0.00588103 
0.221951    6.32242e-195    3.07224e-12    6.32242e-195    -inf    0.00592567    0.00592567 
0.220971    8.69837e-196    3.07171e-12    8.69837e-196    -inf    0.00597225    0.00597225 
0.22    1.19698e-196    3.07119e-12    1.19698e-196    -inf    0.00602068    0.00602068 
0.219037    1.64747e-197    3.07068e-12    1.64747e-197    -inf    0.00607082    0.00607082 
0.218083    2.26787e-198    3.07018e-12    2.26787e-198    -inf    0.00612253    0.00612253 
0.217136    3.12231e-199    3.06968e-12    3.12231e-199    -inf    0.00617567    0.00617567 
0.216198    4.29909e-200    3.06919e-12    4.29909e-200    -inf    0.00623007    0.00623007 
0.215269    5.94624e-201    3.06871e-12    5.94624e-201    -inf    0.00631363    0.00631363 
0.214347    8.18836e-202    3.06823e-12    8.18836e-202    -inf    0.00637038    0.00637038 
0.213433    1.12758e-202    3.06776e-12    1.12758e-202    -inf    0.00642774    0.00642774 
0.212526    1.55266e-203    3.0673e-12    1.55266e-203    -inf    0.00648551    0.00648551 
0.211628    2.13784e-204    3.06684e-12    2.13784e-204    -inf    0.0065435    0.0065435 
0.210737    2.94326e-205    3.06639e-12    2.94326e-205    -inf    0.00660151    0.00660151 
0.209853    4.05161e-206    3.06594e-12    4.05161e-206    -inf    0.00665935    0.00665935 
0.208977    5.57646e-207    3.0655e-12    5.57646e-207    -inf    0.00671684    0.00671684 
0.208108    7.67388e-208    3.06507e-12    7.67388e-208    -inf    0.00677383    0.00677383 
0.207246    1.05581e-208    3.06464e-12    1.05581e-208    -inf    0.00683015    0.00683015 
0.206392    1.45234e-209    3.06421e-12    1.45234e-209    -inf    0.00688568    0.00688568 
0.205544    1.99734e-210    3.0638e-12    1.99734e-210    -inf    0.0069403    0.0069403 
0.204703    2.74624e-211    3.06338e-12    2.74624e-211    -inf    0.00699393    0.00699393 
0.203869    3.77504e-212    3.06297e-12    3.77504e-212    -inf    0.0070465    0.0070465 
0.203042    5.18805e-213    3.06257e-12    5.18805e-213    -inf    0.00709797    0.00709797 
0.202222    7.1283e-214    3.06217e-12    7.1283e-214    -inf    0.00714835    0.00714835 
0.201408    9.79197e-215    3.06178e-12    9.79197e-215    -inf    0.00719764    0.00719764 
0.200601    1.34481e-215    3.06139e-12    1.34481e-215    -inf    0.0072459    0.0072459 
0.1998    1.84657e-216    3.061e-12    1.84657e-216    -inf    0.0072932    0.0072932 
0.199006    2.52709e-217    3.06062e-12    2.52709e-217    -inf    0.00731652    0.00731652 
0.198218    3.46901e-218    3.06025e-12    3.46901e-218    -inf    0.00736259    0.00736259 
0.197436    4.76128e-219    3.05988e-12    4.76128e-219    -inf    0.00740799    0.00740799 
0.19666    6.53411e-220    3.05951e-12    6.53411e-220    -inf    0.0074529    0.0074529 
0.19589    8.96613e-221    3.05914e-12    8.96613e-221    -inf    0.00749748    0.00749748 
0.195127    1.23024e-221    3.05878e-12    1.23024e-221    -inf    0.00754194    0.00754194 
0.194369    1.68793e-222    3.05843e-12    1.68793e-222    -inf    0.00758647    0.00758647 
0.193617    2.31586e-223    3.05808e-12    2.31586e-223    -inf    0.0076313    0.0076313 
0.192871    3.17742e-224    3.05773e-12    3.17742e-224    -inf    0.00767664    0.00767664 
0.19213    4.34659e-225    3.05738e-12    4.34659e-225    -inf    0.00769957    0.00769957 
0.191396    5.96396e-226    3.05704e-12    5.96396e-226    -inf    0.0077461    0.0077461 
0.190666    8.18381e-227    3.0567e-12    8.18381e-227    -inf    0.0077937    0.0077937 
0.189943    1.12311e-227    3.05637e-12    1.12311e-227    -inf    0.00784258    0.00784258 
0.189225    1.5415e-228    3.05604e-12    1.5415e-228    -inf    0.00789296    0.00789296 
0.188512    2.11607e-229    3.05571e-12    2.11607e-229    -inf    0.00794502    0.00794502 
0.187805    2.89542e-230    3.05539e-12    2.89542e-230    -inf    0.00797174    0.00797174 
0.187103    3.97564e-231    3.05507e-12    3.97564e-231    -inf    0.00802666    0.00802666 
0.186406    5.45993e-232    3.05475e-12    5.45993e-232    -inf    0.00808369    0.00808369 
0.185714    7.49989e-233    3.05444e-12    7.49989e-233    -inf    0.00814296    0.00814296 
0.185028    1.03042e-233    3.05413e-12    1.03042e-233    -inf    0.00820457    0.00820457 
0.184346    1.41049e-234    3.05382e-12    1.41049e-234    -inf    0.00823629    0.00823629 
0.18367    1.93851e-235    3.05352e-12    1.93851e-235    -inf    0.00830159    0.00830159 
0.182998    2.66478e-236    3.05322e-12    2.66478e-236    -inf    0.00836941    0.00836941 
0.182331    3.66394e-237    3.05292e-12    3.66394e-237    -inf    0.00843975    0.00843975 
0.18167    5.01703e-238    3.05263e-12    5.01703e-238    -inf    0.00847587    0.00847587 
0.181013    6.90021e-239    3.05234e-12    6.90021e-239    -inf    0.00854999    0.00854999 
0.18036    9.49205e-240    3.05205e-12    9.49205e-240    -inf    0.00862655    0.00862655 
0.179713    1.30597e-240    3.05177e-12    1.30597e-240    -inf    0.00870545    0.00870545 
0.17907    1.78874e-241    3.05149e-12    1.78874e-241    -inf    0.00874575    0.00874575 
0.178431    2.46156e-242    3.05121e-12    2.46156e-242    -inf    0.00882794    0.00882794 
0.177797    3.38785e-243    3.05094e-12    3.38785e-243    -inf    0.0089121    0.0089121 
0.177168    4.66311e-244    3.05067e-12    4.66311e-244    -inf    0.00899803    0.00899803 
0.176543    6.38777e-245    3.0504e-12    6.38777e-245    -inf    0.00904159    0.00904159 
0.175923    8.79287e-246    3.05014e-12    8.79287e-246    -inf    0.00912972    0.00912972 
0.175306    1.21037e-246    3.04987e-12    1.21037e-246    -inf    0.00921898    0.00921898 
0.174694    1.65799e-247    3.04961e-12    1.65799e-247    -inf    0.00926394    0.00926394 
0.174087    2.28214e-248    3.04936e-12    2.28214e-248    -inf    0.00935433    0.00935433 
0.173483    3.14102e-249    3.04911e-12    3.14102e-249    -inf    0.00944504    0.00944504 
0.172884    4.3021e-250    3.04886e-12    4.3021e-250    -inf    0.00949041    0.00949041 
0.172289    5.92006e-251    3.04861e-12    5.92006e-251    -inf    0.00958097    0.00958097 
0.171698    8.14517e-252    3.04836e-12    8.14517e-252    -inf    0.00967096    0.00967096 
0.171111    1.11534e-252    3.04812e-12    1.11534e-252    -inf    0.00971564    0.00971564 
0.170528    1.53406e-253    3.04788e-12    1.53406e-253    -inf    0.00980412    0.00980412 
0.169949    2.10946e-254    3.04764e-12    2.10946e-254    -inf    0.00989114    0.00989114 
0.169374    2.88757e-255    3.04741e-12    2.88757e-255    -inf    0.009934    0.009934 
0.168803    3.96894e-256    3.04718e-12    3.96894e-256    -inf    0.0100182    0.0100182 
0.168235    5.45356e-257    3.04695e-12    5.45356e-257    -inf    0.0101001    0.0101001 
0.167672    7.46207e-258    3.04672e-12    7.46207e-258    -inf    0.0101402    0.0101402 
0.167112    1.02481e-258    3.0465e-12    1.02481e-258    -inf    0.0102182    0.0102182 
0.166556    1.40184e-259    3.04627e-12    1.40184e-259    -inf    0.0102561    0.0102561 
0.166003    1.92417e-260    3.04605e-12    1.92417e-260    -inf    0.0103297    0.0103297 
0.165454    2.64014e-261    3.04583e-12    2.64014e-261    -inf    0.0104002    0.0104002 
0.164909    3.60969e-262    3.04562e-12    3.60969e-262    -inf    0.0104342    0.0104342 
0.164368    4.95003e-263    3.0454e-12    4.95003e-263    -inf    0.0104998    0.0104998 
0.16383    6.76584e-264    3.04519e-12    6.76584e-264    -inf    0.0105313    0.0105313 
0.163295    9.27292e-265    3.04498e-12    9.27292e-265    -inf    0.0105919    0.0105919 
0.162764    1.26708e-265    3.04477e-12    1.26708e-265    -inf    0.0106209    0.0106209 
0.162237    1.73567e-266    3.04456e-12    1.73567e-266    -inf    0.0106766    0.0106766 
0.161712    2.37676e-267    3.04436e-12    2.37676e-267    -inf    0.0107293    0.0107293 
0.161192    3.24625e-268    3.04415e-12    3.24625e-268    -inf    0.0107545    0.0107545 
0.160674    4.44325e-269    3.04395e-12    4.44325e-269    -inf    0.0108029    0.0108029 
0.16016    6.06731e-270    3.04375e-12    6.06731e-270    -inf    0.0108261    0.0108261 
0.159649    8.30118e-271    3.04355e-12    8.30118e-271    -inf    0.0108707    0.0108707 
0.159141    1.13331e-271    3.04336e-12    1.13331e-271    -inf    0.0108922    0.0108922 
0.158637    1.55006e-272    3.04316e-12    1.55006e-272    -inf    0.0109338    0.0109338 
0.158136    2.11585e-273    3.04297e-12    2.11585e-273    -inf    0.010954    0.010954 
0.157638    2.89315e-274    3.04278e-12    2.89315e-274    -inf    0.0109933    0.0109933 
0.157143    3.94872e-275    3.04258e-12    3.94872e-275    -inf    0.0110125    0.0110125 
0.156651    5.39842e-276    3.0424e-12    5.39842e-276    -inf    0.0110505    0.0110505 
0.156162    7.3674e-277    3.04221e-12    7.3674e-277    -inf    0.0110692    0.0110692 
0.155676    1.00712e-277    3.04202e-12    1.00712e-277    -inf    0.0111066    0.0111066 
0.155194    1.3744e-278    3.04184e-12    1.3744e-278    -inf    0.0111253    0.0111253 
0.154714    1.87878e-279    3.04165e-12    1.87878e-279    -inf    0.011163    0.011163 
0.154237    2.56392e-280    3.04147e-12    2.56392e-280    -inf    0.0111821    0.0111821 
0.153763    3.50506e-281    3.04129e-12    3.50506e-281    -inf    0.0112211    0.0112211 
0.153292    4.78343e-282    3.04111e-12    4.78343e-282    -inf    0.011241    0.011241 
0.152824    6.54017e-283    3.04093e-12    6.54017e-283    -inf    0.011282    0.011282 
0.152359    8.92614e-284    3.04076e-12    8.92614e-284    -inf    0.0113031    0.0113031 
0.151897    1.22067e-284    3.04058e-12    1.22067e-284    -inf    0.0113469    0.0113469 
0.151437    1.66615e-285    3.04041e-12    1.66615e-285    -inf    0.0113696    0.0113696 
0.15098    2.27906e-286    3.04023e-12    2.27906e-286    -inf    0.0114167    0.0114167 
0.150526    3.11119e-287    3.04006e-12    3.11119e-287    -inf    0.0114413    0.0114413 
0.150075    4.25691e-288    3.03989e-12    4.25691e-288    -inf    0.0114924    0.0114924 
0.149626    5.812e-289    3.03972e-12    5.812e-289    -inf    0.011519    0.011519 
0.14918    7.95487e-290    3.03955e-12    7.95487e-290    -inf    0.0115745    0.0115745 
0.148737    1.08625e-290    3.03939e-12    1.08625e-290    -inf    0.0116034    0.0116034 
0.148296    1.48336e-291    3.03922e-12    1.48336e-291    -inf    0.011633    0.011633 
0.147858    2.03118e-292    3.03906e-12    2.03118e-292    -inf    0.0116947    0.0116947 
0.147423    2.77418e-293    3.0389e-12    2.77418e-293    -inf    0.0117268    0.0117268 
0.14699    3.79998e-294    3.03874e-12    3.79998e-294    -inf    0.0117932    0.0117932 
0.146559    5.19079e-295    3.03858e-12    5.19079e-295    -inf    0.0118276    0.0118276 
0.146131    7.11246e-296    3.03842e-12    7.11246e-296    -inf    0.0118988    0.0118988 
0.145706    9.71703e-297    3.03826e-12    9.71703e-297    -inf    0.0119355    0.0119355 
0.145283    1.32759e-297    3.0381e-12    1.32759e-297    -inf    0.011973    0.011973 
0.144862    1.81977e-298    3.03795e-12    1.81977e-298    -inf    0.0120501    0.0120501 
0.144444    2.48656e-299    3.0378e-12    2.48656e-299    -inf    0.0120896    0.0120896 
0.144029    3.4092e-300    3.03764e-12    3.4092e-300    -inf    0.0121706    0.0121706 
0.143615    4.65881e-301    3.03749e-12    4.65881e-301    -inf    0.012212    0.012212 
0.143205    6.36659e-302    3.03734e-12    6.36659e-302    -inf    0.012254    0.012254 
0.142796    8.73091e-303    3.0372e-12    8.73091e-303    -inf    0.0123393    0.0123393 
0.14239    1.1932e-303    3.03705e-12    1.1932e-303    -inf    0.0123827    0.0123827 
0.141986    1.63069e-304    3.0369e-12    1.63069e-304    -inf    0.0124264    0.0124264 
0.141584    2.2365e-305    3.03676e-12    2.2365e-305    -inf    0.0125147    0.0125147 
0.141185    3.05654e-306    3.03661e-12    3.05654e-306    -inf    0.0125593    0.0125593 
0.140788    4.1772e-307    3.03647e-12    4.1772e-307    -inf    0.012604    0.012604 
0.140393    5.72891e-308    3.03633e-12    5.72891e-308    -inf    0.0126937    0.0126937 
0.14    7.82901e-309    3.03619e-12    7.82901e-309    -inf    0.0127386    0.0127386 
0.139609    1.07361e-309    3.03605e-12    1.07361e-309    -inf    0.0128282    0.0128282 
0.139221    1.46705e-310    3.03591e-12    1.46705e-310    -inf    0.0128728    0.0128728 
0.138835    2.00459e-311    3.03577e-12    2.00459e-311    -inf    0.0129172    0.0129172 
0.138451    2.74818e-312    3.03564e-12    2.74818e-312    -inf    0.0130049    0.0130049 
0.138069    3.75461e-313    3.0355e-12    3.75461e-313    -inf    0.0130482    0.0130482 
0.137689    5.12931e-314    3.03537e-12    5.12931e-314    -inf    0.013091    0.013091 
0.137311    7.02916e-315    3.03524e-12    7.02916e-315    -inf    0.013175    0.013175 
0.136936    9.60093e-316    3.03511e-12    9.60093e-316    -inf    0.0132161    0.0132161 
0.136562    1.31123e-316    3.03497e-12    1.31123e-316    -inf    0.0132564    0.0132564 
0.13619    1.79514e-317    3.03484e-12    1.79514e-317    -inf    0.0133348    0.0133348 
0.135821    2.44321e-318    3.03472e-12    2.44321e-318    -inf    0.0133728    0.0133728 
0.135453    3.45461e-319    3.03459e-12    3.45461e-319    -inf    0.0134098    0.0134098 
0.135088    4.54244e-320    3.03446e-12    4.54244e-320    -inf    0.0134459    0.0134459 
0.134724    0    3.03434e-12    0    -inf    0.0135152    0.0135152 
0.134362    0    3.03421e-12    0    -inf    0.0135483    0.0135483 
0.134003    0    3.03409e-12    0    -inf    0.0135801    0.0135801 
0.133645    0    3.03396e-12    0    -inf    0.0136408    0.0136408 
0.133289    0    3.03384e-12    0    -inf    0.0136694    0.0136694 
0.132935    0    3.03372e-12    0    -inf    0.0136969    0.0136969 
0.132583    0    3.0336e-12    0    -inf    0.0137231    0.0137231 
0.132232    0    3.03348e-12    0    -inf    0.0137721    0.0137721 
0.131884    0    3.03336e-12    0    -inf    0.0137948    0.0137948 
0.131537    0    3.03324e-12    0    -inf    0.0138164    0.0138164 
0.131193    0    3.03312e-12    0    -inf    0.0138559    0.0138559 
0.13085    0    3.03301e-12    0    -inf    0.0138741    0.0138741 
0.130508    0    3.03289e-12    0    -inf    0.013891    0.013891 
0.130169    0    3.03277e-12    0    -inf    0.0139069    0.0139069 
0.129831    0    3.03266e-12    0    -inf    0.0139355    0.0139355 
0.129495    0    3.03254e-12    0    -inf    0.0139483    0.0139483 
0.129161    0    3.03243e-12    0    -inf    0.0139602    0.0139602 
0.128829    0    3.03232e-12    0    -inf    0.0139711    0.0139711 
0.128498    0    3.03221e-12    0    -inf    0.0139905    0.0139905 
0.128169    0    3.03209e-12    0    -inf    0.013999    0.013999 
0.127842    0    3.03198e-12    0    -inf    0.0140067    0.0140067 
0.127516    0    3.03187e-12    0    -inf    0.0140139    0.0140139 
0.127192    0    3.03176e-12    0    -inf    0.0140203    0.0140203 
0.126869    0    3.03165e-12    0    -inf    0.0140318    0.0140318 
0.126549    0    3.03154e-12    0    -inf    0.0140367    0.0140367 
0.126229    0    3.03144e-12    0    -inf    0.0140414    0.0140414 
0.125912    0    3.03133e-12    0    -inf    0.0140457    0.0140457 
0.125596    0    3.03122e-12    0    -inf    0.0140535    0.0140535 
0.125282    0    3.03112e-12    0    -inf    0.0140571    0.0140571 
0.124969    0    3.03101e-12    0    -inf    0.0140606    0.0140606 
0.124658    0    3.0309e-12    0    -inf    0.0140642    0.0140642 
0.124348    0    3.0308e-12    0    -inf    0.0140676    0.0140676 
0.12404    0    3.0307e-12    0    -inf    0.014075    0.014075 
0.123733    0    3.03059e-12    0    -inf    0.014079    0.014079 
0.123428    0    3.03049e-12    0    -inf    0.014083    0.014083 
0.123124    0    3.03039e-12    0    -inf    0.0140874    0.0140874 
0.122822    0    3.03028e-12    0    -inf    0.0140921    0.0140921 
0.122521    0    3.03018e-12    0    -inf    0.0141027    0.0141027 
0.122222    0    3.03008e-12    0    -inf    0.0141087    0.0141087 
0.121924    0    3.02998e-12    0    -inf    0.014115    0.014115 
0.121628    0    3.02988e-12    0    -inf    0.0141221    0.0141221 
0.121333    0    3.02978e-12    0    -inf    0.0141296    0.0141296 
0.12104    0    3.02968e-12    0    -inf    0.0141376    0.0141376 
0.120748    0    3.02958e-12    0    -inf    0.0141557    0.0141557 
0.120457    0    3.02949e-12    0    -inf    0.0141657    0.0141657 
0.120168    0    3.02939e-12    0    -inf    0.0141764    0.0141764 
0.11988    0    3.02929e-12    0    -inf    0.0141877    0.0141877 
0.119594    0    3.0292e-12    0    -inf    0.0142    0.0142 
0.119309    0    3.0291e-12    0    -inf    0.0142127    0.0142127 
0.119025    0    3.02901e-12    0    -inf    0.0142406    0.0142406 
0.118743    0    3.02891e-12    0    -inf    0.0142558    0.0142558 
0.118462    0    3.02882e-12    0    -inf    0.0142717    0.0142717 
0.118182    0    3.02872e-12    0    -inf    0.0142882    0.0142882 
0.117903    0    3.02863e-12    0    -inf    0.0143057    0.0143057 
0.117626    0    3.02854e-12    0    -inf    0.0143237    0.0143237 
0.117351    0    3.02844e-12    0    -inf    0.0143425    0.0143425 
0.117076    0    3.02835e-12    0    -inf    0.0143621    0.0143621 
0.116803    0    3.02826e-12    0    -inf    0.0144033    0.0144033 
0.116531    0    3.02817e-12    0    -inf    0.0144252    0.0144252 
0.11626    0    3.02808e-12    0    -inf    0.0144474    0.0144474 
0.115991    0    3.02799e-12    0    -inf    0.0144704    0.0144704 
0.115723    0    3.0279e-12    0    -inf    0.0144939    0.0144939 
0.115456    0    3.02781e-12    0    -inf    0.0145181    0.0145181 
0.11519    0    3.02772e-12    0    -inf    0.0145428    0.0145428 
0.114925    0    3.02764e-12    0    -inf    0.014568    0.014568 
0.114662    0    3.02755e-12    0    -inf    0.0146199    0.0146199 
0.1144    0    3.02746e-12    0    -inf    0.0146466    0.0146466 
0.114139    0    3.02738e-12    0    -inf    0.0146735    0.0146735 
0.113879    0    3.02729e-12    0    -inf    0.0147007    0.0147007 
0.113621    0    3.0272e-12    0    -inf    0.0147284    0.0147284 
0.113364    0    3.02712e-12    0    -inf    0.0147563    0.0147563 
0.113107    0    3.02704e-12    0    -inf    0.0147841    0.0147841 
0.112852    0    3.02695e-12    0    -inf    0.0148126    0.0148126 
0.112598    0    3.02687e-12    0    -inf    0.0148408    0.0148408 
0.112346    0    3.02679e-12    0    -inf    0.0148695    0.0148695 
0.112094    0    3.0267e-12    0    -inf    0.0148981    0.0148981 
0.111844    0    3.02662e-12    0    -inf    0.0149551    0.0149551 
0.111594    0    3.02654e-12    0    -inf    0.0149833    0.0149833 
0.111346    0    3.02646e-12    0    -inf    0.0150115    0.0150115 
0.111099    0    3.02638e-12    0    -inf    0.0150398    0.0150398 
0.110853    0    3.0263e-12    0    -inf    0.0150675    0.0150675 
0.110608    0    3.02622e-12    0    -inf    0.0150951    0.0150951 
0.110364    0    3.02614e-12    0    -inf    0.0151225    0.0151225 
0.110121    0    3.02606e-12    0    -inf    0.0151493    0.0151493 
0.109879    0    3.02598e-12    0    -inf    0.0151758    0.0151758 
0.109639    0    3.0259e-12    0    -inf    0.0152019    0.0152019 
0.109399    0    3.02582e-12    0    -inf    0.0152276    0.0152276 
0.10916    0    3.02575e-12    0    -inf    0.0152528    0.0152528 
0.108923    0    3.02567e-12    0    -inf    0.0152776    0.0152776 
0.108686    0    3.02559e-12    0    -inf    0.0153019    0.0153019 
0.108451    0    3.02552e-12    0    -inf    0.0153251    0.0153251 
0.108216    0    3.02544e-12    0    -inf    0.015348    0.015348 
0.107983    0    3.02537e-12    0    -inf    0.0153702    0.0153702 
0.10775    0    3.02529e-12    0    -inf    0.0154131    0.0154131 
0.107519    0    3.02522e-12    0    -inf    0.0154333    0.0154333 
0.107288    0    3.02514e-12    0    -inf    0.0154531    0.0154531 
0.107059    0    3.02507e-12    0    -inf    0.0154718    0.0154718 
0.10683    0    3.025e-12    0    -inf    0.01549    0.01549 
0.106603    0    3.02492e-12    0    -inf    0.0155073    0.0155073 
0.106376    0    3.02485e-12    0    -inf    0.0155244    0.0155244 
0.106151    0    3.02478e-12    0    -inf    0.0155405    0.0155405 
0.105926    0    3.02471e-12    0    -inf    0.0155557    0.0155557 
0.105702    0    3.02463e-12    0    -inf    0.0155704    0.0155704 
0.105479    0    3.02456e-12    0    -inf    0.0155843    0.0155843 
0.105258    0    3.02449e-12    0    -inf    0.0155976    0.0155976 
0.105037    0    3.02442e-12    0    -inf    0.0156101    0.0156101 
0.104817    0    3.02435e-12    0    -inf    0.0156221    0.0156221 
0.104598    0    3.02428e-12    0    -inf    0.0156335    0.0156335 
0.10438    0    3.02421e-12    0    -inf    0.0156444    0.0156444 
0.104162    0    3.02414e-12    0    -inf    0.0156543    0.0156543 
0.103946    0    3.02407e-12    0    -inf    0.0156639    0.0156639 
0.103731    0    3.024e-12    0    -inf    0.0156728    0.0156728 
0.103516    0    3.02394e-12    0    -inf    0.0156817    0.0156817 
0.103302    0    3.02387e-12    0    -inf    0.0156898    0.0156898 
0.10309    0    3.0238e-12    0    -inf    0.0156975    0.0156975 
0.102878    0    3.02373e-12    0    -inf    0.0157047    0.0157047 
0.102667    0    3.02367e-12    0    -inf    0.0157116    0.0157116 
0.102456    0    3.0236e-12    0    -inf    0.0157182    0.0157182 
0.102247    0    3.02353e-12    0    -inf    0.0157246    0.0157246 
0.102039    0    3.02347e-12    0    -inf    0.0157305    0.0157305 
0.101831    0    3.0234e-12    0    -inf    0.0157362    0.0157362 
0.101624    0    3.02333e-12    0    -inf    0.0157422    0.0157422 
0.101418    0    3.02327e-12    0    -inf    0.0157478    0.0157478 
0.101213    0    3.0232e-12    0    -inf    0.0157529    0.0157529 
0.101009    0    3.02314e-12    0    -inf    0.0157587    0.0157587 
0.100806    0    3.02307e-12    0    -inf    0.0157638    0.0157638 
0.100603    0    3.02301e-12    0    -inf    0.015769    0.015769 
0.100401    0    3.02295e-12    0    -inf    0.0157747    0.0157747 
0.1002    0    3.02288e-12    0    -inf    0.0157801    0.0157801 
