14.2857    3.61057e-05    3.61057e-05    3.61057e-05    3.61057e-05    0.00319437    0.00319437 
12.5    1.58227e-05    1.58227e-05    1.58227e-05    1.58227e-05    0.00320737    0.00320737 
11.1111    6.80311e-06    6.80313e-06    6.80311e-06    6.80313e-06    0.00321524    0.00321524 
10    2.88129e-06    2.88131e-06    2.88129e-06    2.88131e-06    0.00322036    0.00322036 
9.09091    1.20535e-06    1.20538e-06    1.20535e-06    1.20538e-06    0.00322383    0.00322383 
8.33333    4.99103e-07    4.99144e-07    4.99103e-07    4.99142e-07    0.00322643    0.00322643 
7.69231    2.04886e-07    2.04933e-07    2.04886e-07    2.04933e-07    0.00322863    0.00322863 
7.14286    8.3485e-08    8.354e-08    8.3485e-08    8.35396e-08    0.00323064    0.00323064 
6.66667    3.37987e-08    3.38621e-08    3.37987e-08    3.38619e-08    0.00323259    0.00323259 
6.25    1.36061e-08    1.36785e-08    1.36061e-08    1.36784e-08    0.00323459    0.00323459 
5.88235    5.44996e-09    5.53152e-09    5.44996e-09    5.53148e-09    0.00323666    0.00323666 
5.55556    2.1733e-09    2.26372e-09    2.1733e-09    2.2637e-09    0.0032389    0.0032389 
5.26316    8.63177e-10    9.60692e-10    8.63177e-10    9.60682e-10    0.00324121    0.00324121 
5    3.41597e-10    4.42115e-10    3.41597e-10    4.42111e-10    0.00324367    0.00324367 
4.7619    1.34738e-10    2.32554e-10    1.34738e-10    2.32552e-10    0.00324617    0.00324617 
4.54545    5.29891e-11    1.43178e-10    5.29891e-11    1.43177e-10    0.00324893    0.00324893 
4.34783    2.07816e-11    1.01024e-10    2.07816e-11    1.01024e-10    0.00325168    0.00325168 
4.16667    8.13009e-12    7.8483e-11    8.13009e-12    7.84826e-11    0.00325468    0.00325468 
4    3.1731e-12    6.49188e-11    3.1731e-12    6.49185e-11    0.00325762    0.00325762 
3.84615    1.23583e-12    5.59562e-11    1.23583e-12    5.5956e-11    0.0032608    0.0032608 
3.7037    4.80381e-13    4.96112e-11    4.80381e-13    4.9611e-11    0.00326424    0.00326424 
3.57143    1.86371e-13    4.48864e-11    1.86371e-13    4.48863e-11    0.00326754    0.00326754 
3.44827    7.21841e-14    4.12323e-11    7.21841e-14    4.12322e-11    0.00327107    0.00327107 
3.33333    2.79122e-14    3.83221e-11    2.79122e-14    3.8322e-11    0.00327462    0.00327462 
3.2258    1.07773e-14    3.59498e-11    1.07773e-14    3.59497e-11    0.0032784    0.0032784 
3.12499    4.15556e-15    3.39789e-11    4.15556e-15    3.39788e-11    0.00328241    0.00328241 
3.0303    1.60002e-15    3.23157e-11    1.60002e-15    3.23156e-11    0.00328614    0.00328614 
2.94117    6.15361e-16    3.08933e-11    6.15361e-16    3.08932e-11    0.00329035    0.00329035 
2.85714    2.36375e-16    2.96631e-11    2.36375e-16    2.9663e-11    0.0032945    0.0032945 
2.77777    9.0691e-17    2.85885e-11    9.0691e-17    2.85884e-11    0.00329855    0.00329855 
2.7027    3.47637e-17    2.76419e-11    3.47637e-17    2.76419e-11    0.00330313    0.00330313 
2.63157    1.33115e-17    2.68018e-11    1.33115e-17    2.68017e-11    0.0033076    0.0033076 
2.5641    5.09197e-18    2.60511e-11    5.09197e-18    2.6051e-11    0.00331191    0.00331191 
2.5    1.9461e-18    2.53763e-11    1.9461e-18    2.53762e-11    0.00331641    0.00331641 
2.43902    7.43165e-19    2.47665e-11    7.43165e-19    2.47665e-11    0.0033211    0.0033211 
2.38095    2.83574e-19    2.42128e-11    2.83574e-19    2.42127e-11    0.00332599    0.00332599 
2.32558    1.0811e-19    2.37078e-11    1.0811e-19    2.37077e-11    0.00333065    0.00333065 
2.27272    4.11868e-20    2.32453e-11    4.11868e-20    2.32452e-11    0.00333548    0.00333548 
2.22222    1.56802e-20    2.28202e-11    1.56802e-20    2.28202e-11    0.00334049    0.00334049 
2.17391    5.96576e-21    2.24282e-11    5.96576e-21    2.24282e-11    0.00334568    0.00334568 
2.12766    2.26801e-21    2.20656e-11    2.26801e-21    2.20655e-11    0.00335055    0.00335055 
2.08333    8.61716e-22    2.17291e-11    8.61716e-22    2.17291e-11    0.00335559    0.00335559 
2.04081    3.27216e-22    2.14162e-11    3.27216e-22    2.14161e-11    0.00336078    0.00336078 
2    1.24184e-22    2.11243e-11    1.24184e-22    2.11243e-11    0.00336613    0.00336613 
1.96078    4.71052e-23    2.08515e-11    4.71052e-23    2.08514e-11    0.00337164    0.00337164 
1.92307    1.78558e-23    2.05959e-11    1.78558e-23    2.05959e-11    0.00337674    0.00337674 
1.88679    6.76513e-24    2.03561e-11    6.76513e-24    2.0356e-11    0.00338197    0.00338197 
1.85185    2.56193e-24    2.01305e-11    2.56193e-24    2.01304e-11    0.00338734    0.00338734 
1.81818    9.69757e-25    1.99179e-11    9.69757e-25    1.99179e-11    0.00339284    0.00339284 
1.78571    3.66917e-25    1.97173e-11    3.66917e-25    1.97173e-11    0.00339848    0.00339848 
1.75438    1.38742e-25    1.95277e-11    1.38742e-25    1.95277e-11    0.00340361    0.00340361 
1.72414    5.24509e-26    1.93482e-11    5.24509e-26    1.93482e-11    0.00340951    0.00340951 
1.69491    1.98172e-26    1.91781e-11    1.98172e-26    1.9178e-11    0.00341487    0.00341487 
1.66666    7.48455e-27    1.90165e-11    7.48455e-27    1.90165e-11    0.00342034    0.00342034 
1.63934    2.82571e-27    1.8863e-11    2.82571e-27    1.88629e-11    0.00342591    0.00342591 
1.6129    1.06643e-27    1.87168e-11    1.06643e-27    1.87168e-11    0.0034316    0.0034316 
1.5873    4.02251e-28    1.85776e-11    4.02251e-28    1.85775e-11    0.00343666    0.00343666 
1.5625    1.51707e-28    1.84448e-11    1.51707e-28    1.84447e-11    0.00344254    0.00344254 
1.53846    5.71972e-29    1.83179e-11    5.71972e-29    1.83179e-11    0.00344853    0.00344853 
1.51515    2.15531e-29    1.81967e-11    2.15531e-29    1.81966e-11    0.00345386    0.00345386 
1.49254    8.11914e-30    1.80807e-11    8.11914e-30    1.80806e-11    0.00345927    0.00345927 
1.47059    3.05759e-30    1.79696e-11    3.05759e-30    1.79695e-11    0.00346476    0.00346476 
1.44927    1.15112e-30    1.78631e-11    1.15112e-30    1.7863e-11    0.00347033    0.00347033 
1.42857    4.33252e-31    1.77609e-11    4.33252e-31    1.77609e-11    0.00347598    0.00347598 
1.40845    1.6302e-31    1.76628e-11    1.6302e-31    1.76628e-11    0.00348171    0.00348171 
1.38889    6.13229e-32    1.75685e-11    6.13229e-32    1.75685e-11    0.00348751    0.00348751 
1.36986    2.30617e-32    1.74779e-11    2.30617e-32    1.74778e-11    0.00349339    0.00349339 
1.35135    8.66853e-33    1.73907e-11    8.66853e-33    1.73906e-11    0.00349848    0.00349848 
1.33333    3.25834e-33    1.73067e-11    3.25834e-33    1.73066e-11    0.0035045    0.0035045 
1.31579    1.22415e-33    1.72257e-11    1.22415e-33    1.72256e-11    0.00350971    0.00350971 
1.2987    4.59801e-34    1.71476e-11    4.59801e-34    1.71476e-11    0.00351498    0.00351498 
1.28205    1.72708e-34    1.70723e-11    1.72708e-34    1.70722e-11    0.00352118    0.00352118 
1.26582    6.48409e-35    1.69996e-11    6.48409e-35    1.69995e-11    0.00352656    0.00352656 
1.25    2.43382e-35    1.69293e-11    2.43382e-35    1.69292e-11    0.00353198    0.00353198 
1.23457    9.13346e-36    1.68614e-11    9.13346e-36    1.68613e-11    0.00353745    0.00353745 
1.21951    3.42681e-36    1.67957e-11    3.42681e-36    1.67956e-11    0.00354297    0.00354297 
1.20482    1.28545e-36    1.67321e-11    1.28545e-36    1.67321e-11    0.00354853    0.00354853 
1.19048    4.81968e-37    1.66706e-11    4.81968e-37    1.66705e-11    0.0035532    0.0035532 
1.17647    1.80722e-37    1.6611e-11    1.80722e-37    1.66109e-11    0.00355885    0.00355885 
1.16279    6.77514e-38    1.65532e-11    6.77514e-38    1.65531e-11    0.00356454    0.00356454 
1.14942    2.5388e-38    1.64972e-11    2.5388e-38    1.64971e-11    0.00356931    0.00356931 
1.13636    9.51426e-39    1.64428e-11    9.51426e-39    1.64428e-11    0.00357507    0.00357507 
1.12359    3.5639e-39    1.63901e-11    3.5639e-39    1.639e-11    0.00357991    0.00357991 
1.11111    1.33511e-39    1.63389e-11    1.33511e-39    1.63388e-11    0.00358574    0.00358574 
1.0989    4.99936e-40    1.62891e-11    4.99936e-40    1.62891e-11    0.00359063    0.00359063 
1.08696    1.8717e-40    1.62408e-11    1.8717e-40    1.62408e-11    0.00359555    0.00359555 
1.07527    7.00628e-41    1.61939e-11    7.00628e-41    1.61938e-11    0.00360049    0.00360049 
1.06383    2.62293e-41    1.61482e-11    2.62293e-41    1.61481e-11    0.00360645    0.00360645 
1.05263    9.81514e-42    1.61037e-11    9.81514e-42    1.61037e-11    0.00361144    0.00361144 
1.04167    3.6723e-42    1.60605e-11    3.6723e-42    1.60604e-11    0.00361646    0.00361646 
1.03093    1.37376e-42    1.60184e-11    1.37376e-42    1.60183e-11    0.00362149    0.00362149 
1.02041    5.1383e-43    1.59774e-11    5.1383e-43    1.59773e-11    0.00362655    0.00362655 
1.0101    1.9216e-43    1.59375e-11    1.9216e-43    1.59374e-11    0.00363163    0.00363163 
0.999999    7.18326e-44    1.58985e-11    7.18326e-44    1.58985e-11    0.0036357    0.0036357 
0.990098    2.68559e-44    1.58606e-11    2.68559e-44    1.58605e-11    0.00364081    0.00364081 
0.980392    1.00391e-44    1.58236e-11    1.00391e-44    1.58235e-11    0.00364594    0.00364594 
0.970873    3.75226e-45    1.57875e-11    3.75226e-45    1.57874e-11    0.00365109    0.00365109 
0.961538    1.40187e-45    1.57523e-11    1.40187e-45    1.57522e-11    0.00365522    0.00365522 
0.95238    5.23828e-46    1.57179e-11    5.23828e-46    1.57179e-11    0.00366039    0.00366039 
0.943396    1.9571e-46    1.56844e-11    1.9571e-46    1.56843e-11    0.00366559    0.00366559 
0.934579    7.30898e-47    1.56516e-11    7.30898e-47    1.56516e-11    0.00366975    0.00366975 
0.925925    2.73004e-47    1.56196e-11    2.73004e-47    1.56196e-11    0.00367497    0.00367497 
0.917431    1.01931e-47    1.55884e-11    1.01931e-47    1.55883e-11    0.00367915    0.00367915 
0.90909    3.80528e-48    1.55578e-11    3.80528e-48    1.55577e-11    0.00368335    0.00368335 
0.9009    1.42083e-48    1.55279e-11    1.42083e-48    1.55279e-11    0.0036886    0.0036886 
0.892857    5.30297e-49    1.54987e-11    5.30297e-49    1.54987e-11    0.00369281    0.00369281 
0.884955    1.97901e-49    1.54701e-11    1.97901e-49    1.54701e-11    0.00369703    0.00369703 
0.877193    7.3867e-50    1.54422e-11    7.3867e-50    1.54421e-11    0.00370231    0.00370231 
0.869565    2.75601e-50    1.54149e-11    2.75601e-50    1.54148e-11    0.00370655    0.00370655 
0.862069    1.02816e-50    1.53881e-11    1.02816e-50    1.5388e-11    0.00371079    0.00371079 
0.8547    3.83528e-51    1.53619e-11    3.83528e-51    1.53618e-11    0.00371504    0.00371504 
0.847457    1.43284e-51    1.53362e-11    1.43284e-51    1.53362e-11    0.00372539    0.00372539 
0.840336    5.3506e-52    1.53111e-11    5.3506e-52    1.53111e-11    0.0037345    0.0037345 
0.833333    1.99778e-52    1.52866e-11    1.99778e-52    1.52865e-11    0.0037435    0.0037435 
0.826446    7.45774e-53    1.52625e-11    7.45774e-53    1.52625e-11    0.00375215    0.00375215 
0.819672    2.7833e-53    1.5239e-11    2.7833e-53    1.52389e-11    0.00376028    0.00376028 
0.813008    1.03846e-53    1.52159e-11    1.03846e-53    1.52158e-11    0.00376775    0.00376775 
0.806451    3.87345e-54    1.51932e-11    3.87345e-54    1.51932e-11    0.00377452    0.00377452 
0.8    1.44438e-54    1.51711e-11    1.44438e-54    1.5171e-11    0.00378058    0.00378058 
0.79365    5.38459e-55    1.51493e-11    5.38459e-55    1.51493e-11    0.00378604    0.00378604 
0.787401    2.00691e-55    1.5128e-11    2.00691e-55    1.51279e-11    0.00379103    0.00379103 
0.78125    7.47882e-56    1.51071e-11    7.47882e-56    1.5107e-11    0.00379573    0.00379573 
0.775193    2.78584e-56    1.50865e-11    2.78584e-56    1.50865e-11    0.0037992    0.0037992 
0.76923    1.03797e-56    1.50664e-11    1.03797e-56    1.50663e-11    0.00380393    0.00380393 
0.763358    3.86731e-57    1.50466e-11    3.86731e-57    1.50465e-11    0.00380897    0.00380897 
0.757575    1.44041e-57    1.50272e-11    1.44041e-57    1.50271e-11    0.00381306    0.00381306 
0.751879    5.36716e-58    1.50081e-11    5.36716e-58    1.50081e-11    0.00381904    0.00381904 
0.746268    2.00007e-58    1.49894e-11    2.00007e-58    1.49893e-11    0.00382574    0.00382574 
0.74074    7.45031e-59    1.4971e-11    7.45031e-59    1.4971e-11    0.00383125    0.00383125 
0.735294    2.77683e-59    1.4953e-11    2.77683e-59    1.49529e-11    0.00383925    0.00383925 
0.729927    1.03446e-59    1.49353e-11    1.03446e-59    1.49352e-11    0.00384571    0.00384571 
0.724637    3.85608e-60    1.49179e-11    3.85608e-60    1.49178e-11    0.00385485    0.00385485 
0.719424    1.43655e-60    1.49008e-11    1.43655e-60    1.49007e-11    0.00386202    0.00386202 
0.714285    5.35502e-61    1.4884e-11    5.35502e-61    1.48839e-11    0.00387188    0.00387188 
0.70922    1.99482e-61    1.48674e-11    1.99482e-61    1.48674e-11    0.00387939    0.00387939 
0.704225    7.4352e-62    1.48512e-11    7.4352e-62    1.48512e-11    0.00388941    0.00388941 
0.6993    2.76922e-62    1.48353e-11    2.76922e-62    1.48352e-11    0.00389682    0.00389682 
0.694444    1.03127e-62    1.48196e-11    1.03127e-62    1.48195e-11    0.00390408    0.00390408 
0.689655    3.84222e-63    1.48042e-11    3.84222e-63    1.48041e-11    0.0039134    0.0039134 
0.684931    1.43043e-63    1.47891e-11    1.43043e-63    1.4789e-11    0.00392007    0.00392007 
0.680272    5.3246e-64    1.47742e-11    5.3246e-64    1.47741e-11    0.00392645    0.00392645 
0.675675    1.98271e-64    1.47595e-11    1.98271e-64    1.47594e-11    0.00393449    0.00393449 
0.671141    7.37807e-65    1.47451e-11    7.37807e-65    1.4745e-11    0.00394018    0.00394018 
0.666666    2.74517e-65    1.47309e-11    2.74517e-65    1.47308e-11    0.00394562    0.00394562 
0.662251    1.02128e-65    1.47169e-11    1.02128e-65    1.47169e-11    0.00395085    0.00395085 
0.657894    3.79904e-66    1.47032e-11    3.79904e-66    1.47031e-11    0.00395595    0.00395595 
0.653595    1.41368e-66    1.46897e-11    1.41368e-66    1.46896e-11    0.00396264    0.00396264 
0.64935    5.25798e-67    1.46763e-11    5.25798e-67    1.46763e-11    0.00396769    0.00396769 
0.645161    1.95556e-67    1.46632e-11    1.95556e-67    1.46632e-11    0.00397285    0.00397285 
0.641025    7.27305e-68    1.46503e-11    7.27305e-68    1.46502e-11    0.0039782    0.0039782 
0.636942    2.70497e-68    1.46376e-11    2.70497e-68    1.46375e-11    0.0039838    0.0039838 
0.632911    1.00605e-68    1.46251e-11    1.00605e-68    1.4625e-11    0.00398973    0.00398973 
0.628931    3.74184e-69    1.46127e-11    3.74184e-69    1.46126e-11    0.00399603    0.00399603 
0.625    1.39178e-69    1.46006e-11    1.39178e-69    1.46005e-11    0.00400273    0.00400273 
0.621118    5.177e-70    1.45886e-11    5.177e-70    1.45885e-11    0.00400986    0.00400986 
0.617284    1.92577e-70    1.45768e-11    1.92577e-70    1.45767e-11    0.00401743    0.00401743 
0.613497    7.16393e-71    1.45652e-11    7.16393e-71    1.45651e-11    0.00402542    0.00402542 
0.609756    2.66511e-71    1.45537e-11    2.66511e-71    1.45537e-11    0.0040338    0.0040338 
0.60606    9.91492e-72    1.45424e-11    9.91492e-72    1.45424e-11    0.00404253    0.00404253 
0.602409    3.68867e-72    1.45313e-11    3.68867e-72    1.45313e-11    0.00405155    0.00405155 
0.598802    1.3723e-72    1.45204e-11    1.3723e-72    1.45203e-11    0.0040608    0.0040608 
0.595238    5.10525e-73    1.45096e-11    5.10525e-73    1.45095e-11    0.00407019    0.00407019 
0.591716    1.89919e-73    1.44989e-11    1.89919e-73    1.44989e-11    0.00407964    0.00407964 
0.588235    7.05924e-74    1.44884e-11    7.05924e-74    1.44884e-11    0.00408593    0.00408593 
0.584795    2.62574e-74    1.44781e-11    2.62574e-74    1.4478e-11    0.0040953    0.0040953 
0.581395    9.7657e-75    1.44679e-11    9.7657e-75    1.44678e-11    0.00410452    0.00410452 
0.578034    3.63168e-75    1.44579e-11    3.63168e-75    1.44578e-11    0.0041135    0.0041135 
0.574712    1.35039e-75    1.44479e-11    1.35039e-75    1.44479e-11    0.0041222    0.0041222 
0.571428    5.0172e-76    1.44382e-11    5.0172e-76    1.44381e-11    0.00412781    0.00412781 
0.568182    1.86511e-76    1.44285e-11    1.86511e-76    1.44284e-11    0.00413593    0.00413593 
0.564972    6.93246e-77    1.4419e-11    6.93246e-77    1.44189e-11    0.00414366    0.00414366 
0.561798    2.57637e-77    1.44096e-11    2.57637e-77    1.44095e-11    0.00415102    0.00415102 
0.558659    9.56816e-78    1.44004e-11    9.56816e-78    1.44003e-11    0.00415572    0.00415572 
0.555555    3.55504e-78    1.43912e-11    3.55504e-78    1.43911e-11    0.00416248    0.00416248 
0.552486    1.32071e-78    1.43822e-11    1.32071e-78    1.43821e-11    0.00416895    0.00416895 
0.54945    4.90358e-79    1.43733e-11    4.90358e-79    1.43732e-11    0.00417312    0.00417312 
0.546448    1.82137e-79    1.43645e-11    1.82137e-79    1.43644e-11    0.00417922    0.00417922 
0.543478    6.76476e-80    1.43558e-11    6.76476e-80    1.43557e-11    0.00418522    0.00418522 
0.54054    2.51118e-80    1.43472e-11    2.51118e-80    1.43472e-11    0.00418919    0.00418919 
0.537634    9.32594e-81    1.43388e-11    9.32594e-81    1.43387e-11    0.00419519    0.00419519 
0.534759    3.46169e-81    1.43304e-11    3.46169e-81    1.43303e-11    0.00419925    0.00419925 
0.531915    1.28556e-81    1.43222e-11    1.28556e-81    1.43221e-11    0.00420551    0.00420551 
0.5291    4.77423e-82    1.4314e-11    4.77423e-82    1.43139e-11    0.00421203    0.00421203 
0.526316    1.77211e-82    1.4306e-11    1.77211e-82    1.43059e-11    0.00421656    0.00421656 
0.52356    6.58155e-83    1.4298e-11    6.58155e-83    1.42979e-11    0.0042237    0.0042237 
0.520833    2.44302e-83    1.42902e-11    2.44302e-83    1.42901e-11    0.00422869    0.00422869 
0.518135    9.07412e-84    1.42824e-11    9.07412e-84    1.42823e-11    0.00423659    0.00423659 
0.515464    3.36839e-84    1.42747e-11    3.36839e-84    1.42746e-11    0.00424212    0.00424212 
0.51282    1.25126e-84    1.42672e-11    1.25126e-84    1.42671e-11    0.00425086    0.00425086 
0.510204    4.64503e-85    1.42597e-11    4.64503e-85    1.42596e-11    0.00425696    0.00425696 
0.507614    1.72569e-85    1.42523e-11    1.72569e-85    1.42522e-11    0.00426652    0.00426652 
0.50505    6.40649e-86    1.4245e-11    6.40649e-86    1.42449e-11    0.00427315    0.00427315 
0.502512    2.3803e-86    1.42378e-11    2.3803e-86    1.42377e-11    0.00428345    0.00428345 
0.5    8.8369e-87    1.42306e-11    8.8369e-87    1.42306e-11    0.00429053    0.00429053 
0.497512    3.28068e-87    1.42236e-11    3.28068e-87    1.42235e-11    0.00429774    0.00429774 
0.495049    1.21898e-87    1.42166e-11    1.21898e-87    1.42165e-11    0.00430878    0.00430878 
0.492611    4.52532e-88    1.42098e-11    4.52532e-88    1.42097e-11    0.00431623    0.00431623 
0.490196    1.67993e-88    1.4203e-11    1.67993e-88    1.42029e-11    0.00432374    0.00432374 
0.487805    6.24158e-89    1.41962e-11    6.24158e-89    1.41962e-11    0.00433502    0.00433502 
0.485437    2.31687e-89    1.41896e-11    2.31687e-89    1.41895e-11    0.00434251    0.00434251 
0.483092    8.60705e-90    1.4183e-11    8.60705e-90    1.4183e-11    0.00435365    0.00435365 
0.480769    3.19454e-90    1.41766e-11    3.19454e-90    1.41765e-11    0.00436095    0.00436095 
0.478469    1.18559e-90    1.41701e-11    1.18559e-90    1.41701e-11    0.00436814    0.00436814 
0.47619    4.39978e-91    1.41638e-11    4.39978e-91    1.41637e-11    0.00437518    0.00437518 
0.473934    1.63392e-91    1.41575e-11    1.63392e-91    1.41575e-11    0.00438543    0.00438543 
0.471698    6.06248e-92    1.41513e-11    6.06248e-92    1.41513e-11    0.00439204    0.00439204 
0.469483    2.24924e-92    1.41452e-11    2.24924e-92    1.41451e-11    0.00439844    0.00439844 
0.46729    8.34997e-93    1.41392e-11    8.34997e-93    1.41391e-11    0.00440766    0.00440766 
0.465116    3.09734e-93    1.41332e-11    3.09734e-93    1.41331e-11    0.00441355    0.00441355 
0.462963    1.14884e-93    1.41272e-11    1.14884e-93    1.41271e-11    0.00441923    0.00441923 
0.460829    4.26084e-94    1.41214e-11    4.26084e-94    1.41213e-11    0.00442471    0.00442471 
0.458715    1.58107e-94    1.41156e-11    1.58107e-94    1.41155e-11    0.0044326    0.0044326 
0.456621    5.86296e-95    1.41098e-11    5.86296e-95    1.41097e-11    0.00443766    0.00443766 
0.454545    2.17398e-95    1.41041e-11    2.17398e-95    1.4104e-11    0.00444258    0.00444258 
0.452489    8.06061e-96    1.40985e-11    8.06061e-96    1.40984e-11    0.00444738    0.00444738 
0.45045    2.98854e-96    1.40929e-11    2.98854e-96    1.40929e-11    0.00445211    0.00445211 
0.44843    1.10798e-96    1.40874e-11    1.10798e-96    1.40873e-11    0.00445678    0.00445678 
0.446428    4.10975e-97    1.4082e-11    4.10975e-97    1.40819e-11    0.00446377    0.00446377 
0.444444    1.52357e-97    1.40766e-11    1.52357e-97    1.40765e-11    0.00446845    0.00446845 
0.442478    5.6481e-98    1.40713e-11    5.6481e-98    1.40712e-11    0.0044732    0.0044732 
0.440529    2.09381e-98    1.4066e-11    2.09381e-98    1.40659e-11    0.00447805    0.00447805 
0.438596    7.76201e-99    1.40607e-11    7.76201e-99    1.40606e-11    0.00448302    0.00448302 
0.436681    2.87748e-99    1.40556e-11    2.87748e-99    1.40555e-11    0.00448816    0.00448816 
0.434782    1.06674e-99    1.40504e-11    1.06674e-99    1.40503e-11    0.00449349    0.00449349 
0.4329    3.95466e-100    1.40453e-11    3.95466e-100    1.40453e-11    0.00449904    0.00449904 
0.431034    1.4671e-100    1.40403e-11    1.4671e-100    1.40402e-11    0.00450783    0.00450783 
0.429184    5.43938e-101    1.40353e-11    5.43938e-101    1.40353e-11    0.00451402    0.00451402 
0.42735    2.01675e-101    1.40304e-11    2.01675e-101    1.40303e-11    0.00452049    0.00452049 
0.425532    7.47774e-102    1.40255e-11    7.47774e-102    1.40254e-11    0.00452726    0.00452726 
0.423729    2.77271e-102    1.40207e-11    2.77271e-102    1.40206e-11    0.00453432    0.00453432 
0.421941    1.02815e-102    1.40159e-11    1.02815e-102    1.40158e-11    0.00454168    0.00454168 
0.420168    3.81259e-103    1.40112e-11    3.81259e-103    1.40111e-11    0.00454934    0.00454934 
0.41841    1.41384e-103    1.40065e-11    1.41384e-103    1.40064e-11    0.00455727    0.00455727 
0.416667    5.24314e-104    1.40019e-11    5.24314e-104    1.40018e-11    0.00456547    0.00456547 
0.414938    1.94444e-104    1.39973e-11    1.94444e-104    1.39972e-11    0.00457392    0.00457392 
0.413223    7.21116e-105    1.39927e-11    7.21116e-105    1.39926e-11    0.00458258    0.00458258 
0.411523    2.67437e-105    1.39882e-11    2.67437e-105    1.39881e-11    0.00459143    0.00459143 
0.409836    9.91837e-106    1.39838e-11    9.91837e-106    1.39837e-11    0.00460044    0.00460044 
0.408163    3.67839e-106    1.39793e-11    3.67839e-106    1.39792e-11    0.00460958    0.00460958 
0.406504    1.36418e-106    1.3975e-11    1.36418e-106    1.39749e-11    0.00461879    0.00461879 
0.404858    5.05911e-107    1.39706e-11    5.05911e-107    1.39705e-11    0.00462803    0.00462803 
0.403226    1.87614e-107    1.39663e-11    1.87614e-107    1.39662e-11    0.00463728    0.00463728 
0.401606    6.95727e-108    1.39621e-11    6.95727e-108    1.3962e-11    0.00464647    0.00464647 
0.4    2.57983e-108    1.39579e-11    2.57983e-108    1.39578e-11    0.00465556    0.00465556 
0.398406    9.56575e-109    1.39537e-11    9.56575e-109    1.39536e-11    0.00466452    0.00466452 
0.396825    3.54334e-109    1.39496e-11    3.54334e-109    1.39495e-11    0.00466893    0.00466893 
0.395257    1.31368e-109    1.39455e-11    1.31368e-109    1.39454e-11    0.00467759    0.00467759 
0.393701    4.87005e-110    1.39414e-11    4.87005e-110    1.39413e-11    0.00468601    0.00468601 
0.392157    1.80526e-110    1.39374e-11    1.80526e-110    1.39373e-11    0.00469415    0.00469415 
0.390625    6.69123e-111    1.39335e-11    6.69123e-111    1.39334e-11    0.00470197    0.00470197 
0.389105    2.47985e-111    1.39295e-11    2.47985e-111    1.39294e-11    0.00470945    0.00470945 
0.387597    9.18967e-112    1.39256e-11    9.18967e-112    1.39255e-11    0.00471657    0.00471657 
0.3861    3.40509e-112    1.39217e-11    3.40509e-112    1.39216e-11    0.00472331    0.00472331 
0.384615    1.26157e-112    1.39179e-11    1.26157e-112    1.39178e-11    0.00472965    0.00472965 
0.383142    4.67067e-113    1.39141e-11    4.67067e-113    1.3914e-11    0.00473268    0.00473268 
0.381679    1.73016e-113    1.39103e-11    1.73016e-113    1.39102e-11    0.00473843    0.00473843 
0.380228    6.4084e-114    1.39066e-11    6.4084e-114    1.39065e-11    0.00474379    0.00474379 
0.378788    2.37338e-114    1.39029e-11    2.37338e-114    1.39028e-11    0.00474878    0.00474878 
0.377358    8.78906e-115    1.38992e-11    8.78906e-115    1.38991e-11    0.0047534    0.0047534 
0.37594    3.25445e-115    1.38956e-11    3.25445e-115    1.38955e-11    0.00475769    0.00475769 
0.374532    1.20447e-115    1.3892e-11    1.20447e-115    1.38919e-11    0.00475972    0.00475972 
0.373134    4.45937e-116    1.38884e-11    4.45937e-116    1.38883e-11    0.00476357    0.00476357 
0.371747    1.65089e-116    1.38848e-11    1.65089e-116    1.38847e-11    0.00476718    0.00476718 
0.37037    6.11132e-117    1.38813e-11    6.11132e-117    1.38812e-11    0.00477058    0.00477058 
0.369003    2.26219e-117    1.38778e-11    2.26219e-117    1.38777e-11    0.00477382    0.00477382 
0.367647    8.37071e-118    1.38743e-11    8.37071e-118    1.38742e-11    0.0047754    0.0047754 
0.3663    3.09832e-118    1.38709e-11    3.09832e-118    1.38708e-11    0.00477851    0.00477851 
0.364963    1.14677e-118    1.38675e-11    1.14677e-118    1.38674e-11    0.00478159    0.00478159 
0.363636    4.24447e-119    1.38641e-11    4.24447e-119    1.3864e-11    0.0047847    0.0047847 
0.362318    1.57044e-119    1.38608e-11    1.57044e-119    1.38607e-11    0.00478628    0.00478628 
0.36101    5.81251e-120    1.38574e-11    5.81251e-120    1.38573e-11    0.00478953    0.00478953 
0.359712    2.15135e-120    1.38541e-11    2.15135e-120    1.3854e-11    0.00479294    0.00479294 
0.358423    7.96287e-121    1.38508e-11    7.96287e-121    1.38507e-11    0.00479657    0.00479657 
0.357142    2.94621e-121    1.38476e-11    2.94621e-121    1.38475e-11    0.00479848    0.00479848 
0.355871    1.09054e-121    1.38444e-11    1.09054e-121    1.38443e-11    0.00480251    0.00480251 
0.35461    4.03684e-122    1.38412e-11    4.03684e-122    1.38411e-11    0.00480688    0.00480688 
0.353356    1.49365e-122    1.3838e-11    1.49365e-122    1.38379e-11    0.00480919    0.00480919 
0.352112    5.52944e-123    1.38349e-11    5.52944e-123    1.38348e-11    0.00481411    0.00481411 
0.350877    2.04712e-123    1.38317e-11    2.04712e-123    1.38316e-11    0.00481944    0.00481944 
0.34965    7.57939e-124    1.38286e-11    7.57939e-124    1.38285e-11    0.0048252    0.0048252 
0.348432    2.80462e-124    1.38256e-11    2.80462e-124    1.38255e-11    0.00482825    0.00482825 
0.347222    1.03851e-124    1.38225e-11    1.03851e-124    1.38224e-11    0.0048347    0.0048347 
0.34602    3.84574e-125    1.38195e-11    3.84574e-125    1.38194e-11    0.00484161    0.00484161 
0.344827    1.42314e-125    1.38165e-11    1.42314e-125    1.38164e-11    0.00484523    0.00484523 
0.343642    5.27062e-126    1.38135e-11    5.27062e-126    1.38134e-11    0.00485284    0.00485284 
0.342465    1.95213e-126    1.38106e-11    1.95213e-126    1.38105e-11    0.00486089    0.00486089 
0.341296    7.2244e-127    1.38076e-11    7.2244e-127    1.38075e-11    0.00486508    0.00486508 
0.340136    2.67601e-127    1.38047e-11    2.67601e-127    1.38046e-11    0.00487377    0.00487377 
0.338983    9.90359e-128    1.38018e-11    9.90359e-128    1.38017e-11    0.00487827    0.00487827 
0.337837    3.66872e-128    1.3799e-11    3.66872e-128    1.37989e-11    0.00488754    0.00488754 
0.3367    1.35912e-128    1.37961e-11    1.35912e-128    1.3796e-11    0.00489716    0.00489716 
0.33557    5.03008e-129    1.37933e-11    5.03008e-129    1.37932e-11    0.00490208    0.00490208 
0.334448    1.86354e-129    1.37905e-11    1.86354e-129    1.37904e-11    0.00491213    0.00491213 
0.333333    6.90421e-130    1.37878e-11    6.90421e-130    1.37877e-11    0.00492241    0.00492241 
0.332225    2.55525e-130    1.3785e-11    2.55525e-130    1.37849e-11    0.00492762    0.00492762 
0.331125    9.467e-131    1.37823e-11    9.467e-131    1.37822e-11    0.00493814    0.00493814 
0.330032    3.50367e-131    1.37796e-11    3.50367e-131    1.37795e-11    0.00494343    0.00494343 
0.328947    1.29806e-131    1.37769e-11    1.29806e-131    1.37768e-11    0.00495407    0.00495407 
0.327868    4.80904e-132    1.37742e-11    4.80904e-132    1.37741e-11    0.0049647    0.0049647 
0.326797    1.7797e-132    1.37716e-11    1.7797e-132    1.37715e-11    0.00497    0.00497 
0.325732    6.593e-133    1.3769e-11    6.593e-133    1.37689e-11    0.00498052    0.00498052 
0.324675    2.43977e-133    1.37664e-11    2.43977e-133    1.37663e-11    0.00498573    0.00498573 
0.323624    9.03747e-134    1.37638e-11    9.03747e-134    1.37637e-11    0.00499601    0.00499601 
0.32258    3.34414e-134    1.37612e-11    3.34414e-134    1.37611e-11    0.00500107    0.00500107 
0.321543    1.23861e-134    1.37587e-11    1.23861e-134    1.37586e-11    0.00501099    0.00501099 
0.320512    4.58725e-135    1.37561e-11    4.58725e-135    1.3756e-11    0.00502061    0.00502061 
0.319488    1.69721e-135    1.37536e-11    1.69721e-135    1.37535e-11    0.00502529    0.00502529 
0.318471    6.28478e-136    1.37511e-11    6.28478e-136    1.3751e-11    0.00503437    0.00503437 
0.31746    2.32506e-136    1.37487e-11    2.32506e-136    1.37486e-11    0.00503877    0.00503877 
0.316455    8.60838e-137    1.37462e-11    8.60838e-137    1.37461e-11    0.00504725    0.00504725 
0.315457    3.18437e-137    1.37438e-11    3.18437e-137    1.37437e-11    0.00505133    0.00505133 
0.314465    1.1788e-137    1.37414e-11    1.1788e-137    1.37413e-11    0.00505915    0.00505915 
0.313479    4.36014e-138    1.3739e-11    4.36014e-138    1.37389e-11    0.00506289    0.00506289 
0.312499    1.61378e-138    1.37366e-11    1.61378e-138    1.37365e-11    0.00507004    0.00507004 
0.311526    5.96846e-139    1.37342e-11    5.96846e-139    1.37341e-11    0.00507344    0.00507344 
0.310558    2.20869e-139    1.37319e-11    2.20869e-139    1.37318e-11    0.00507991    0.00507991 
0.309597    8.16791e-140    1.37296e-11    8.16791e-140    1.37294e-11    0.00508298    0.00508298 
0.308641    3.02215e-140    1.37272e-11    3.02215e-140    1.37271e-11    0.0050888    0.0050888 
0.307692    1.11751e-140    1.37249e-11    1.11751e-140    1.37248e-11    0.00509157    0.00509157 
0.306748    4.13423e-141    1.37227e-11    4.13423e-141    1.37226e-11    0.00509681    0.00509681 
0.30581    1.5286e-141    1.37204e-11    1.5286e-141    1.37203e-11    0.0050993    0.0050993 
0.304877    5.65434e-142    1.37181e-11    5.65434e-142    1.3718e-11    0.00510405    0.00510405 
0.303951    2.09051e-142    1.37159e-11    2.09051e-142    1.37158e-11    0.00510631    0.00510631 
0.30303    7.73201e-143    1.37137e-11    7.73201e-143    1.37136e-11    0.00511066    0.00511066 
0.302114    2.85848e-143    1.37115e-11    2.85848e-143    1.37114e-11    0.00511276    0.00511276 
0.301204    1.05674e-143    1.37093e-11    1.05674e-143    1.37092e-11    0.00511482    0.00511482 
0.3003    3.90808e-144    1.37071e-11    3.90808e-144    1.3707e-11    0.00511884    0.00511884 
0.2994    1.4447e-144    1.37049e-11    1.4447e-144    1.37048e-11    0.00512081    0.00512081 
0.298507    5.34259e-145    1.37028e-11    5.34259e-145    1.37027e-11    0.00512473    0.00512473 
0.297618    1.97494e-145    1.37007e-11    1.97494e-145    1.37005e-11    0.0051267    0.0051267 
0.296735    7.3033e-146    1.36985e-11    7.3033e-146    1.36984e-11    0.00513066    0.00513066 
0.295857    2.69969e-146    1.36964e-11    2.69969e-146    1.36963e-11    0.00513268    0.00513268 
0.294984    9.98352e-147    1.36943e-11    9.98352e-147    1.36942e-11    0.00513683    0.00513683 
0.294117    3.69044e-147    1.36923e-11    3.69044e-147    1.36921e-11    0.00513897    0.00513897 
0.293254    1.36418e-147    1.36902e-11    1.36418e-147    1.36901e-11    0.00514117    0.00514117 
0.292397    5.04499e-148    1.36881e-11    5.04499e-148    1.3688e-11    0.00514576    0.00514576 
0.291544    1.86492e-148    1.36861e-11    1.86492e-148    1.3686e-11    0.00514816    0.00514816 
0.290697    6.89725e-149    1.36841e-11    6.89725e-149    1.3684e-11    0.00515321    0.00515321 
0.289854    2.54968e-149    1.36821e-11    2.54968e-149    1.36819e-11    0.00515587    0.00515587 
0.289017    9.42534e-150    1.368e-11    9.42534e-150    1.36799e-11    0.00515862    0.00515862 
0.288184    3.48626e-150    1.36781e-11    3.48626e-150    1.36779e-11    0.00516443    0.00516443 
0.287356    1.2888e-150    1.36761e-11    1.2888e-150    1.3676e-11    0.00516749    0.00516749 
0.286532    4.76751e-151    1.36741e-11    4.76751e-151    1.3674e-11    0.00517394    0.00517394 
0.285713    1.76252e-151    1.36722e-11    1.76252e-151    1.36721e-11    0.00517733    0.00517733 
0.284899    6.51601e-152    1.36702e-11    6.51601e-152    1.36701e-11    0.00518083    0.00518083 
0.28409    2.41071e-152    1.36683e-11    2.41071e-152    1.36682e-11    0.00518818    0.00518818 
0.283285    8.9127e-153    1.36664e-11    8.9127e-153    1.36663e-11    0.00519202    0.00519202 
0.282485    3.29517e-153    1.36645e-11    3.29517e-153    1.36644e-11    0.00519598    0.00519598 
0.281689    1.21926e-153    1.36626e-11    1.21926e-153    1.36625e-11    0.00520421    0.00520421 
0.280898    4.50798e-154    1.36607e-11    4.50798e-154    1.36606e-11    0.00520849    0.00520849 
0.280111    1.66817e-154    1.36589e-11    1.66817e-154    1.36588e-11    0.00521734    0.00521734 
0.279329    6.16791e-155    1.3657e-11    6.16791e-155    1.36569e-11    0.00522191    0.00522191 
0.278551    2.28054e-155    1.36552e-11    2.28054e-155    1.36551e-11    0.00522656    0.00522656 
0.277777    8.43989e-156    1.36533e-11    8.43989e-156    1.36532e-11    0.00523611    0.00523611 
0.277007    3.12064e-156    1.36515e-11    3.12064e-156    1.36514e-11    0.00524099    0.00524099 
0.276242    1.15385e-156    1.36497e-11    1.15385e-156    1.36496e-11    0.00524594    0.00524594 
0.275481    4.27045e-157    1.36479e-11    4.27045e-157    1.36478e-11    0.00525598    0.00525598 
0.274724    1.579e-157    1.36461e-11    1.579e-157    1.3646e-11    0.00526107    0.00526107 
0.273972    5.83829e-158    1.36444e-11    5.83829e-158    1.36443e-11    0.00526619    0.00526619 
0.273223    2.16078e-158    1.36426e-11    2.16078e-158    1.36425e-11    0.00527649    0.00527649 
0.272479    7.98929e-159    1.36409e-11    7.98929e-159    1.36408e-11    0.00528165    0.00528165 
0.271738    2.95393e-159    1.36391e-11    2.95393e-159    1.3639e-11    0.0052868    0.0052868 
0.271002    1.09216e-159    1.36374e-11    1.09216e-159    1.36373e-11    0.00529194    0.00529194 
0.270269    4.04184e-160    1.36357e-11    4.04184e-160    1.36356e-11    0.00530214    0.00530214 
0.269541    1.49433e-160    1.3634e-11    1.49433e-160    1.36339e-11    0.00530718    0.00530718 
0.268816    5.52462e-161    1.36323e-11    5.52462e-161    1.36322e-11    0.00531217    0.00531217 
0.268096    2.04431e-161    1.36306e-11    2.04431e-161    1.36305e-11    0.00532195    0.00532195 
0.267379    7.55744e-162    1.36289e-11    7.55744e-162    1.36288e-11    0.00532673    0.00532673 
0.266666    2.79378e-162    1.36273e-11    2.79378e-162    1.36272e-11    0.00533142    0.00533142 
0.265957    1.03362e-162    1.36256e-11    1.03362e-162    1.36255e-11    0.00534049    0.00534049 
0.265251    3.82069e-163    1.3624e-11    3.82069e-163    1.36239e-11    0.00534486    0.00534486 
0.264549    1.41224e-163    1.36223e-11    1.41224e-163    1.36222e-11    0.00534912    0.00534912 
0.263851    5.21987e-164    1.36207e-11    5.21987e-164    1.36206e-11    0.00535324    0.00535324 
0.263157    1.93067e-164    1.36191e-11    1.93067e-164    1.3619e-11    0.00536108    0.00536108 
0.262466    7.13535e-165    1.36175e-11    7.13535e-165    1.36174e-11    0.00536479    0.00536479 
0.261779    2.63698e-165    1.36159e-11    2.63698e-165    1.36158e-11    0.00536835    0.00536835 
0.261096    9.74498e-166    1.36143e-11    9.74498e-166    1.36142e-11    0.00537176    0.00537176 
0.260416    3.6032e-166    1.36128e-11    3.6032e-166    1.36126e-11    0.00537811    0.00537811 
0.259739    1.33142e-166    1.36112e-11    1.33142e-166    1.36111e-11    0.00538104    0.00538104 
0.259066    4.91955e-167    1.36096e-11    4.91955e-167    1.36095e-11    0.00538382    0.00538382 
0.258397    1.81768e-167    1.36081e-11    1.81768e-167    1.3608e-11    0.00538644    0.00538644 
0.257731    6.7186e-168    1.36065e-11    6.7186e-168    1.36064e-11    0.00539121    0.00539121 
0.257068    2.48213e-168    1.3605e-11    2.48213e-168    1.36049e-11    0.00539336    0.00539336 
0.256409    9.16968e-169    1.36035e-11    9.16968e-169    1.36034e-11    0.00539536    0.00539536 
0.255754    3.38741e-169    1.3602e-11    3.38741e-169    1.36019e-11    0.00539722    0.00539722 
0.255101    1.25168e-169    1.36005e-11    1.25168e-169    1.36003e-11    0.00540053    0.00540053 
0.254452    4.62346e-170    1.3599e-11    4.62346e-170    1.35989e-11    0.00540199    0.00540199 
0.253806    1.70776e-170    1.35975e-11    1.70776e-170    1.35974e-11    0.00540333    0.00540333 
0.253164    6.30773e-171    1.3596e-11    6.30773e-171    1.35959e-11    0.00540457    0.00540457 
0.252524    2.33019e-171    1.35945e-11    2.33019e-171    1.35944e-11    0.00540676    0.00540676 
0.251888    8.60616e-172    1.35931e-11    8.60616e-172    1.35929e-11    0.00540773    0.00540773 
0.251255    3.17846e-172    1.35916e-11    3.17846e-172    1.35915e-11    0.00540865    0.00540865 
0.250626    1.17386e-172    1.35902e-11    1.17386e-172    1.359e-11    0.0054095    0.0054095 
0.249999    4.33521e-173    1.35887e-11    4.33521e-173    1.35886e-11    0.00541033    0.00541033 
0.249376    1.60125e-173    1.35873e-11    1.60125e-173    1.35872e-11    0.00541191    0.00541191 
0.248755    5.91347e-174    1.35859e-11    5.91347e-174    1.35857e-11    0.00541271    0.00541271 
0.248138    2.18385e-174    1.35844e-11    2.18385e-174    1.35843e-11    0.00541352    0.00541352 
0.247524    8.06495e-175    1.3583e-11    8.06495e-175    1.35829e-11    0.00541438    0.00541438 
0.246913    2.97839e-175    1.35816e-11    2.97839e-175    1.35815e-11    0.00541529    0.00541529 
0.246304    1.10014e-175    1.35802e-11    1.10014e-175    1.35801e-11    0.00541734    0.00541734 
0.245699    4.06296e-176    1.35788e-11    4.06296e-176    1.35787e-11    0.00541852    0.00541852 
0.245097    1.50052e-176    1.35774e-11    1.50052e-176    1.35773e-11    0.00541983    0.00541983 
0.244498    5.54177e-177    1.35761e-11    5.54177e-177    1.35759e-11    0.00542127    0.00542127 
0.243901    2.04675e-177    1.35747e-11    2.04675e-177    1.35746e-11    0.00542288    0.00542288 
0.243308    7.55946e-178    1.35733e-11    7.55946e-178    1.35732e-11    0.00542467    0.00542467 
0.242717    2.79322e-178    1.3572e-11    2.79322e-178    1.35719e-11    0.00542885    0.00542885 
0.24213    1.03175e-178    1.35706e-11    1.03175e-178    1.35705e-11    0.00543129    0.00543129 
0.241545    3.81121e-179    1.35693e-11    3.81121e-179    1.35692e-11    0.00543397    0.00543397 
0.240963    1.40788e-179    1.3568e-11    1.40788e-179    1.35678e-11    0.00543693    0.00543693 
0.240384    5.20104e-180    1.35666e-11    5.20104e-180    1.35665e-11    0.00544017    0.00544017 
0.239807    1.92147e-180    1.35653e-11    1.92147e-180    1.35652e-11    0.00544372    0.00544372 
0.239233    7.10453e-181    1.3564e-11    7.10453e-181    1.35639e-11    0.00545181    0.00545181 
0.238663    2.62514e-181    1.35627e-11    2.62514e-181    1.35626e-11    0.00545637    0.00545637 
0.238094    9.7005e-182    1.35614e-11    9.7005e-182    1.35613e-11    0.00546131    0.00546131 
0.237529    3.58479e-182    1.35601e-11    3.58479e-182    1.356e-11    0.00546664    0.00546664 
0.236966    1.32483e-182    1.35588e-11    1.32483e-182    1.35587e-11    0.00547237    0.00547237 
0.236406    4.89651e-183    1.35576e-11    4.89651e-183    1.35574e-11    0.00547852    0.00547852 
0.235848    1.81217e-183    1.35563e-11    1.81217e-183    1.35562e-11    0.00549212    0.00549212 
0.235293    6.69918e-184    1.3555e-11    6.69918e-184    1.35549e-11    0.00549961    0.00549961 
0.234741    2.47672e-184    1.35538e-11    2.47672e-184    1.35537e-11    0.00550756    0.00550756 
0.234191    9.15728e-185    1.35525e-11    9.15728e-185    1.35524e-11    0.005516    0.005516 
0.233644    3.38602e-185    1.35513e-11    3.38602e-185    1.35512e-11    0.00552494    0.00552494 
0.233099    1.25213e-185    1.35501e-11    1.25213e-185    1.35499e-11    0.00553438    0.00553438 
0.232557    4.63065e-186    1.35488e-11    4.63065e-186    1.35487e-11    0.00554433    0.00554433 
0.232018    1.71267e-186    1.35476e-11    1.71267e-186    1.35475e-11    0.00555481    0.00555481 
0.231481    6.34804e-187    1.35464e-11    6.34804e-187    1.35463e-11    0.00557738    0.00557738 
0.230946    2.34846e-187    1.35452e-11    2.34846e-187    1.35451e-11    0.00558947    0.00558947 
0.230414    8.6889e-188    1.3544e-11    8.6889e-188    1.35439e-11    0.00560212    0.00560212 
0.229884    3.21502e-188    1.35428e-11    3.21502e-188    1.35427e-11    0.00561533    0.00561533 
0.229357    1.18971e-188    1.35416e-11    1.18971e-188    1.35415e-11    0.0056291    0.0056291 
0.228832    4.40285e-189    1.35405e-11    4.40285e-189    1.35403e-11    0.00564344    0.00564344 
0.22831    1.62954e-189    1.35393e-11    1.62954e-189    1.35392e-11    0.00565834    0.00565834 
0.227789    6.03162e-190    1.35381e-11    6.03162e-190    1.3538e-11    0.00567381    0.00567381 
0.227272    2.23275e-190    1.3537e-11    2.23275e-190    1.35369e-11    0.00568985    0.00568985 
0.226756    8.26573e-191    1.35358e-11    8.26573e-191    1.35357e-11    0.00570646    0.00570646 
0.226243    3.06975e-191    1.35347e-11    3.06975e-191    1.35346e-11    0.00574139    0.00574139 
0.225733    1.13672e-191    1.35336e-11    1.13672e-191    1.35334e-11    0.00575969    0.00575969 
0.225224    4.2096e-192    1.35324e-11    4.2096e-192    1.35323e-11    0.00577856    0.00577856 
0.224718    1.55905e-192    1.35313e-11    1.55905e-192    1.35312e-11    0.00579797    0.00579797 
0.224214    5.77448e-193    1.35302e-11    5.77448e-193    1.35301e-11    0.00581794    0.00581794 
0.223713    2.13893e-193    1.35291e-11    2.13893e-193    1.3529e-11    0.00583844    0.00583844 
0.223213    7.9234e-194    1.3528e-11    7.9234e-194    1.35279e-11    0.00585948    0.00585948 
0.222716    2.93532e-194    1.35269e-11    2.93532e-194    1.35268e-11    0.00588103    0.00588103 
0.222221    1.0875e-194    1.35258e-11    1.0875e-194    1.35257e-11    0.0059031    0.0059031 
0.221729    4.0293e-195    1.35248e-11    4.0293e-195    1.35247e-11    0.00592567    0.00592567 
0.221238    1.49299e-195    1.35237e-11    1.49299e-195    1.35236e-11    0.00594872    0.00594872 
0.22075    5.53232e-196    1.35226e-11    5.53232e-196    1.35225e-11    0.00597225    0.00597225 
0.220263    2.05849e-196    1.35216e-11    2.05849e-196    1.35215e-11    0.00602068    0.00602068 
0.219779    7.62901e-197    1.35206e-11    7.62901e-197    1.35204e-11    0.00604554    0.00604554 
0.219297    2.82753e-197    1.35195e-11    2.82753e-197    1.35194e-11    0.00607082    0.00607082 
0.218817    1.04801e-197    1.35185e-11    1.04801e-197    1.35184e-11    0.00609649    0.00609649 
0.21834    3.88452e-198    1.35175e-11    3.88452e-198    1.35173e-11    0.00612253    0.00612253 
0.217864    1.43987e-198    1.35164e-11    1.43987e-198    1.35163e-11    0.00614893    0.00614893 
0.21739    5.33732e-199    1.35154e-11    5.33732e-199    1.35153e-11    0.00617567    0.00617567 
0.216919    1.97849e-199    1.35144e-11    1.97849e-199    1.35143e-11    0.00620272    0.00620272 
0.216449    7.3342e-200    1.35134e-11    7.3342e-200    1.35133e-11    0.00623007    0.00623007 
0.215982    2.71881e-200    1.35124e-11    2.71881e-200    1.35123e-11    0.00625768    0.00625768 
0.215516    1.00789e-200    1.35115e-11    1.00789e-200    1.35113e-11    0.00628554    0.00628554 
0.215053    3.73635e-201    1.35105e-11    3.73635e-201    1.35104e-11    0.00631363    0.00631363 
0.214591    1.38512e-201    1.35095e-11    1.38512e-201    1.35094e-11    0.00634192    0.00634192 
0.214132    5.13482e-202    1.35085e-11    5.13482e-202    1.35084e-11    0.00637038    0.00637038 
0.213674    1.90354e-202    1.35076e-11    1.90354e-202    1.35075e-11    0.006399    0.006399 
0.213219    7.05662e-203    1.35066e-11    7.05662e-203    1.35065e-11    0.00642774    0.00642774 
0.212765    2.61593e-203    1.35057e-11    2.61593e-203    1.35056e-11    0.00645659    0.00645659 
0.212313    9.69728e-204    1.35047e-11    9.69728e-204    1.35046e-11    0.00648551    0.00648551 
0.211863    3.59472e-204    1.35038e-11    3.59472e-204    1.35037e-11    0.00651449    0.00651449 
0.211415    1.33251e-204    1.35029e-11    1.33251e-204    1.35028e-11    0.0065435    0.0065435 
0.210969    4.93931e-205    1.3502e-11    4.93931e-205    1.35019e-11    0.00657251    0.00657251 
0.210525    1.83083e-205    1.35011e-11    1.83083e-205    1.35009e-11    0.00660151    0.00660151 
0.210083    6.78604e-206    1.35001e-11    6.78604e-206    1.35e-11    0.00663046    0.00663046 
0.209643    2.51518e-206    1.34992e-11    2.51518e-206    1.34991e-11    0.00665935    0.00665935 
0.209204    9.32192e-207    1.34983e-11    9.32192e-207    1.34982e-11    0.00668815    0.00668815 
0.208767    3.45481e-207    1.34975e-11    3.45481e-207    1.34973e-11    0.00671684    0.00671684 
0.208332    1.28033e-207    1.34966e-11    1.28033e-207    1.34965e-11    0.00674541    0.00674541 
0.207899    4.74463e-208    1.34957e-11    4.74463e-208    1.34956e-11    0.00677383    0.00677383 
0.207468    1.75817e-208    1.34948e-11    1.75817e-208    1.34947e-11    0.00680208    0.00680208 
0.207038    6.51474e-209    1.3494e-11    6.51474e-209    1.34938e-11    0.00683015    0.00683015 
0.206611    2.41385e-209    1.34931e-11    2.41385e-209    1.3493e-11    0.00685802    0.00685802 
0.206185    8.94336e-210    1.34922e-11    8.94336e-210    1.34921e-11    0.00688568    0.00688568 
0.20576    3.31335e-210    1.34914e-11    3.31335e-210    1.34913e-11    0.00691311    0.00691311 
0.205338    1.22746e-210    1.34905e-11    1.22746e-210    1.34904e-11    0.0069403    0.0069403 
0.204917    4.547e-211    1.34897e-11    4.547e-211    1.34896e-11    0.00696724    0.00696724 
0.204498    1.68429e-211    1.34889e-11    1.68429e-211    1.34887e-11    0.00699393    0.00699393 
0.204081    6.23854e-212    1.3488e-11    6.23854e-212    1.34879e-11    0.00702035    0.00702035 
0.203665    2.31059e-212    1.34872e-11    2.31059e-212    1.34871e-11    0.0070465    0.0070465 
0.203251    8.55733e-213    1.34864e-11    8.55733e-213    1.34863e-11    0.00707237    0.00707237 
0.202839    3.16904e-213    1.34856e-11    3.16904e-213    1.34855e-11    0.00709797    0.00709797 
0.202428    1.17353e-213    1.34848e-11    1.17353e-213    1.34846e-11    0.0071233    0.0071233 
0.202019    4.34543e-214    1.34839e-11    4.34543e-214    1.34838e-11    0.00714835    0.00714835 
0.201612    1.60897e-214    1.34831e-11    1.60897e-214    1.3483e-11    0.00717313    0.00717313 
0.201206    5.95716e-215    1.34823e-11    5.95716e-215    1.34822e-11    0.00719764    0.00719764 
0.200802    2.2055e-215    1.34816e-11    2.2055e-215    1.34814e-11    0.00722189    0.00722189 
0.2004    8.16495e-216    1.34808e-11    8.16495e-216    1.34807e-11    0.0072459    0.0072459 
0.199999    3.01128e-216    1.348e-11    3.01128e-216    1.34799e-11    0.00726966    0.00726966 
0.1996    1.1147e-216    1.34792e-11    1.1147e-216    1.34791e-11    0.0072932    0.0072932 
0.199202    4.12614e-217    1.34784e-11    4.12614e-217    1.34783e-11    0.00731652    0.00731652 
0.198806    1.52726e-217    1.34777e-11    1.52726e-217    1.34775e-11    0.00733965    0.00733965 
0.198412    5.65279e-218    1.34769e-11    5.65279e-218    1.34768e-11    0.00736259    0.00736259 
0.198019    2.09217e-218    1.34761e-11    2.09217e-218    1.3476e-11    0.00738536    0.00738536 
0.197627    7.7431e-219    1.34754e-11    7.7431e-219    1.34753e-11    0.00740799    0.00740799 
0.197238    2.86563e-219    1.34746e-11    2.86563e-219    1.34745e-11    0.0074305    0.0074305 
0.196849    1.0605e-219    1.34739e-11    1.0605e-219    1.34738e-11    0.0074529    0.0074529 
0.196463    3.92458e-220    1.34731e-11    3.92458e-220    1.3473e-11    0.00747522    0.00747522 
0.196077    1.45233e-220    1.34724e-11    1.45233e-220    1.34723e-11    0.00749748    0.00749748 
0.195694    5.37437e-221    1.34716e-11    5.37437e-221    1.34715e-11    0.00751972    0.00751972 
0.195312    1.98877e-221    1.34709e-11    1.98877e-221    1.34708e-11    0.00754194    0.00754194 
0.194931    7.33764e-222    1.34702e-11    7.33764e-222    1.34701e-11    0.00754194    0.00754194 
0.194552    2.71522e-222    1.34695e-11    2.71522e-222    1.34693e-11    0.00756419    0.00756419 
0.194174    1.00473e-222    1.34687e-11    1.00473e-222    1.34686e-11    0.00758647    0.00758647 
0.193797    3.71786e-223    1.3468e-11    3.71786e-223    1.34679e-11    0.00760884    0.00760884 
0.193423    1.37574e-223    1.34673e-11    1.37574e-223    1.34672e-11    0.0076313    0.0076313 
0.193049    5.09073e-224    1.34666e-11    5.09073e-224    1.34665e-11    0.00765389    0.00765389 
0.192677    1.88376e-224    1.34659e-11    1.88376e-224    1.34658e-11    0.00767664    0.00767664 
0.192307    6.97071e-225    1.34652e-11    6.97071e-225    1.34651e-11    0.00769957    0.00769957 
0.191938    2.57949e-225    1.34645e-11    2.57949e-225    1.34644e-11    0.00772272    0.00772272 
0.19157    9.54546e-226    1.34638e-11    9.54546e-226    1.34637e-11    0.0077461    0.0077461 
0.191204    3.53239e-226    1.34631e-11    3.53239e-226    1.3463e-11    0.00776976    0.00776976 
0.190839    1.30723e-226    1.34624e-11    1.30723e-226    1.34623e-11    0.0077937    0.0077937 
0.190475    4.83776e-227    1.34617e-11    4.83776e-227    1.34616e-11    0.00781797    0.00781797 
0.190113    1.7904e-227    1.3461e-11    1.7904e-227    1.34609e-11    0.00784258    0.00784258 
0.189752    6.60524e-228    1.34604e-11    6.60524e-228    1.34603e-11    0.00784258    0.00784258 
0.189393    2.44459e-228    1.34597e-11    2.44459e-228    1.34596e-11    0.00786757    0.00786757 
0.189035    9.04772e-229    1.3459e-11    9.04772e-229    1.34589e-11    0.00789296    0.00789296 
0.188678    3.34879e-229    1.34584e-11    3.34879e-229    1.34583e-11    0.00791877    0.00791877 
0.188323    1.23952e-229    1.34577e-11    1.23952e-229    1.34576e-11    0.00794502    0.00794502 
0.187969    4.58817e-230    1.3457e-11    4.58817e-230    1.34569e-11    0.00797174    0.00797174 
0.187616    1.69842e-230    1.34564e-11    1.69842e-230    1.34563e-11    0.00799894    0.00799894 
0.187265    6.28736e-231    1.34557e-11    6.28736e-231    1.34556e-11    0.00802666    0.00802666 
0.186915    2.32763e-231    1.34551e-11    2.32763e-231    1.3455e-11    0.0080549    0.0080549 
0.186566    8.61749e-232    1.34544e-11    8.61749e-232    1.34543e-11    0.00808369    0.00808369 
0.186219    3.19058e-232    1.34538e-11    3.19058e-232    1.34537e-11    0.00811303    0.00811303 
0.185873    1.17702e-232    1.34532e-11    1.17702e-232    1.34531e-11    0.00811303    0.00811303 
0.185528    4.35806e-233    1.34525e-11    4.35806e-233    1.34524e-11    0.00814296    0.00814296 
0.185184    1.61371e-233    1.34519e-11    1.61371e-233    1.34518e-11    0.00817346    0.00817346 
0.184842    5.97561e-234    1.34513e-11    5.97561e-234    1.34512e-11    0.00820457    0.00820457 
0.184501    2.2129e-234    1.34506e-11    2.2129e-234    1.34505e-11    0.00823629    0.00823629 
0.184161    8.19532e-235    1.345e-11    8.19532e-235    1.34499e-11    0.00826863    0.00826863 
0.183823    3.03524e-235    1.34494e-11    3.03524e-235    1.34493e-11    0.00830159    0.00830159 
0.183485    1.1242e-235    1.34488e-11    1.1242e-235    1.34487e-11    0.00833518    0.00833518 
0.183149    4.16409e-236    1.34482e-11    4.16409e-236    1.34481e-11    0.00836941    0.00836941 
0.182814    1.53608e-236    1.34476e-11    1.53608e-236    1.34475e-11    0.00836941    0.00836941 
0.182481    5.68996e-237    1.3447e-11    5.68996e-237    1.34469e-11    0.00840426    0.00840426 
0.182148    2.10779e-237    1.34464e-11    2.10779e-237    1.34463e-11    0.00843975    0.00843975 
0.181817    7.80853e-238    1.34458e-11    7.80853e-238    1.34457e-11    0.00847587    0.00847587 
0.181487    2.8929e-238    1.34452e-11    2.8929e-238    1.34451e-11    0.00851262    0.00851262 
0.181158    1.07181e-238    1.34446e-11    1.07181e-238    1.34445e-11    0.00854999    0.00854999 
0.180831    3.97121e-239    1.3444e-11    3.97121e-239    1.34439e-11    0.00858797    0.00858797 
0.180504    1.47146e-239    1.34434e-11    1.47146e-239    1.34433e-11    0.00862655    0.00862655 
0.180179    5.42779e-240    1.34428e-11    5.42779e-240    1.34427e-11    0.00862655    0.00862655 
0.179855    2.01124e-240    1.34423e-11    2.01124e-240    1.34422e-11    0.00866571    0.00866571 
0.179532    7.45286e-241    1.34417e-11    7.45286e-241    1.34416e-11    0.00870545    0.00870545 
0.17921    2.76184e-241    1.34411e-11    2.76184e-241    1.3441e-11    0.00874575    0.00874575 
0.17889    1.0235e-241    1.34406e-11    1.0235e-241    1.34405e-11    0.00878659    0.00878659 
0.17857    3.7931e-242    1.344e-11    3.7931e-242    1.34399e-11    0.00882794    0.00882794 
0.178252    1.40576e-242    1.34394e-11    1.40576e-242    1.34393e-11    0.00886978    0.00886978 
0.177935    5.18528e-243    1.34389e-11    5.18528e-243    1.34388e-11    0.00886978    0.00886978 
0.177619    1.92176e-243    1.34383e-11    1.92176e-243    1.34382e-11    0.0089121    0.0089121 
0.177304    7.12254e-244    1.34378e-11    7.12254e-244    1.34377e-11    0.00895486    0.00895486 
0.17699    2.63985e-244    1.34372e-11    2.63985e-244    1.34371e-11    0.00899803    0.00899803 
0.176677    9.78428e-245    1.34367e-11    9.78428e-245    1.34366e-11    0.00904159    0.00904159 
0.176366    3.62647e-245    1.34361e-11    3.62647e-245    1.3436e-11    0.0090855    0.0090855 
0.176055    1.34413e-245    1.34356e-11    1.34413e-245    1.34355e-11    0.00912972    0.00912972 
0.175746    4.9578e-246    1.34351e-11    4.9578e-246    1.3435e-11    0.00912972    0.00912972 
0.175438    1.83758e-246    1.34345e-11    1.83758e-246    1.34344e-11    0.00917423    0.00917423 
0.17513    6.81087e-247    1.3434e-11    6.81087e-247    1.34339e-11    0.00921898    0.00921898 
0.174824    2.52439e-247    1.34335e-11    2.52439e-247    1.34334e-11    0.00926394    0.00926394 
0.174519    9.35635e-248    1.34329e-11    9.35635e-248    1.34328e-11    0.00930907    0.00930907 
0.174215    3.46776e-248    1.34324e-11    3.46776e-248    1.34323e-11    0.00935433    0.00935433 
0.173912    1.28524e-248    1.34319e-11    1.28524e-248    1.34318e-11    0.00939966    0.00939966 
0.17361    4.74043e-249    1.34314e-11    4.74043e-249    1.34313e-11    0.00939966    0.00939966 
0.173309    1.75687e-249    1.34309e-11    1.75687e-249    1.34308e-11    0.00944504    0.00944504 
0.173009    6.51104e-250    1.34304e-11    6.51104e-250    1.34303e-11    0.00949041    0.00949041 
0.172711    2.41294e-250    1.34299e-11    2.41294e-250    1.34298e-11    0.00953574    0.00953574 
0.172413    8.94185e-251    1.34294e-11    8.94185e-251    1.34293e-11    0.00958097    0.00958097 
0.172116    3.31352e-251    1.34289e-11    3.31352e-251    1.34288e-11    0.00962606    0.00962606 
0.17182    1.22211e-251    1.34284e-11    1.22211e-251    1.34283e-11    0.00962606    0.00962606 
0.171526    4.52848e-252    1.34279e-11    4.52848e-252    1.34278e-11    0.00967096    0.00967096 
0.171232    1.67792e-252    1.34274e-11    1.67792e-252    1.34273e-11    0.00971564    0.00971564 
0.170939    6.21681e-253    1.34269e-11    6.21681e-253    1.34268e-11    0.00976004    0.00976004 
0.170647    2.30324e-253    1.34264e-11    2.30324e-253    1.34263e-11    0.00980412    0.00980412 
0.170357    8.49474e-254    1.34259e-11    8.49474e-254    1.34258e-11    0.00980412    0.00980412 
0.170067    3.14697e-254    1.34254e-11    3.14697e-254    1.34253e-11    0.00984783    0.00984783 
0.169778    1.16575e-254    1.34249e-11    1.16575e-254    1.34248e-11    0.00989114    0.00989114 
0.169491    4.31808e-255    1.34245e-11    4.31808e-255    1.34244e-11    0.009934    0.009934 
0.169204    1.59935e-255    1.3424e-11    1.59935e-255    1.34239e-11    0.00997637    0.00997637 
0.168918    5.92329e-256    1.34235e-11    5.92329e-256    1.34234e-11    0.0100182    0.0100182 
0.168633    2.18456e-256    1.34231e-11    2.18456e-256    1.3423e-11    0.0100182    0.0100182 
0.168349    8.08999e-257    1.34226e-11    8.08999e-257    1.34225e-11    0.0100595    0.0100595 
0.168066    2.99569e-257    1.34221e-11    2.99569e-257    1.3422e-11    0.0101001    0.0101001 
0.167784    1.1092e-257    1.34217e-11    1.1092e-257    1.34216e-11    0.0101402    0.0101402 
0.167503    4.10663e-258    1.34212e-11    4.10663e-258    1.34211e-11    0.0101795    0.0101795 
0.167223    1.51453e-258    1.34207e-11    1.51453e-258    1.34206e-11    0.0101795    0.0101795 
0.166944    5.60677e-259    1.34203e-11    5.60677e-259    1.34202e-11    0.0102182    0.0102182 
0.166666    2.07544e-259    1.34198e-11    2.07544e-259    1.34197e-11    0.0102561    0.0102561 
0.166388    7.68189e-260    1.34194e-11    7.68189e-260    1.34193e-11    0.0102933    0.0102933 
0.166112    2.84306e-260    1.34189e-11    2.84306e-260    1.34188e-11    0.0103297    0.0103297 
0.165837    1.0485e-260    1.34185e-11    1.0485e-260    1.34184e-11    0.0103297    0.0103297 
0.165562    3.88012e-261    1.3418e-11    3.88012e-261    1.34179e-11    0.0103654    0.0103654 
0.165288    1.43575e-261    1.34176e-11    1.43575e-261    1.34175e-11    0.0104002    0.0104002 
0.165016    5.31221e-262    1.34171e-11    5.31221e-262    1.34171e-11    0.0104342    0.0104342 
0.164744    1.96531e-262    1.34167e-11    1.96531e-262    1.34166e-11    0.0104674    0.0104674 
0.164473    7.24776e-263    1.34163e-11    7.24776e-263    1.34162e-11    0.0104674    0.0104674 
0.164203    2.68112e-263    1.34158e-11    2.68112e-263    1.34157e-11    0.0104998    0.0104998 
0.163933    9.91717e-264    1.34154e-11    9.91717e-264    1.34153e-11    0.0105313    0.0105313 
0.163665    3.66792e-264    1.3415e-11    3.66792e-264    1.34149e-11    0.010562    0.010562 
0.163398    1.35648e-264    1.34145e-11    1.35648e-264    1.34144e-11    0.0105919    0.0105919 
0.163131    5.0024e-265    1.34141e-11    5.0024e-265    1.3414e-11    0.0105919    0.0105919 
0.162865    1.84983e-265    1.34137e-11    1.84983e-265    1.34136e-11    0.0106209    0.0106209 
0.162601    6.83985e-266    1.34133e-11    6.83985e-266    1.34132e-11    0.0106492    0.0106492 
0.162337    2.52886e-266    1.34128e-11    2.52886e-266    1.34128e-11    0.0106766    0.0106766 
0.162074    9.34903e-267    1.34124e-11    9.34903e-267    1.34123e-11    0.0107033    0.0107033 
0.161811    3.44765e-267    1.3412e-11    3.44765e-267    1.34119e-11    0.0107033    0.0107033 
0.16155    1.27447e-267    1.34116e-11    1.27447e-267    1.34115e-11    0.0107293    0.0107293 
0.161289    4.71087e-268    1.34112e-11    4.71087e-268    1.34111e-11    0.0107545    0.0107545 
0.16103    1.74117e-268    1.34108e-11    1.74117e-268    1.34107e-11    0.010779    0.010779 
0.160771    6.42081e-269    1.34104e-11    6.42081e-269    1.34103e-11    0.010779    0.010779 
0.160513    2.373e-269    1.34099e-11    2.373e-269    1.34098e-11    0.0108029    0.0108029 
0.160255    8.76951e-270    1.34095e-11    8.76951e-270    1.34094e-11    0.0108261    0.0108261 
0.159999    3.2406e-270    1.34091e-11    3.2406e-270    1.3409e-11    0.0108487    0.0108487 
0.159743    1.19743e-270    1.34087e-11    1.19743e-270    1.34086e-11    0.0108707    0.0108707 
0.159489    4.41561e-271    1.34083e-11    4.41561e-271    1.34082e-11    0.0108707    0.0108707 
0.159235    1.6315e-271    1.34079e-11    1.6315e-271    1.34078e-11    0.0108922    0.0108922 
0.158982    6.02786e-272    1.34075e-11    6.02786e-272    1.34074e-11    0.0109132    0.0109132 
0.158729    2.22698e-272    1.34071e-11    2.22698e-272    1.3407e-11    0.0109338    0.0109338 
0.158478    8.21204e-273    1.34067e-11    8.21204e-273    1.34066e-11    0.0109338    0.0109338 
0.158227    3.03378e-273    1.34063e-11    3.03378e-273    1.34062e-11    0.010954    0.010954 
0.157977    1.12073e-273    1.34059e-11    1.12073e-273    1.34058e-11    0.0109738    0.0109738 
0.157728    4.14001e-274    1.34055e-11    4.14001e-274    1.34055e-11    0.0109933    0.0109933 
0.157479    1.52661e-274    1.34052e-11    1.52661e-274    1.34051e-11    0.0109933    0.0109933 
0.157232    5.63918e-275    1.34048e-11    5.63918e-275    1.34047e-11    0.0110125    0.0110125 
0.156985    2.08301e-275    1.34044e-11    2.08301e-275    1.34043e-11    0.0110316    0.0110316 
0.156739    7.69407e-276    1.3404e-11    7.69407e-276    1.34039e-11    0.0110505    0.0110505 
0.156494    2.83712e-276    1.34036e-11    2.83712e-276    1.34035e-11    0.0110505    0.0110505 
0.156249    1.04793e-276    1.34032e-11    1.04793e-276    1.34031e-11    0.0110692    0.0110692 
0.156005    3.87066e-277    1.34028e-11    3.87066e-277    1.34028e-11    0.0110879    0.0110879 
0.155762    1.42966e-277    1.34025e-11    1.42966e-277    1.34024e-11    0.0111066    0.0111066 
0.15552    5.27166e-278    1.34021e-11    5.27166e-278    1.3402e-11    0.0111066    0.0111066 
0.155279    1.94712e-278    1.34017e-11    1.94712e-278    1.34016e-11    0.0111253    0.0111253 
0.155038    7.1918e-279    1.34013e-11    7.1918e-279    1.34012e-11    0.0111441    0.0111441 
0.154798    2.65635e-279    1.3401e-11    2.65635e-279    1.34009e-11    0.011163    0.011163 
0.154559    9.79476e-280    1.34006e-11    9.79476e-280    1.34005e-11    0.011163    0.011163 
0.15432    3.61779e-280    1.34002e-11    3.61779e-280    1.34001e-11    0.0111821    0.0111821 
0.154082    1.33629e-280    1.33998e-11    1.33629e-280    1.33998e-11    0.0112015    0.0112015 
0.153845    4.93588e-281    1.33995e-11    4.93588e-281    1.33994e-11    0.0112211    0.0112211 
0.153609    1.81998e-281    1.33991e-11    1.81998e-281    1.3399e-11    0.0112211    0.0112211 
0.153373    6.72261e-282    1.33987e-11    6.72261e-282    1.33987e-11    0.011241    0.011241 
0.153138    2.48325e-282    1.33984e-11    2.48325e-282    1.33983e-11    0.0112613    0.0112613 
0.152904    9.1731e-283    1.3398e-11    9.1731e-283    1.33979e-11    0.011282    0.011282 
0.152671    3.38231e-283    1.33977e-11    3.38231e-283    1.33976e-11    0.011282    0.011282 
0.152438    1.24946e-283    1.33973e-11    1.24946e-283    1.33972e-11    0.0113031    0.0113031 
0.152206    4.61576e-284    1.33969e-11    4.61576e-284    1.33968e-11    0.0113247    0.0113247 
0.151975    1.70523e-284    1.33966e-11    1.70523e-284    1.33965e-11    0.0113469    0.0113469 
0.151744    6.28745e-285    1.33962e-11    6.28745e-285    1.33961e-11    0.0113469    0.0113469 
0.151514    2.3229e-285    1.33959e-11    2.3229e-285    1.33958e-11    0.0113696    0.0113696 
0.151285    8.58234e-286    1.33955e-11    8.58234e-286    1.33954e-11    0.0113928    0.0113928 
0.151056    3.17104e-286    1.33952e-11    3.17104e-286    1.33951e-11    0.0114167    0.0114167 
0.150829    1.16919e-286    1.33948e-11    1.16919e-286    1.33947e-11    0.0114167    0.0114167 
0.150601    4.32017e-287    1.33945e-11    4.32017e-287    1.33944e-11    0.0114413    0.0114413 
0.150375    1.59639e-287    1.33941e-11    1.59639e-287    1.3394e-11    0.0114665    0.0114665 
0.150149    5.88598e-288    1.33938e-11    5.88598e-288    1.33937e-11    0.0114665    0.0114665 
0.149924    2.17509e-288    1.33934e-11    2.17509e-288    1.33933e-11    0.0114924    0.0114924 
0.1497    8.03821e-289    1.33931e-11    8.03821e-289    1.3393e-11    0.011519    0.011519 
0.149476    2.97075e-289    1.33927e-11    2.97075e-289    1.33926e-11    0.0115464    0.0115464 
0.149253    1.09532e-289    1.33924e-11    1.09532e-289    1.33923e-11    0.0115464    0.0115464 
0.14903    4.04826e-290    1.33921e-11    4.04826e-290    1.3392e-11    0.0115745    0.0115745 
0.148809    1.49632e-290    1.33917e-11    1.49632e-290    1.33916e-11    0.0116034    0.0116034 
0.148587    5.51687e-291    1.33914e-11    5.51687e-291    1.33913e-11    0.0116034    0.0116034 
0.148367    2.03924e-291    1.3391e-11    2.03924e-291    1.33909e-11    0.011633    0.011633 
0.148147    7.53827e-292    1.33907e-11    7.53827e-292    1.33906e-11    0.0116635    0.0116635 
0.147928    2.78676e-292    1.33904e-11    2.78676e-292    1.33903e-11    0.0116947    0.0116947 
0.14771    1.02746e-292    1.339e-11    1.02746e-292    1.33899e-11    0.0116947    0.0116947 
0.147492    3.79852e-293    1.33897e-11    3.79852e-293    1.33896e-11    0.0117268    0.0117268 
0.147274    1.4044e-293    1.33894e-11    1.4044e-293    1.33893e-11    0.0117596    0.0117596 
0.147058    5.17786e-294    1.33891e-11    5.17786e-294    1.3389e-11    0.0117596    0.0117596 
0.146842    1.91447e-294    1.33887e-11    1.91447e-294    1.33886e-11    0.0117932    0.0117932 
0.146627    7.07898e-295    1.33884e-11    7.07898e-295    1.33883e-11    0.0118276    0.0118276 
0.146412    2.61768e-295    1.33881e-11    2.61768e-295    1.3388e-11    0.0118628    0.0118628 
0.146198    9.65098e-296    1.33878e-11    9.65098e-296    1.33877e-11    0.0118628    0.0118628 
0.145984    3.56894e-296    1.33874e-11    3.56894e-296    1.33873e-11    0.0118988    0.0118988 
0.145772    1.31986e-296    1.33871e-11    1.31986e-296    1.3387e-11    0.0119355    0.0119355 
0.145559    4.86608e-297    1.33868e-11    4.86608e-297    1.33867e-11    0.0119355    0.0119355 
0.145348    1.79965e-297    1.33865e-11    1.79965e-297    1.33864e-11    0.011973    0.011973 
0.145137    6.65609e-298    1.33862e-11    6.65609e-298    1.33861e-11    0.0120112    0.0120112 
0.144927    2.46189e-298    1.33858e-11    2.46189e-298    1.33858e-11    0.0120501    0.0120501 
0.144717    9.07641e-299    1.33855e-11    9.07641e-299    1.33854e-11    0.0120501    0.0120501 
0.144508    3.35723e-299    1.33852e-11    3.35723e-299    1.33851e-11    0.0120896    0.0120896 
0.144299    1.24184e-299    1.33849e-11    1.24184e-299    1.33848e-11    0.0121299    0.0121299 
0.144091    4.57831e-300    1.33846e-11    4.57831e-300    1.33845e-11    0.0121299    0.0121299 
0.143884    1.69357e-300    1.33843e-11    1.69357e-300    1.33842e-11    0.0121706    0.0121706 
0.143677    6.26492e-301    1.3384e-11    6.26492e-301    1.33839e-11    0.012212    0.012212 
0.143471    2.30968e-301    1.33837e-11    2.30968e-301    1.33836e-11    0.012212    0.012212 
0.143266    8.54428e-302    1.33834e-11    8.54428e-302    1.33833e-11    0.012254    0.012254 
0.143061    3.1609e-302    1.33831e-11    3.1609e-302    1.3383e-11    0.0122964    0.0122964 
0.142856    1.16532e-302    1.33828e-11    1.16532e-302    1.33827e-11    0.0122964    0.0122964 
0.142652    4.3111e-303    1.33825e-11    4.3111e-303    1.33824e-11    0.0123393    0.0123393 
0.142449    1.59492e-303    1.33822e-11    1.59492e-303    1.33821e-11    0.0123827    0.0123827 
0.142247    5.90064e-304    1.33819e-11    5.90064e-304    1.33818e-11    0.0124264    0.0124264 
0.142045    2.17534e-304    1.33816e-11    2.17534e-304    1.33815e-11    0.0124264    0.0124264 
0.141843    8.048e-305    1.33813e-11    8.048e-305    1.33812e-11    0.0124704    0.0124704 
0.141642    2.97751e-305    1.3381e-11    2.97751e-305    1.33809e-11    0.0125147    0.0125147 
0.141442    1.09768e-305    1.33807e-11    1.09768e-305    1.33806e-11    0.0125147    0.0125147 
0.141242    4.06109e-306    1.33804e-11    4.06109e-306    1.33803e-11    0.0125593    0.0125593 
0.141043    1.50247e-306    1.33801e-11    1.50247e-306    1.338e-11    0.012604    0.012604 
0.140844    5.53893e-307    1.33798e-11    5.53893e-307    1.33797e-11    0.012604    0.012604 
0.140646    2.04921e-307    1.33795e-11    2.04921e-307    1.33794e-11    0.0126488    0.0126488 
0.140449    7.58126e-308    1.33792e-11    7.58126e-308    1.33791e-11    0.0126937    0.0126937 
0.140252    2.79484e-308    1.33789e-11    2.79484e-308    1.33788e-11    0.0126937    0.0126937 
0.140055    1.03396e-308    1.33787e-11    1.03396e-308    1.33786e-11    0.0127386    0.0127386 
0.139859    3.82512e-309    1.33784e-11    3.82512e-309    1.33783e-11    0.0127835    0.0127835 
0.139664    1.41012e-309    1.33781e-11    1.41012e-309    1.3378e-11    0.0127835    0.0127835 
0.139469    5.21656e-310    1.33778e-11    5.21656e-310    1.33777e-11    0.0128282    0.0128282 
0.139275    1.92975e-310    1.33775e-11    1.92975e-310    1.33774e-11    0.0128728    0.0128728 
0.139081    7.1139e-311    1.33772e-11    7.1139e-311    1.33772e-11    0.0128728    0.0128728 
0.138888    2.63153e-311    1.3377e-11    2.63153e-311    1.33769e-11    0.0129172    0.0129172 
0.138695    9.73398e-312    1.33767e-11    9.73398e-312    1.33766e-11    0.0129612    0.0129612 
0.138503    3.58835e-312    1.33764e-11    3.58835e-312    1.33763e-11    0.0129612    0.0129612 
0.138312    1.32727e-312    1.33761e-11    1.32727e-312    1.3376e-11    0.0130049    0.0130049 
0.138121    4.90913e-313    1.33759e-11    4.90913e-313    1.33758e-11    0.0130482    0.0130482 
0.13793    1.80969e-313    1.33756e-11    1.80969e-313    1.33755e-11    0.0130482    0.0130482 
0.13774    6.69309e-314    1.33753e-11    6.69309e-314    1.33752e-11    0.013091    0.013091 
0.137551    2.47528e-314    1.3375e-11    2.47528e-314    1.3375e-11    0.0131333    0.0131333 
0.137362    9.12474e-315    1.33748e-11    9.12474e-315    1.33747e-11    0.0131333    0.0131333 
0.137173    3.37439e-315    1.33745e-11    3.37439e-315    1.33744e-11    0.013175    0.013175 
0.136985    1.24778e-315    1.33742e-11    1.24778e-315    1.33741e-11    0.0132161    0.0132161 
0.136798    4.59973e-316    1.3374e-11    4.59973e-316    1.33739e-11    0.0132161    0.0132161 
0.136611    1.70079e-316    1.33737e-11    1.70079e-316    1.33736e-11    0.0132564    0.0132564 
0.136425    6.28832e-317    1.33734e-11    6.28832e-317    1.33733e-11    0.013296    0.013296 
0.136239    2.31805e-317    1.33732e-11    2.31805e-317    1.33731e-11    0.013296    0.013296 
0.136054    8.57008e-318    1.33729e-11    8.57008e-318    1.33728e-11    0.0133348    0.0133348 
0.135869    3.16778e-318    1.33726e-11    3.16778e-318    1.33726e-11    0.0133728    0.0133728 
0.135684    1.16811e-318    1.33724e-11    1.16811e-318    1.33723e-11    0.0133728    0.0133728 
0.1355    4.31408e-319    1.33721e-11    4.31408e-319    1.3372e-11    0.0134098    0.0134098 
0.135317    1.59326e-319    1.33719e-11    1.59326e-319    1.33718e-11    0.0134459    0.0134459 
0.135134    5.85616e-320    1.33716e-11    5.85616e-320    1.33715e-11    0.0134459    0.0134459 
0.134952    2.17142e-320    1.33713e-11    2.17142e-320    1.33713e-11    0.013481    0.013481 
0.13477    7.73707e-321    1.33711e-11    7.73707e-321    1.3371e-11    0.0135152    0.0135152 
0.134589    2.82111e-321    1.33708e-11    2.82111e-321    1.33707e-11    0.0135152    0.0135152 
0.134408    1.41797e-321    1.33706e-11    1.41797e-321    1.33705e-11    0.0135483    0.0135483 
0.134227    7.11455e-322    1.33703e-11    7.11455e-322    1.33702e-11    0.0135801    0.0135801 
0.134047    0    1.33701e-11    0    1.337e-11    0.0135801    0.0135801 
0.133868    0    1.33698e-11    0    1.33697e-11    0.0136111    0.0136111 
0.133689    0    1.33696e-11    0    1.33695e-11    0.0136111    0.0136111 
0.13351    0    1.33693e-11    0    1.33692e-11    0.0136408    0.0136408 
0.133332    0    1.33691e-11    0    1.3369e-11    0.0136694    0.0136694 
0.133155    0    1.33688e-11    0    1.33687e-11    0.0136694    0.0136694 
0.132978    0    1.33686e-11    0    1.33685e-11    0.0136969    0.0136969 
0.132801    0    1.33683e-11    0    1.33682e-11    0.0137231    0.0137231 
0.132625    0    1.33681e-11    0    1.3368e-11    0.0137231    0.0137231 
0.132449    0    1.33678e-11    0    1.33677e-11    0.0137482    0.0137482 
0.132274    0    1.33676e-11    0    1.33675e-11    0.0137721    0.0137721 
0.1321    0    1.33673e-11    0    1.33673e-11    0.0137721    0.0137721 
0.131925    0    1.33671e-11    0    1.3367e-11    0.0137948    0.0137948 
0.131751    0    1.33669e-11    0    1.33668e-11    0.0137948    0.0137948 
0.131578    0    1.33666e-11    0    1.33665e-11    0.0138164    0.0138164 
0.131405    0    1.33664e-11    0    1.33663e-11    0.0138367    0.0138367 
0.131233    0    1.33661e-11    0    1.3366e-11    0.0138367    0.0138367 
0.131061    0    1.33659e-11    0    1.33658e-11    0.0138559    0.0138559 
0.130889    0    1.33657e-11    0    1.33656e-11    0.0138741    0.0138741 
0.130718    0    1.33654e-11    0    1.33653e-11    0.0138741    0.0138741 
0.130547    0    1.33652e-11    0    1.33651e-11    0.013891    0.013891 
0.130377    0    1.33649e-11    0    1.33649e-11    0.0139069    0.0139069 
0.130207    0    1.33647e-11    0    1.33646e-11    0.0139069    0.0139069 
0.130038    0    1.33645e-11    0    1.33644e-11    0.0139217    0.0139217 
0.129869    0    1.33642e-11    0    1.33642e-11    0.0139217    0.0139217 
0.129701    0    1.3364e-11    0    1.33639e-11    0.0139355    0.0139355 
0.129533    0    1.33638e-11    0    1.33637e-11    0.0139483    0.0139483 
0.129365    0    1.33635e-11    0    1.33635e-11    0.0139483    0.0139483 
0.129198    0    1.33633e-11    0    1.33632e-11    0.0139602    0.0139602 
0.129031    0    1.33631e-11    0    1.3363e-11    0.0139711    0.0139711 
0.128865    0    1.33628e-11    0    1.33628e-11    0.0139711    0.0139711 
0.128699    0    1.33626e-11    0    1.33625e-11    0.0139812    0.0139812 
0.128534    0    1.33624e-11    0    1.33623e-11    0.0139812    0.0139812 
0.128369    0    1.33622e-11    0    1.33621e-11    0.0139905    0.0139905 
0.128204    0    1.33619e-11    0    1.33618e-11    0.013999    0.013999 
0.12804    0    1.33617e-11    0    1.33616e-11    0.013999    0.013999 
0.127876    0    1.33615e-11    0    1.33614e-11    0.0140067    0.0140067 
0.127713    0    1.33613e-11    0    1.33612e-11    0.0140139    0.0140139 
0.12755    0    1.3361e-11    0    1.33609e-11    0.0140139    0.0140139 
0.127388    0    1.33608e-11    0    1.33607e-11    0.0140203    0.0140203 
0.127226    0    1.33606e-11    0    1.33605e-11    0.0140203    0.0140203 
0.127064    0    1.33604e-11    0    1.33603e-11    0.0140263    0.0140263 
0.126903    0    1.33601e-11    0    1.336e-11    0.0140318    0.0140318 
0.126742    0    1.33599e-11    0    1.33598e-11    0.0140318    0.0140318 
0.126581    0    1.33597e-11    0    1.33596e-11    0.0140367    0.0140367 
0.126421    0    1.33595e-11    0    1.33594e-11    0.0140367    0.0140367 
0.126262    0    1.33593e-11    0    1.33592e-11    0.0140414    0.0140414 
0.126103    0    1.3359e-11    0    1.33589e-11    0.0140457    0.0140457 
0.125944    0    1.33588e-11    0    1.33587e-11    0.0140457    0.0140457 
0.125785    0    1.33586e-11    0    1.33585e-11    0.0140497    0.0140497 
0.125627    0    1.33584e-11    0    1.33583e-11    0.0140497    0.0140497 
0.12547    0    1.33582e-11    0    1.33581e-11    0.0140535    0.0140535 
0.125312    0    1.33579e-11    0    1.33579e-11    0.0140571    0.0140571 
0.125156    0    1.33577e-11    0    1.33576e-11    0.0140571    0.0140571 
0.124999    0    1.33575e-11    0    1.33574e-11    0.0140606    0.0140606 
0.124843    0    1.33573e-11    0    1.33572e-11    0.0140606    0.0140606 
0.124687    0    1.33571e-11    0    1.3357e-11    0.0140642    0.0140642 
0.124532    0    1.33569e-11    0    1.33568e-11    0.0140676    0.0140676 
0.124377    0    1.33567e-11    0    1.33566e-11    0.0140676    0.0140676 
0.124223    0    1.33564e-11    0    1.33563e-11    0.0140713    0.0140713 
0.124069    0    1.33562e-11    0    1.33561e-11    0.0140713    0.0140713 
0.123915    0    1.3356e-11    0    1.33559e-11    0.014075    0.014075 
0.123762    0    1.33558e-11    0    1.33557e-11    0.014079    0.014079 
0.123609    0    1.33556e-11    0    1.33555e-11    0.014079    0.014079 
0.123456    0    1.33554e-11    0    1.33553e-11    0.014083    0.014083 
0.123304    0    1.33552e-11    0    1.33551e-11    0.014083    0.014083 
0.123152    0    1.3355e-11    0    1.33549e-11    0.0140874    0.0140874 
0.123    0    1.33548e-11    0    1.33547e-11    0.0140921    0.0140921 
0.122849    0    1.33545e-11    0    1.33545e-11    0.0140921    0.0140921 
0.122699    0    1.33543e-11    0    1.33542e-11    0.0140972    0.0140972 
0.122548    0    1.33541e-11    0    1.3354e-11    0.0140972    0.0140972 
0.122398    0    1.33539e-11    0    1.33538e-11    0.0141027    0.0141027 
0.122249    0    1.33537e-11    0    1.33536e-11    0.0141087    0.0141087 
0.122099    0    1.33535e-11    0    1.33534e-11    0.0141087    0.0141087 
0.12195    0    1.33533e-11    0    1.33532e-11    0.014115    0.014115 
0.121802    0    1.33531e-11    0    1.3353e-11    0.014115    0.014115 
0.121654    0    1.33529e-11    0    1.33528e-11    0.0141221    0.0141221 
0.121506    0    1.33527e-11    0    1.33526e-11    0.0141296    0.0141296 
0.121358    0    1.33525e-11    0    1.33524e-11    0.0141296    0.0141296 
0.121211    0    1.33523e-11    0    1.33522e-11    0.0141376    0.0141376 
0.121065    0    1.33521e-11    0    1.3352e-11    0.0141376    0.0141376 
0.120918    0    1.33519e-11    0    1.33518e-11    0.0141463    0.0141463 
0.120772    0    1.33517e-11    0    1.33516e-11    0.0141463    0.0141463 
0.120626    0    1.33515e-11    0    1.33514e-11    0.0141557    0.0141557 
0.120481    0    1.33513e-11    0    1.33512e-11    0.0141657    0.0141657 
0.120336    0    1.33511e-11    0    1.3351e-11    0.0141657    0.0141657 
0.120191    0    1.33509e-11    0    1.33508e-11    0.0141764    0.0141764 
0.120047    0    1.33507e-11    0    1.33506e-11    0.0141764    0.0141764 
0.119903    0    1.33505e-11    0    1.33504e-11    0.0141877    0.0141877 
0.11976    0    1.33503e-11    0    1.33502e-11    0.0142    0.0142 
0.119616    0    1.33501e-11    0    1.335e-11    0.0142    0.0142 
0.119473    0    1.33499e-11    0    1.33498e-11    0.0142127    0.0142127 
0.119331    0    1.33497e-11    0    1.33496e-11    0.0142127    0.0142127 
0.119189    0    1.33495e-11    0    1.33494e-11    0.0142264    0.0142264 
0.119047    0    1.33493e-11    0    1.33492e-11    0.0142264    0.0142264 
0.118905    0    1.33491e-11    0    1.3349e-11    0.0142406    0.0142406 
0.118764    0    1.33489e-11    0    1.33488e-11    0.0142558    0.0142558 
0.118623    0    1.33487e-11    0    1.33486e-11    0.0142558    0.0142558 
0.118483    0    1.33486e-11    0    1.33485e-11    0.0142717    0.0142717 
0.118342    0    1.33484e-11    0    1.33483e-11    0.0142717    0.0142717 
0.118202    0    1.33482e-11    0    1.33481e-11    0.0142882    0.0142882 
0.118063    0    1.3348e-11    0    1.33479e-11    0.0142882    0.0142882 
0.117924    0    1.33478e-11    0    1.33477e-11    0.0143057    0.0143057 
0.117785    0    1.33476e-11    0    1.33475e-11    0.0143237    0.0143237 
0.117646    0    1.33474e-11    0    1.33473e-11    0.0143237    0.0143237 
0.117508    0    1.33472e-11    0    1.33471e-11    0.0143425    0.0143425 
0.11737    0    1.3347e-11    0    1.33469e-11    0.0143425    0.0143425 
0.117232    0    1.33468e-11    0    1.33468e-11    0.0143621    0.0143621 
0.117095    0    1.33467e-11    0    1.33466e-11    0.0143621    0.0143621 
0.116958    0    1.33465e-11    0    1.33464e-11    0.0143824    0.0143824 
0.116822    0    1.33463e-11    0    1.33462e-11    0.0144033    0.0144033 
0.116685    0    1.33461e-11    0    1.3346e-11    0.0144033    0.0144033 
0.116549    0    1.33459e-11    0    1.33458e-11    0.0144252    0.0144252 
0.116414    0    1.33457e-11    0    1.33456e-11    0.0144252    0.0144252 
0.116278    0    1.33455e-11    0    1.33455e-11    0.0144474    0.0144474 
0.116143    0    1.33454e-11    0    1.33453e-11    0.0144474    0.0144474 
0.116008    0    1.33452e-11    0    1.33451e-11    0.0144704    0.0144704 
0.115874    0    1.3345e-11    0    1.33449e-11    0.0144704    0.0144704 
0.11574    0    1.33448e-11    0    1.33447e-11    0.0144939    0.0144939 
0.115606    0    1.33446e-11    0    1.33445e-11    0.0145181    0.0145181 
0.115473    0    1.33445e-11    0    1.33444e-11    0.0145181    0.0145181 
0.115339    0    1.33443e-11    0    1.33442e-11    0.0145428    0.0145428 
0.115207    0    1.33441e-11    0    1.3344e-11    0.0145428    0.0145428 
0.115074    0    1.33439e-11    0    1.33438e-11    0.014568    0.014568 
0.114942    0    1.33437e-11    0    1.33436e-11    0.014568    0.014568 
0.11481    0    1.33436e-11    0    1.33435e-11    0.0145937    0.0145937 
0.114678    0    1.33434e-11    0    1.33433e-11    0.0145937    0.0145937 
0.114547    0    1.33432e-11    0    1.33431e-11    0.0146199    0.0146199 
0.114416    0    1.3343e-11    0    1.33429e-11    0.0146466    0.0146466 
0.114285    0    1.33428e-11    0    1.33428e-11    0.0146466    0.0146466 
0.114154    0    1.33427e-11    0    1.33426e-11    0.0146735    0.0146735 
0.114024    0    1.33425e-11    0    1.33424e-11    0.0146735    0.0146735 
0.113894    0    1.33423e-11    0    1.33422e-11    0.0147007    0.0147007 
0.113765    0    1.33421e-11    0    1.33421e-11    0.0147007    0.0147007 
0.113636    0    1.3342e-11    0    1.33419e-11    0.0147284    0.0147284 
0.113507    0    1.33418e-11    0    1.33417e-11    0.0147284    0.0147284 
0.113378    0    1.33416e-11    0    1.33415e-11    0.0147563    0.0147563 
0.113249    0    1.33415e-11    0    1.33414e-11    0.0147841    0.0147841 
0.113121    0    1.33413e-11    0    1.33412e-11    0.0147841    0.0147841 
0.112994    0    1.33411e-11    0    1.3341e-11    0.0148126    0.0148126 
0.112866    0    1.33409e-11    0    1.33408e-11    0.0148126    0.0148126 
0.112739    0    1.33408e-11    0    1.33407e-11    0.0148408    0.0148408 
0.112612    0    1.33406e-11    0    1.33405e-11    0.0148408    0.0148408 
0.112485    0    1.33404e-11    0    1.33403e-11    0.0148695    0.0148695 
0.112359    0    1.33403e-11    0    1.33402e-11    0.0148695    0.0148695 
0.112233    0    1.33401e-11    0    1.334e-11    0.0148981    0.0148981 
0.112107    0    1.33399e-11    0    1.33398e-11    0.0148981    0.0148981 
0.111981    0    1.33398e-11    0    1.33397e-11    0.0149265    0.0149265 
0.111856    0    1.33396e-11    0    1.33395e-11    0.0149265    0.0149265 
0.111731    0    1.33394e-11    0    1.33393e-11    0.0149551    0.0149551 
0.111606    0    1.33393e-11    0    1.33392e-11    0.0149833    0.0149833 
0.111482    0    1.33391e-11    0    1.3339e-11    0.0149833    0.0149833 
0.111358    0    1.33389e-11    0    1.33388e-11    0.0150115    0.0150115 
0.111234    0    1.33388e-11    0    1.33387e-11    0.0150115    0.0150115 
0.11111    0    1.33386e-11    0    1.33385e-11    0.0150398    0.0150398 
0.110987    0    1.33384e-11    0    1.33383e-11    0.0150398    0.0150398 
0.110864    0    1.33383e-11    0    1.33382e-11    0.0150675    0.0150675 
0.110741    0    1.33381e-11    0    1.3338e-11    0.0150675    0.0150675 
0.110619    0    1.33379e-11    0    1.33378e-11    0.0150951    0.0150951 
0.110496    0    1.33378e-11    0    1.33377e-11    0.0150951    0.0150951 
0.110374    0    1.33376e-11    0    1.33375e-11    0.0151225    0.0151225 
0.110253    0    1.33375e-11    0    1.33374e-11    0.0151225    0.0151225 
0.110131    0    1.33373e-11    0    1.33372e-11    0.0151493    0.0151493 
0.11001    0    1.33371e-11    0    1.3337e-11    0.0151758    0.0151758 
0.109889    0    1.3337e-11    0    1.33369e-11    0.0151758    0.0151758 
0.109769    0    1.33368e-11    0    1.33367e-11    0.0152019    0.0152019 
0.109648    0    1.33367e-11    0    1.33366e-11    0.0152019    0.0152019 
0.109528    0    1.33365e-11    0    1.33364e-11    0.0152276    0.0152276 
0.109408    0    1.33363e-11    0    1.33362e-11    0.0152276    0.0152276 
0.109289    0    1.33362e-11    0    1.33361e-11    0.0152528    0.0152528 
0.10917    0    1.3336e-11    0    1.33359e-11    0.0152528    0.0152528 
0.10905    0    1.33359e-11    0    1.33358e-11    0.0152776    0.0152776 
0.108932    0    1.33357e-11    0    1.33356e-11    0.0152776    0.0152776 
0.108813    0    1.33356e-11    0    1.33355e-11    0.0153019    0.0153019 
0.108695    0    1.33354e-11    0    1.33353e-11    0.0153019    0.0153019 
0.108577    0    1.33352e-11    0    1.33351e-11    0.0153251    0.0153251 
0.108459    0    1.33351e-11    0    1.3335e-11    0.0153251    0.0153251 
0.108342    0    1.33349e-11    0    1.33348e-11    0.015348    0.015348 
0.108224    0    1.33348e-11    0    1.33347e-11    0.015348    0.015348 
0.108107    0    1.33346e-11    0    1.33345e-11    0.0153702    0.0153702 
0.107991    0    1.33345e-11    0    1.33344e-11    0.0153702    0.0153702 
0.107874    0    1.33343e-11    0    1.33342e-11    0.015392    0.015392 
0.107758    0    1.33342e-11    0    1.33341e-11    0.0154131    0.0154131 
0.107642    0    1.3334e-11    0    1.33339e-11    0.0154131    0.0154131 
0.107526    0    1.33339e-11    0    1.33338e-11    0.0154333    0.0154333 
0.107411    0    1.33337e-11    0    1.33336e-11    0.0154333    0.0154333 
0.107295    0    1.33336e-11    0    1.33335e-11    0.0154531    0.0154531 
0.10718    0    1.33334e-11    0    1.33333e-11    0.0154531    0.0154531 
0.107066    0    1.33333e-11    0    1.33332e-11    0.0154718    0.0154718 
0.106951    0    1.33331e-11    0    1.3333e-11    0.0154718    0.0154718 
0.106837    0    1.3333e-11    0    1.33329e-11    0.01549    0.01549 
0.106723    0    1.33328e-11    0    1.33327e-11    0.01549    0.01549 
0.106609    0    1.33327e-11    0    1.33326e-11    0.0155073    0.0155073 
0.106495    0    1.33325e-11    0    1.33324e-11    0.0155073    0.0155073 
0.106382    0    1.33324e-11    0    1.33323e-11    0.0155244    0.0155244 
0.106269    0    1.33322e-11    0    1.33321e-11    0.0155244    0.0155244 
0.106156    0    1.33321e-11    0    1.3332e-11    0.0155405    0.0155405 
0.106044    0    1.33319e-11    0    1.33318e-11    0.0155405    0.0155405 
0.105931    0    1.33318e-11    0    1.33317e-11    0.0155557    0.0155557 
0.105819    0    1.33316e-11    0    1.33315e-11    0.0155557    0.0155557 
0.105707    0    1.33315e-11    0    1.33314e-11    0.0155704    0.0155704 
0.105596    0    1.33313e-11    0    1.33312e-11    0.0155704    0.0155704 
0.105484    0    1.33312e-11    0    1.33311e-11    0.0155843    0.0155843 
0.105373    0    1.3331e-11    0    1.3331e-11    0.0155843    0.0155843 
0.105262    0    1.33309e-11    0    1.33308e-11    0.0155976    0.0155976 
0.105152    0    1.33308e-11    0    1.33307e-11    0.0155976    0.0155976 
0.105041    0    1.33306e-11    0    1.33305e-11    0.0156101    0.0156101 
0.104931    0    1.33305e-11    0    1.33304e-11    0.0156101    0.0156101 
0.104821    0    1.33303e-11    0    1.33302e-11    0.0156221    0.0156221 
0.104711    0    1.33302e-11    0    1.33301e-11    0.0156221    0.0156221 
0.104602    0    1.333e-11    0    1.33299e-11    0.0156335    0.0156335 
0.104492    0    1.33299e-11    0    1.33298e-11    0.0156335    0.0156335 
0.104383    0    1.33298e-11    0    1.33297e-11    0.0156444    0.0156444 
0.104275    0    1.33296e-11    0    1.33295e-11    0.0156444    0.0156444 
0.104166    0    1.33295e-11    0    1.33294e-11    0.0156543    0.0156543 
0.104058    0    1.33293e-11    0    1.33292e-11    0.0156543    0.0156543 
0.103949    0    1.33292e-11    0    1.33291e-11    0.0156639    0.0156639 
0.103841    0    1.33291e-11    0    1.3329e-11    0.0156639    0.0156639 
0.103734    0    1.33289e-11    0    1.33288e-11    0.0156728    0.0156728 
0.103626    0    1.33288e-11    0    1.33287e-11    0.0156728    0.0156728 
0.103519    0    1.33286e-11    0    1.33285e-11    0.0156817    0.0156817 
0.103412    0    1.33285e-11    0    1.33284e-11    0.0156817    0.0156817 
0.103305    0    1.33284e-11    0    1.33283e-11    0.0156898    0.0156898 
0.103198    0    1.33282e-11    0    1.33281e-11    0.0156898    0.0156898 
0.103092    0    1.33281e-11    0    1.3328e-11    0.0156975    0.0156975 
0.102986    0    1.33279e-11    0    1.33278e-11    0.0156975    0.0156975 
0.10288    0    1.33278e-11    0    1.33277e-11    0.0157047    0.0157047 
0.102774    0    1.33277e-11    0    1.33276e-11    0.0157047    0.0157047 
0.102669    0    1.33275e-11    0    1.33274e-11    0.0157116    0.0157116 
0.102563    0    1.33274e-11    0    1.33273e-11    0.0157116    0.0157116 
0.102458    0    1.33273e-11    0    1.33272e-11    0.0157182    0.0157182 
0.102353    0    1.33271e-11    0    1.3327e-11    0.0157182    0.0157182 
0.102249    0    1.3327e-11    0    1.33269e-11    0.0157246    0.0157246 
0.102144    0    1.33268e-11    0    1.33267e-11    0.0157246    0.0157246 
0.10204    0    1.33267e-11    0    1.33266e-11    0.0157305    0.0157305 
0.101936    0    1.33266e-11    0    1.33265e-11    0.0157305    0.0157305 
0.101832    0    1.33264e-11    0    1.33263e-11    0.0157362    0.0157362 
0.101729    0    1.33263e-11    0    1.33262e-11    0.0157362    0.0157362 
0.101625    0    1.33262e-11    0    1.33261e-11    0.0157422    0.0157422 
0.101522    0    1.3326e-11    0    1.33259e-11    0.0157422    0.0157422 
0.101419    0    1.33259e-11    0    1.33258e-11    0.0157478    0.0157478 
0.101316    0    1.33258e-11    0    1.33257e-11    0.0157478    0.0157478 
0.101214    0    1.33256e-11    0    1.33255e-11    0.0157529    0.0157529 
0.101111    0    1.33255e-11    0    1.33254e-11    0.0157529    0.0157529 
0.101009    0    1.33254e-11    0    1.33253e-11    0.0157587    0.0157587 
0.100907    0    1.33252e-11    0    1.33251e-11    0.0157587    0.0157587 
0.100806    0    1.33251e-11    0    1.3325e-11    0.0157638    0.0157638 
0.100704    0    1.3325e-11    0    1.33249e-11    0.0157638    0.0157638 
0.100603    0    1.33248e-11    0    1.33247e-11    0.015769    0.015769 
0.100502    0    1.33247e-11    0    1.33246e-11    0.015769    0.015769 
0.100401    0    1.33246e-11    0    1.33245e-11    0.0157747    0.0157747 
0.1003    0    1.33245e-11    0    1.33244e-11    0.0157747    0.0157747 
0.1002    0    1.33243e-11    0    1.33242e-11    0.0157801    0.0157801 
0.100099    0    1.33242e-11    0    1.33241e-11    0.0157801    0.0157801 
