0.1    5.14063e-26
0.125893    5.20313e-26
0.158489    5.25781e-26
0.199526    5.32031e-26
0.251189    5.375e-26
0.316228    5.42188e-26
0.398107    5.45313e-26
0.501187    5.46875e-26
0.630957    5.45313e-26
0.794328    5.40625e-26
1    5.35938e-26
1.25893    5.28906e-26
1.58489    5.21094e-26
1.99526    5.11719e-26
2.51189    4.95313e-26
3.16228    4.6875e-26
3.98107    4.35156e-26
5.01187    3.95313e-26
6.30957    3.60938e-26
7.94328    3.34375e-26
10    3.14063e-26
12.5893    2.97656e-26
15.8489    2.84766e-26
19.9526    2.74219e-26
25.1189    2.65625e-26
31.6228    2.59375e-26
39.8107    2.54687e-26
50.1187    2.50781e-26
63.0957    2.48047e-26
79.4328    2.46484e-26
100    2.45313e-26
125.893    2.44922e-26
158.489    2.45313e-26
199.526    2.46094e-26
251.189    2.47266e-26
316.228    2.48437e-26
398.107    2.5e-26
501.187    2.51172e-26
630.957    2.52344e-26
794.328    2.53125e-26
1000    2.53516e-26
1258.93    2.53516e-26
1584.89    2.53516e-26
1995.26    2.53125e-26
2511.89    2.53125e-26
3162.28    2.53125e-26
3981.07    2.53516e-26
5011.87    2.53906e-26
6309.57    2.54687e-26
7943.28    2.55859e-26
10000    2.57031e-26
