15    2.85288e-06    2.85288e-06    4.7295e-05    4.7295e-05    0.00318861    0.00318861 
13.6364    1.19625e-06    1.05406e-06    2.74916e-05    1.60194e-05    0.0031995    0.0031995 
12.5    4.96155e-07    4.96156e-07    1.58227e-05    1.58227e-05    0.00320737    0.00320737 
11.5385    2.03894e-07    2.03896e-07    9.0302e-06    9.03021e-06    0.003213    0.003213 
10.7143    8.31386e-08    8.31405e-08    5.11684e-06    5.11685e-06    0.00321724    0.00321724 
10    3.36708e-08    3.36725e-08    2.88129e-06    2.88131e-06    0.00322036    0.00322036 
9.375    1.35565e-08    1.35579e-08    1.61362e-06    1.61365e-06    0.00322279    0.00322279 
8.82353    5.42999e-09    5.43112e-09    8.99357e-07    8.99393e-07    0.00322481    0.00322481 
8.33333    2.16493e-09    2.16586e-09    4.99102e-07    4.99143e-07    0.00322643    0.00322643 
7.89473    8.59631e-10    8.60379e-10    2.7592e-07    2.75966e-07    0.00322791    0.00322791 
7.5    3.4008e-10    3.4068e-10    1.52011e-07    1.52063e-07    0.00322929    0.00322929 
7.14285    1.34092e-10    1.3457e-10    8.34845e-08    8.35418e-08    0.00323064    0.00323064 
6.81818    5.27113e-11    5.309e-11    4.57179e-08    4.57811e-08    0.00323192    0.00323192 
6.52174    2.06637e-11    2.09621e-11    2.4971e-08    2.50402e-08    0.00323328    0.00323328 
6.25    8.0798e-12    8.31439e-12    1.3606e-08    1.36818e-08    0.00323459    0.00323459 
6    3.15199e-12    3.33591e-12    7.39719e-09    7.47941e-09    0.003236    0.003236 
5.76923    1.22695e-12    1.37119e-12    4.01335e-09    4.10201e-09    0.00323743    0.00323743 
5.55555    4.76646e-13    5.90152e-13    2.17327e-09    2.26806e-09    0.0032389    0.0032389 
5.35714    1.84827e-13    2.74848e-13    1.17478e-09    1.27478e-09    0.00324047    0.00324047 
5.17241    7.15421e-14    1.43895e-13    6.33955e-10    7.37633e-10    0.00324197    0.00324197 
5    2.76487e-14    8.68851e-14    3.41591e-10    4.46597e-10    0.00324367    0.00324367 
4.8387    1.0669e-14    6.02678e-14    1.83787e-10    2.874e-10    0.00324539    0.00324539 
4.6875    4.11096e-15    4.66562e-14    9.87469e-11    1.98397e-10    0.0032471    0.0032471 
4.54545    1.58194e-15    3.89487e-14    5.29882e-11    1.46776e-10    0.00324893    0.00324893 
4.41176    6.07968e-16    3.41336e-14    2.83986e-11    1.15316e-10    0.00325073    0.00325073 
4.28571    2.33379e-16    3.08632e-14    1.52028e-11    9.5033e-11    0.00325265    0.00325265 
4.16666    8.94841e-17    2.84911e-14    8.12976e-12    8.12037e-11    0.00325468    0.00325468 
4.05405    3.42745e-17    2.66835e-14    4.34292e-12    7.12909e-11    0.00325667    0.00325667 
3.94736    1.31149e-17    2.52537e-14    2.31777e-12    6.38757e-11    0.00325877    0.00325877 
3.84615    5.01335e-18    2.409e-14    1.23578e-12    5.81323e-11    0.0032608    0.0032608 
3.74999    1.91481e-18    2.31216e-14    6.58353e-13    5.35566e-11    0.00326313    0.00326313 
3.65853    7.3069e-19    2.23013e-14    3.50427e-13    4.98265e-11    0.00326538    0.00326538 
3.57142    2.78588e-19    2.15963e-14    1.86367e-13    4.67279e-11    0.00326754    0.00326754 
3.48837    1.06141e-19    2.09829e-14    9.90474e-14    4.4113e-11    0.00327001    0.00327001 
3.40909    4.04073e-20    2.04437e-14    5.25994e-14    4.18769e-11    0.00327238    0.00327238 
3.33333    1.5371e-20    1.99657e-14    2.7912e-14    3.99428e-11    0.00327462    0.00327462 
3.26086    5.8436e-21    1.95386e-14    1.4803e-14    3.82536e-11    0.00327719    0.00327719 
3.19148    2.21998e-21    1.91545e-14    7.84523e-15    3.67654e-11    0.00327963    0.00327963 
3.125    8.42919e-22    1.8807e-14    4.15561e-15    3.54445e-11    0.00328241    0.00328241 
3.06122    3.1984e-22    1.8491e-14    2.1998e-15    3.42641e-11    0.00328505    0.00328505 
3    1.21283e-22    1.82022e-14    1.16374e-15    3.32031e-11    0.00328751    0.00328751 
2.94117    4.59691e-23    1.79372e-14    6.15369e-16    3.22441e-11    0.00329035    0.00329035 
2.88461    1.74128e-23    1.76931e-14    3.25205e-16    3.13732e-11    0.00329299    0.00329299 
2.83019    6.59255e-24    1.74674e-14    1.71777e-16    3.05788e-11    0.00329572    0.00329572 
2.77777    2.49476e-24    1.72582e-14    9.06922e-17    2.98512e-11    0.00329855    0.00329855 
2.72727    9.43632e-25    1.70636e-14    4.78606e-17    2.91824e-11    0.00330147    0.00330147 
2.67857    3.56766e-25    1.68821e-14    2.52463e-17    2.85655e-11    0.00330449    0.00330449 
2.63158    1.34827e-25    1.67125e-14    1.33117e-17    2.79948e-11    0.0033076    0.0033076 
2.5862    5.09267e-26    1.65535e-14    7.01534e-18    2.74651e-11    0.00331046    0.00331046 
2.54237    1.92282e-26    1.64042e-14    3.69566e-18    2.69724e-11    0.00331339    0.00331339 
2.5    7.25708e-27    1.62637e-14    1.94613e-18    2.65128e-11    0.00331641    0.00331641 
2.45901    2.73793e-27    1.61313e-14    1.02445e-18    2.60831e-11    0.00331952    0.00331952 
2.41935    1.03259e-27    1.60062e-14    5.39082e-19    2.56805e-11    0.00332271    0.00332271 
2.38095    3.89295e-28    1.58878e-14    2.83578e-19    2.53026e-11    0.00332599    0.00332599 
2.34375    1.467e-28    1.57757e-14    1.49104e-19    2.49471e-11    0.00332893    0.00332893 
2.30769    5.52703e-29    1.56693e-14    7.83832e-20    2.46121e-11    0.00333238    0.00333238 
2.27272    2.08142e-29    1.55682e-14    4.11874e-20    2.42958e-11    0.00333548    0.00333548 
2.2388    7.83703e-30    1.54721e-14    2.16388e-20    2.39969e-11    0.0033391    0.0033391 
2.20588    2.94954e-30    1.53804e-14    1.13636e-20    2.37138e-11    0.00334235    0.00334235 
2.17391    1.10976e-30    1.52931e-14    5.96584e-21    2.34453e-11    0.00334568    0.00334568 
2.14286    4.17431e-31    1.52096e-14    3.13119e-21    2.31905e-11    0.00334907    0.00334907 
2.11267    1.56971e-31    1.51299e-14    1.64297e-21    2.29481e-11    0.00335255    0.00335255 
2.08333    5.90027e-32    1.50536e-14    8.61728e-22    2.27175e-11    0.00335559    0.00335559 
2.05479    2.21757e-32    1.49805e-14    4.51925e-22    2.24976e-11    0.0033592    0.0033592 
2.02703    8.33119e-33    1.49104e-14    2.36912e-22    2.22879e-11    0.00336237    0.00336237 
2    3.12966e-33    1.48432e-14    1.24186e-22    2.20875e-11    0.00336613    0.00336613 
1.97368    1.17521e-33    1.47786e-14    6.50705e-23    2.1896e-11    0.00336941    0.00336941 
1.94805    4.41268e-34    1.47166e-14    3.40933e-23    2.17127e-11    0.00337332    0.00337332 
1.92308    1.65622e-34    1.46569e-14    1.78561e-23    2.15372e-11    0.00337674    0.00337674 
1.89873    6.21497e-35    1.45995e-14    9.34989e-24    2.13688e-11    0.00338021    0.00338021 
1.875    2.33166e-35    1.45441e-14    4.89481e-24    2.12073e-11    0.00338375    0.00338375 
1.85185    8.74582e-36    1.44908e-14    2.56197e-24    2.10522e-11    0.00338734    0.00338734 
1.82927    3.27979e-36    1.44393e-14    1.34068e-24    2.09031e-11    0.003391    0.003391 
1.80723    1.22972e-36    1.43897e-14    7.01442e-25    2.07597e-11    0.00339471    0.00339471 
1.78571    4.60978e-37    1.43417e-14    3.66922e-25    2.06217e-11    0.00339848    0.00339848 
1.7647    1.72739e-37    1.42953e-14    1.91864e-25    2.04888e-11    0.00340168    0.00340168 
1.74418    6.47293e-38    1.42505e-14    1.00326e-25    2.03606e-11    0.00340556    0.00340556 
1.72414    2.42512e-38    1.42072e-14    5.24517e-26    2.0237e-11    0.00340951    0.00340951 
1.70454    9.08246e-39    1.41652e-14    2.74121e-26    2.01178e-11    0.00341285    0.00341285 
1.68539    3.4016e-39    1.41245e-14    1.43264e-26    2.00026e-11    0.00341691    0.00341691 
1.66667    1.27351e-39    1.40851e-14    7.48466e-27    1.98913e-11    0.00342034    0.00342034 
1.64835    4.76704e-40    1.4047e-14    3.90962e-27    1.97837e-11    0.00342381    0.00342381 
1.63043    1.78449e-40    1.40099e-14    2.04228e-27    1.96796e-11    0.00342803    0.00342803 
1.6129    6.67757e-41    1.3974e-14    1.06645e-27    1.95789e-11    0.0034316    0.0034316 
1.59574    2.49836e-41    1.39391e-14    5.56796e-28    1.94813e-11    0.0034352    0.0034352 
1.57895    9.34599e-42    1.39052e-14    2.90661e-28    1.93868e-11    0.00343885    0.00343885 
1.5625    3.49567e-42    1.38723e-14    1.51709e-28    1.92952e-11    0.00344254    0.00344254 
1.54639    1.30729e-42    1.38403e-14    7.91727e-29    1.92064e-11    0.00344627    0.00344627 
1.53061    4.88819e-43    1.38091e-14    4.1312e-29    1.91202e-11    0.00345005    0.00345005 
1.51515    1.82753e-43    1.37789e-14    2.15534e-29    1.90365e-11    0.00345386    0.00345386 
1.5    6.83156e-44    1.37494e-14    1.12434e-29    1.89553e-11    0.00345772    0.00345772 
1.48515    2.55339e-44    1.37207e-14    5.86434e-30    1.88764e-11    0.00346162    0.00346162 
1.47059    9.54019e-45    1.36928e-14    3.05763e-30    1.87997e-11    0.00346476    0.00346476 
1.45631    3.56483e-45    1.36656e-14    1.59439e-30    1.87252e-11    0.00346874    0.00346874 
1.44231    1.33188e-45    1.36391e-14    8.31282e-31    1.86527e-11    0.00347275    0.00347275 
1.42857    4.97434e-46    1.36132e-14    4.33258e-31    1.85821e-11    0.00347598    0.00347598 
1.41509    1.85803e-46    1.3588e-14    2.25836e-31    1.85135e-11    0.00348006    0.00348006 
1.40187    6.93769e-47    1.35635e-14    1.17675e-31    1.84466e-11    0.00348336    0.00348336 
1.38889    2.59076e-47    1.35395e-14    6.13238e-32    1.83815e-11    0.00348751    0.00348751 
1.37615    9.67132e-48    1.35161e-14    3.19461e-32    1.83181e-11    0.00349086    0.00349086 
1.36364    3.61076e-48    1.34932e-14    1.66442e-32    1.82563e-11    0.00349508    0.00349508 
1.35135    1.34758e-48    1.34709e-14    8.66865e-33    1.8196e-11    0.00349848    0.00349848 
1.33928    5.0288e-49    1.34491e-14    4.51433e-33    1.81372e-11    0.00350191    0.00350191 
1.32743    1.87686e-49    1.34278e-14    2.35122e-33    1.80799e-11    0.00350623    0.00350623 
1.31579    7.00237e-50    1.3407e-14    1.22417e-33    1.80239e-11    0.00350971    0.00350971 
1.30435    2.61223e-50    1.33866e-14    6.37298e-34    1.79693e-11    0.00351322    0.00351322 
1.2931    9.74391e-51    1.33667e-14    3.3174e-34    1.7916e-11    0.00351674    0.00351674 
1.28205    3.63512e-51    1.33473e-14    1.72711e-34    1.78639e-11    0.00352118    0.00352118 
1.27119    1.35566e-51    1.33282e-14    8.98851e-35    1.7813e-11    0.00352476    0.00352476 
1.2605    5.05522e-52    1.33096e-14    4.67749e-35    1.77633e-11    0.00352836    0.00352836 
1.25    1.88489e-52    1.32914e-14    2.43386e-35    1.77147e-11    0.00353198    0.00353198 
1.23967    7.02731e-53    1.32735e-14    1.2663e-35    1.76672e-11    0.00353562    0.00353562 
1.22951    2.6197e-53    1.3256e-14    6.58774e-36    1.76208e-11    0.00353928    0.00353928 
1.21951    9.76502e-54    1.32389e-14    3.42686e-36    1.75753e-11    0.00354297    0.00354297 
1.20968    3.63961e-54    1.32221e-14    1.78245e-36    1.75309e-11    0.00354667    0.00354667 
1.2    1.35607e-54    1.32057e-14    9.26794e-37    1.74874e-11    0.00354946    0.00354946 
1.19048    5.05341e-55    1.31896e-14    4.81975e-37    1.74448e-11    0.0035532    0.0035532 
1.1811    1.88299e-55    1.31738e-14    2.50627e-37    1.74031e-11    0.00355696    0.00355696 
1.17187    7.01575e-56    1.31583e-14    1.30315e-37    1.73623e-11    0.00356074    0.00356074 
1.16279    2.61375e-56    1.31432e-14    6.77524e-38    1.73223e-11    0.00356454    0.00356454 
1.15385    9.73418e-57    1.31283e-14    3.52129e-38    1.72832e-11    0.0035674    0.0035674 
1.14504    3.6259e-57    1.31137e-14    1.83046e-38    1.72448e-11    0.00357123    0.00357123 
1.13636    1.3505e-57    1.30994e-14    9.5144e-39    1.72072e-11    0.00357507    0.00357507 
1.12782    5.02833e-58    1.30853e-14    4.94369e-39    1.71703e-11    0.00357797    0.00357797 
1.1194    1.87255e-58    1.30715e-14    2.56924e-39    1.71342e-11    0.00358185    0.00358185 
1.11111    6.97285e-59    1.3058e-14    1.33513e-39    1.70987e-11    0.00358574    0.00358574 
1.10294    2.59558e-59    1.30447e-14    6.9357e-40    1.7064e-11    0.00358868    0.00358868 
1.09489    9.6637e-60    1.30316e-14    3.60365e-40    1.70299e-11    0.0035926    0.0035926 
1.08696    3.59667e-60    1.30188e-14    1.87173e-40    1.69964e-11    0.00359555    0.00359555 
1.07914    1.33889e-60    1.30062e-14    9.7237e-41    1.69636e-11    0.0035995    0.0035995 
1.07143    4.98238e-61    1.29938e-14    5.04973e-41    1.69314e-11    0.00360248    0.00360248 
1.06383    1.85446e-61    1.29817e-14    2.62297e-41    1.68997e-11    0.00360645    0.00360645 
1.05634    6.89996e-62    1.29697e-14    1.36197e-41    1.68687e-11    0.00360944    0.00360944 
1.04895    2.56711e-62    1.2958e-14    7.07148e-42    1.68382e-11    0.00361245    0.00361245 
1.04167    9.55285e-63    1.29464e-14    3.67235e-42    1.68082e-11    0.00361646    0.00361646 
1.03448    3.55361e-63    1.29351e-14    1.90646e-42    1.67788e-11    0.00361948    0.00361948 
1.0274    1.32184e-63    1.29239e-14    9.89648e-43    1.67499e-11    0.0036225    0.0036225 
1.02041    4.91787e-64    1.2913e-14    5.13838e-43    1.67215e-11    0.00362655    0.00362655 
1.01351    1.82905e-64    1.29022e-14    2.66699e-43    1.66936e-11    0.00362959    0.00362959 
1.00671    6.80216e-65    1.28916e-14    1.38417e-43    1.66662e-11    0.00363265    0.00363265 
1    2.52953e-65    1.28811e-14    7.18337e-44    1.66392e-11    0.0036357    0.0036357 
0.993377    9.40861e-66    1.28708e-14    3.72874e-44    1.66127e-11    0.00363979    0.00363979 
0.986842    3.49834e-66    1.28607e-14    1.93484e-44    1.65867e-11    0.00364286    0.00364286 
0.980392    1.30068e-66    1.28508e-14    1.00393e-44    1.6561e-11    0.00364594    0.00364594 
0.974026    4.83564e-67    1.2841e-14    5.20875e-45    1.65358e-11    0.00364903    0.00364903 
0.967742    1.79767e-67    1.28313e-14    2.70232e-45    1.6511e-11    0.00365212    0.00365212 
0.961538    6.68251e-68    1.28218e-14    1.40189e-45    1.64866e-11    0.00365522    0.00365522 
0.955414    2.48395e-68    1.28125e-14    7.27222e-46    1.64626e-11    0.00365832    0.00365832 
0.949367    9.23517e-69    1.28033e-14    3.77326e-46    1.6439e-11    0.00366247    0.00366247 
0.943396    3.4324e-69    1.27942e-14    1.95713e-46    1.64157e-11    0.00366559    0.00366559 
0.9375    1.27563e-69    1.27853e-14    1.01507e-46    1.63929e-11    0.00366871    0.00366871 
0.931677    4.74054e-70    1.27765e-14    5.26439e-47    1.63703e-11    0.00367184    0.00367184 
0.925926    1.7616e-70    1.27678e-14    2.73008e-47    1.63481e-11    0.00367497    0.00367497 
0.920245    6.54578e-71    1.27593e-14    1.41573e-47    1.63263e-11    0.00367811    0.00367811 
0.914634    2.43216e-71    1.27509e-14    7.34108e-48    1.63048e-11    0.00368125    0.00368125 
0.909091    9.03389e-72    1.27426e-14    3.80534e-48    1.62836e-11    0.00368335    0.00368335 
0.903614    3.35628e-72    1.27344e-14    1.973e-48    1.62628e-11    0.0036865    0.0036865 
0.898203    1.24686e-72    1.27263e-14    1.02291e-48    1.62422e-11    0.00368965    0.00368965 
0.892857    4.63187e-73    1.27184e-14    5.30305e-49    1.6222e-11    0.00369281    0.00369281 
0.887574    1.72057e-73    1.27106e-14    2.74911e-49    1.6202e-11    0.00369597    0.00369597 
0.882353    6.39093e-74    1.27028e-14    1.42507e-49    1.61823e-11    0.00369914    0.00369914 
0.877193    2.37375e-74    1.26952e-14    7.38681e-50    1.6163e-11    0.00370231    0.00370231 
0.872093    8.81372e-75    1.26877e-14    3.82765e-50    1.61439e-11    0.00370443    0.00370443 
0.867052    3.27331e-75    1.26803e-14    1.98386e-50    1.6125e-11    0.00370761    0.00370761 
0.862069    1.21561e-75    1.2673e-14    1.02818e-50    1.61065e-11    0.00371079    0.00371079 
0.857143    4.51417e-76    1.26658e-14    5.3285e-51    1.60882e-11    0.00371398    0.00371398 
0.852272    1.67626e-76    1.26587e-14    2.76135e-51    1.60701e-11    0.00371717    0.00371717 
0.847457    6.23264e-77    1.26517e-14    1.43286e-51    1.60524e-11    0.00372539    0.00372539 
0.842696    2.31642e-77    1.26447e-14    7.43192e-52    1.60348e-11    0.00373222    0.00373222 
0.837989    8.60871e-78    1.26379e-14    3.85455e-52    1.60176e-11    0.00373903    0.00373903 
0.833333    3.19718e-78    1.26312e-14    1.99781e-52    1.60005e-11    0.0037435    0.0037435 
0.828729    1.18799e-78    1.26245e-14    1.03599e-52    1.59837e-11    0.00375003    0.00375003 
0.824176    4.41375e-79    1.2618e-14    5.37157e-53    1.59671e-11    0.00375629    0.00375629 
0.819672    1.63878e-79    1.26115e-14    2.78334e-53    1.59508e-11    0.00376028    0.00376028 
0.815217    6.08704e-80    1.26051e-14    1.4428e-53    1.59347e-11    0.00376595    0.00376595 
0.810811    2.26061e-80    1.25988e-14    7.47788e-54    1.59188e-11    0.00377123    0.00377123 
0.806451    8.39072e-81    1.25926e-14    3.87351e-54    1.59031e-11    0.00377452    0.00377452 
0.802139    3.11533e-81    1.25865e-14    2.00707e-54    1.58876e-11    0.00377913    0.00377913 
0.797872    1.15609e-81    1.25804e-14    1.03945e-54    1.58723e-11    0.003782    0.003782 
0.793651    4.29135e-82    1.25744e-14    5.38467e-55    1.58572e-11    0.00378604    0.00378604 
0.789473    1.59275e-82    1.25685e-14    2.78911e-55    1.58423e-11    0.00378981    0.00378981 
0.78534    5.90916e-83    1.25627e-14    1.4441e-55    1.58276e-11    0.00379222    0.00379222 
0.78125    2.19287e-83    1.25569e-14    7.47893e-56    1.58131e-11    0.00379573    0.00379573 
0.777202    8.13476e-84    1.25512e-14    3.87191e-56    1.57988e-11    0.00379804    0.00379804 
0.773196    3.01853e-84    1.25456e-14    2.00507e-56    1.57846e-11    0.00380154    0.00380154 
0.769231    1.1197e-84    1.254e-14    1.03798e-56    1.57707e-11    0.00380393    0.00380393 
0.765306    4.15475e-85    1.25345e-14    5.37511e-57    1.57569e-11    0.00380767    0.00380767 
0.761421    1.54115e-85    1.25291e-14    2.78254e-57    1.57432e-11    0.0038103    0.0038103 
0.757575    5.71665e-86    1.25237e-14    1.44043e-57    1.57297e-11    0.00381306    0.00381306 
0.753769    2.12135e-86    1.25184e-14    7.45966e-58    1.57164e-11    0.00381748    0.00381748 
0.75    7.86906e-87    1.25132e-14    3.86175e-58    1.57033e-11    0.00382065    0.00382065 
0.746268    2.92035e-87    1.2508e-14    2.0001e-58    1.56903e-11    0.00382574    0.00382574 
0.742574    1.08334e-87    1.25029e-14    1.03547e-58    1.56775e-11    0.00382936    0.00382936 
0.738916    4.01884e-88    1.24978e-14    5.36076e-59    1.56648e-11    0.00383318    0.00383318 
0.735294    1.49168e-88    1.24928e-14    2.77687e-59    1.56523e-11    0.00383925    0.00383925 
0.731707    5.53386e-89    1.24879e-14    1.43769e-59    1.56399e-11    0.00384351    0.00384351 
0.728155    2.05419e-89    1.2483e-14    7.44788e-60    1.56277e-11    0.00385021    0.00385021 
0.724637    7.62087e-90    1.24781e-14    3.85613e-60    1.56156e-11    0.00385485    0.00385485 
0.721154    2.82727e-90    1.24734e-14    1.9965e-60    1.56037e-11    0.0038596    0.0038596 
0.717703    1.04954e-90    1.24686e-14    1.03433e-60    1.55919e-11    0.00386692    0.00386692 
0.714285    3.89362e-91    1.2464e-14    5.3551e-61    1.55802e-11    0.00387188    0.00387188 
0.7109    1.44443e-91    1.24594e-14    2.77246e-61    1.55687e-11    0.00387688    0.00387688 
0.707547    5.35828e-92    1.24548e-14    1.43533e-61    1.55573e-11    0.0038819    0.0038819 
0.704225    1.98892e-92    1.24503e-14    7.43531e-62    1.5546e-11    0.00388941    0.00388941 
0.700934    7.37751e-93    1.24458e-14    3.849e-62    1.55349e-11    0.00389436    0.00389436 
0.697674    2.73641e-93    1.24414e-14    1.99239e-62    1.55239e-11    0.00389926    0.00389926 
0.694444    1.01491e-93    1.24371e-14    1.03128e-62    1.5513e-11    0.00390408    0.00390408 
0.691244    3.76623e-94    1.24327e-14    5.34088e-63    1.55023e-11    0.00391111    0.00391111 
0.688073    1.39667e-94    1.24285e-14    2.76412e-63    1.54917e-11    0.00391566    0.00391566 
0.684931    5.1791e-95    1.24242e-14    1.43045e-63    1.54811e-11    0.00392007    0.00392007 
0.681818    1.92037e-95    1.24201e-14    7.4022e-64    1.54707e-11    0.00392436    0.00392436 
0.678733    7.12013e-96    1.24159e-14    3.83018e-64    1.54605e-11    0.00392851    0.00392851 
0.675675    2.64106e-96    1.24118e-14    1.98274e-64    1.54503e-11    0.00393449    0.00393449 
0.672646    9.79076e-97    1.24078e-14    1.0258e-64    1.54402e-11    0.00393831    0.00393831 
0.669643    3.62935e-97    1.24038e-14    5.30678e-65    1.54303e-11    0.00394201    0.00394201 
0.666666    1.34529e-97    1.23998e-14    2.74521e-65    1.54204e-11    0.00394562    0.00394562 
0.663717    4.98633e-98    1.23959e-14    1.42003e-65    1.54107e-11    0.00394913    0.00394913 
0.660793    1.8481e-98    1.2392e-14    7.3451e-66    1.5401e-11    0.00395256    0.00395256 
0.657895    6.84936e-99    1.23882e-14    3.79909e-66    1.53915e-11    0.00395595    0.00395595 
0.655022    2.53947e-99    1.23844e-14    1.96575e-66    1.53821e-11    0.00396097    0.00396097 
0.652174    9.41105e-100    1.23806e-14    1.01667e-66    1.53727e-11    0.00396432    0.00396432 
0.64935    3.48758e-100    1.23769e-14    5.25805e-67    1.53635e-11    0.00396769    0.00396769 
0.646552    1.29242e-100    1.23732e-14    2.71932e-67    1.53543e-11    0.00397112    0.00397112 
0.643777    4.78936e-101    1.23695e-14    1.40635e-67    1.53452e-11    0.00397461    0.00397461 
0.641025    1.7748e-101    1.23659e-14    7.27316e-68    1.53363e-11    0.0039782    0.0039782 
0.638298    6.57692e-102    1.23623e-14    3.76143e-68    1.53274e-11    0.0039819    0.0039819 
0.635593    2.43724e-102    1.23588e-14    1.9453e-68    1.53186e-11    0.00398574    0.00398574 
0.632911    9.03188e-103    1.23553e-14    1.00606e-68    1.53099e-11    0.00398973    0.00398973 
0.630252    3.34706e-103    1.23518e-14    5.20317e-69    1.53013e-11    0.00399388    0.00399388 
0.627615    1.24039e-103    1.23483e-14    2.69103e-69    1.52928e-11    0.00399821    0.00399821 
0.625    4.59684e-104    1.23449e-14    1.3918e-69    1.52843e-11    0.00400273    0.00400273 
0.622406    1.70361e-104    1.23415e-14    7.19858e-70    1.5276e-11    0.00400744    0.00400744 
0.619835    6.31378e-105    1.23382e-14    3.72327e-70    1.52677e-11    0.00401234    0.00401234 
0.617284    2.34001e-105    1.23349e-14    1.9258e-70    1.52595e-11    0.00401743    0.00401743 
0.614754    8.67273e-106    1.23316e-14    9.96109e-71    1.52514e-11    0.00402271    0.00402271 
0.612245    3.21441e-106    1.23284e-14    5.15241e-71    1.52434e-11    0.00402817    0.00402817 
0.609756    1.19139e-106    1.23251e-14    2.66514e-71    1.52354e-11    0.0040338    0.0040338 
0.607287    4.41581e-107    1.23219e-14    1.37859e-71    1.52276e-11    0.00403959    0.00403959 
0.604839    1.63671e-107    1.23188e-14    7.13108e-72    1.52198e-11    0.00404551    0.00404551 
0.602409    6.06644e-108    1.23157e-14    3.68872e-72    1.5212e-11    0.00405155    0.00405155 
0.6    2.24851e-108    1.23126e-14    1.90808e-72    1.52044e-11    0.0040577    0.0040577 
0.597609    8.334e-109    1.23095e-14    9.86989e-73    1.51968e-11    0.00406392    0.00406392 
0.595238    3.08892e-109    1.23065e-14    5.10532e-73    1.51893e-11    0.00407019    0.00407019 
0.592885    1.14486e-109    1.23034e-14    2.64074e-73    1.51819e-11    0.00407649    0.00407649 
0.590551    4.24311e-110    1.23005e-14    1.3659e-73    1.51746e-11    0.00408279    0.00408279 
0.588235    1.57134e-110    1.22975e-14    7.05934e-74    1.51673e-11    0.00408593    0.00408593 
0.585937    5.82343e-111    1.22946e-14    3.65116e-74    1.51601e-11    0.00409219    0.00409219 
0.583657    2.15788e-111    1.22917e-14    1.88821e-74    1.51529e-11    0.0040984    0.0040984 
0.581395    7.99567e-112    1.22888e-14    9.76456e-75    1.51458e-11    0.00410452    0.00410452 
0.57915    2.96252e-112    1.22859e-14    5.04932e-75    1.51388e-11    0.00411054    0.00411054 
0.576922    1.0976e-112    1.22831e-14    2.61089e-75    1.51319e-11    0.00411644    0.00411644 
0.574711    4.06634e-113    1.22803e-14    1.34996e-75    1.5125e-11    0.0041222    0.0041222 
0.572518    1.50638e-113    1.22775e-14    6.97954e-76    1.51182e-11    0.00412781    0.00412781 
0.570341    5.57644e-114    1.22748e-14    3.60597e-76    1.51114e-11    0.00413056    0.00413056 
0.56818    2.06559e-114    1.22721e-14    1.86416e-76    1.51047e-11    0.00413593    0.00413593 
0.566036    7.65074e-115    1.22694e-14    9.63641e-77    1.50981e-11    0.00414113    0.00414113 
0.563908    2.83358e-115    1.22667e-14    4.98104e-77    1.50915e-11    0.00414616    0.00414616 
0.561795    1.0494e-115    1.2264e-14    2.57453e-77    1.5085e-11    0.00415102    0.00415102 
0.559699    3.88395e-116    1.22614e-14    1.32986e-77    1.50785e-11    0.00415339    0.00415339 
0.557618    1.43825e-116    1.22588e-14    6.8729e-78    1.50721e-11    0.00415801    0.00415801 
0.555553    5.3256e-117    1.22562e-14    3.5518e-78    1.50657e-11    0.00416248    0.00416248 
0.553502    1.97188e-117    1.22537e-14    1.83542e-78    1.50594e-11    0.00416682    0.00416682 
0.551467    7.30082e-118    1.22511e-14    9.48417e-79    1.50532e-11    0.00417104    0.00417104 
0.549447    2.70165e-118    1.22486e-14    4.89814e-79    1.5047e-11    0.00417312    0.00417312 
0.547442    1.0002e-118    1.22461e-14    2.53083e-79    1.50409e-11    0.00417721    0.00417721 
0.545451    3.70281e-119    1.22436e-14    1.30762e-79    1.50348e-11    0.00418123    0.00418123 
0.543474    1.37076e-119    1.22412e-14    6.75592e-80    1.50288e-11    0.00418522    0.00418522 
0.541512    5.07195e-120    1.22387e-14    3.48877e-80    1.50228e-11    0.0041872    0.0041872 
0.539564    1.87753e-120    1.22363e-14    1.80243e-80    1.50169e-11    0.00419118    0.00419118 
0.53763    6.95013e-121    1.22339e-14    9.3119e-81    1.5011e-11    0.00419519    0.00419519 
0.53571    2.57274e-121    1.22315e-14    4.81078e-81    1.50051e-11    0.00419925    0.00419925 
0.533803    9.51883e-122    1.22292e-14    2.48415e-81    1.49994e-11    0.00420131    0.00420131 
0.53191    3.52357e-122    1.22268e-14    1.28337e-81    1.49936e-11    0.00420551    0.00420551 
0.53003    1.30433e-122    1.22245e-14    6.63023e-82    1.49879e-11    0.00420982    0.00420982 
0.528164    4.82574e-123    1.22222e-14    3.42358e-82    1.49823e-11    0.00421203    0.00421203 
0.52631    1.78638e-123    1.22199e-14    1.76874e-82    1.49767e-11    0.00421656    0.00421656 
0.52447    6.61291e-124    1.22176e-14    9.13813e-83    1.49712e-11    0.00422127    0.00422127 
0.522642    2.44806e-124    1.22154e-14    4.7213e-83    1.49657e-11    0.00422617    0.00422617 
0.520827    9.05732e-125    1.22132e-14    2.43789e-83    1.49602e-11    0.00422869    0.00422869 
0.519025    3.35309e-125    1.22109e-14    1.2596e-83    1.49548e-11    0.0042339    0.0042339 
0.517235    1.24138e-125    1.22088e-14    6.50829e-84    1.49494e-11    0.00423933    0.00423933 
0.515458    4.59288e-126    1.22066e-14    3.36065e-84    1.49441e-11    0.00424212    0.00424212 
0.513692    1.70045e-126    1.22044e-14    1.7365e-84    1.49388e-11    0.00424789    0.00424789 
0.511939    6.29586e-127    1.22023e-14    8.97308e-85    1.49336e-11    0.00425388    0.00425388 
0.510197    2.32939e-127    1.22001e-14    4.63343e-85    1.49284e-11    0.00425696    0.00425696 
0.508468    8.62484e-128    1.2198e-14    2.39435e-85    1.49232e-11    0.00426328    0.00426328 
0.50675    3.19108e-128    1.21959e-14    1.23637e-85    1.49181e-11    0.00426652    0.00426652 
0.505043    1.18158e-128    1.21939e-14    6.38923e-86    1.4913e-11    0.00427315    0.00427315 
0.503348    4.37521e-129    1.21918e-14    3.30186e-86    1.4908e-11    0.00427998    0.00427998 
0.501665    1.61878e-129    1.21898e-14    1.70499e-86    1.4903e-11    0.00428345    0.00428345 
0.499993    5.99421e-130    1.21877e-14    8.81134e-87    1.4898e-11    0.00429053    0.00429053 
0.498331    2.21964e-130    1.21857e-14    4.55373e-87    1.48931e-11    0.00429774    0.00429774 
0.496681    8.21232e-131    1.21837e-14    2.35139e-87    1.48883e-11    0.0043014    0.0043014 
0.495042    3.04101e-131    1.21817e-14    1.21521e-87    1.48834e-11    0.00430878    0.00430878 
0.493413    1.1251e-131    1.21798e-14    6.27482e-88    1.48786e-11    0.0043125    0.0043125 
0.491795    4.16618e-132    1.21778e-14    3.24281e-88    1.48739e-11    0.00431998    0.00431998 
0.490188    1.54135e-132    1.21759e-14    1.6744e-88    1.48691e-11    0.00432374    0.00432374 
0.488591    5.70736e-133    1.2174e-14    8.65305e-89    1.48645e-11    0.00433126    0.00433126 
0.487005    2.1133e-133    1.21721e-14    4.47166e-89    1.48598e-11    0.00433877    0.00433877 
0.485428    7.81808e-134    1.21702e-14    2.30879e-89    1.48552e-11    0.00434251    0.00434251 
0.483862    2.89469e-134    1.21683e-14    1.19306e-89    1.48506e-11    0.00434995    0.00434995 
0.482306    1.07083e-134    1.21664e-14    6.15966e-90    1.48461e-11    0.00435365    0.00435365 
0.48076    3.96457e-135    1.21646e-14    3.18277e-90    1.48416e-11    0.00436095    0.00436095 
0.479224    1.46654e-135    1.21627e-14    1.64315e-90    1.48371e-11    0.00436456    0.00436456 
0.477698    5.42917e-136    1.21609e-14    8.48972e-91    1.48327e-11    0.00437168    0.00437168 
0.476181    2.0082e-136    1.21591e-14    4.3827e-91    1.48283e-11    0.00437518    0.00437518 
0.474674    7.43374e-137    1.21573e-14    2.26422e-91    1.48239e-11    0.00438206    0.00438206 
0.473177    2.75159e-137    1.21555e-14    1.16969e-91    1.48195e-11    0.00438876    0.00438876 
0.471689    1.01769e-137    1.21538e-14    6.03774e-92    1.48152e-11    0.00439204    0.00439204 
0.47021    3.76657e-138    1.2152e-14    3.11876e-92    1.4811e-11    0.00439844    0.00439844 
0.468741    1.39299e-138    1.21503e-14    1.60975e-92    1.48067e-11    0.00440157    0.00440157 
0.46728    5.15508e-139    1.21485e-14    8.31424e-93    1.48025e-11    0.00440766    0.00440766 
0.465829    1.90638e-139    1.21468e-14    4.29112e-93    1.47983e-11    0.00441063    0.00441063 
0.464387    7.05427e-140    1.21451e-14    2.2161e-93    1.47942e-11    0.00441641    0.00441641 
0.462953    2.60854e-140    1.21434e-14    1.1437e-93    1.479e-11    0.00441923    0.00441923 
0.461529    9.65157e-141    1.21417e-14    5.90591e-94    1.4786e-11    0.00442471    0.00442471 
0.460113    3.56875e-141    1.21401e-14    3.04776e-94    1.47819e-11    0.00442739    0.00442739 
0.458706    1.32031e-141    1.21384e-14    1.57368e-94    1.47779e-11    0.0044326    0.0044326 
0.457307    4.88169e-142    1.21368e-14    8.12055e-95    1.47739e-11    0.00443515    0.00443515 
0.455917    1.8049e-142    1.21351e-14    4.19029e-95    1.47699e-11    0.00443766    0.00443766 
0.454535    6.67678e-143    1.21335e-14    2.16338e-95    1.47659e-11    0.00444258    0.00444258 
0.453162    2.46848e-143    1.21319e-14    1.11627e-95    1.4762e-11    0.00444499    0.00444499 
0.451797    9.13091e-144    1.21303e-14    5.76278e-96    1.47581e-11    0.00444976    0.00444976 
0.45044    3.37565e-144    1.21287e-14    2.97339e-96    1.47542e-11    0.00445211    0.00445211 
0.449091    1.2486e-144    1.21271e-14    1.53494e-96    1.47504e-11    0.00445678    0.00445678 
0.447751    4.61584e-145    1.21255e-14    7.91946e-97    1.47466e-11    0.00445911    0.00445911 
0.446418    1.70726e-145    1.2124e-14    4.0881e-97    1.47428e-11    0.00446377    0.00446377 
0.445093    6.31131e-146    1.21224e-14    2.10919e-97    1.4739e-11    0.0044661    0.0044661 
0.443776    2.3331e-146    1.21209e-14    1.08819e-97    1.47353e-11    0.00446845    0.00446845 
0.442467    8.62926e-147    1.21194e-14    5.61722e-98    1.47316e-11    0.0044732    0.0044732 
0.441165    3.18993e-147    1.21179e-14    2.89804e-98    1.47279e-11    0.00447561    0.00447561 
0.439872    1.17985e-147    1.21163e-14    1.49598e-98    1.47242e-11    0.00448052    0.00448052 
0.438585    4.36146e-148    1.21148e-14    7.71804e-99    1.47206e-11    0.00448302    0.00448302 
0.437307    1.61319e-148    1.21134e-14    3.98417e-99    1.4717e-11    0.00448816    0.00448816 
0.436035    5.9634e-149    1.21119e-14    2.05552e-99    1.47134e-11    0.0044908    0.0044908 
0.434771    2.20445e-149    1.21104e-14    1.06048e-99    1.47098e-11    0.00449349    0.00449349 
0.433515    8.15413e-150    1.2109e-14    5.47465e-100    1.47063e-11    0.00449904    0.00449904 
0.432265    3.01432e-150    1.21075e-14    2.82451e-100    1.47028e-11    0.00450191    0.00450191 
0.431023    1.11504e-150    1.21061e-14    1.45821e-100    1.46993e-11    0.00450783    0.00450783 
0.429788    4.12202e-151    1.21046e-14    7.52343e-101    1.46958e-11    0.00451089    0.00451089 
0.42856    1.52381e-151    1.21032e-14    3.88162e-101    1.46924e-11    0.00451402    0.00451402 
0.427339    5.63725e-152    1.21018e-14    2.00413e-101    1.46889e-11    0.00452049    0.00452049 
0.426125    2.084e-152    1.21004e-14    1.03403e-101    1.46855e-11    0.00452384    0.00452384 
0.424917    7.70423e-153    1.2099e-14    5.33507e-102    1.46822e-11    0.00452726    0.00452726 
0.423717    2.8504e-153    1.20976e-14    2.75481e-102    1.46788e-11    0.00453432    0.00453432 
0.422523    1.05377e-153    1.20962e-14    1.42138e-102    1.46755e-11    0.00453797    0.00453797 
0.421336    3.899e-154    1.20949e-14    7.33994e-103    1.46722e-11    0.00454547    0.00454547 
0.420156    1.44147e-154    1.20935e-14    3.78722e-103    1.46689e-11    0.00454934    0.00454934 
0.418982    5.32916e-155    1.20922e-14    1.95411e-103    1.46656e-11    0.00455327    0.00455327 
0.417815    1.97197e-155    1.20908e-14    1.00918e-103    1.46624e-11    0.00456134    0.00456134 
0.416655    7.29058e-156    1.20895e-14    5.20722e-104    1.46591e-11    0.00456547    0.00456547 
0.4155    2.6954e-156    1.20882e-14    2.68685e-104    1.46559e-11    0.00456966    0.00456966 
0.414352    9.97458e-157    1.20869e-14    1.38768e-104    1.46527e-11    0.00457822    0.00457822 
0.413211    3.68774e-157    1.20855e-14    7.16033e-105    1.46496e-11    0.00458258    0.00458258 
0.412076    1.36341e-157    1.20842e-14    3.69466e-105    1.46464e-11    0.00458698    0.00458698 
0.410947    5.04563e-158    1.2083e-14    1.90827e-105    1.46433e-11    0.00459592    0.00459592 
0.409824    1.86544e-158    1.20817e-14    9.84649e-106    1.46402e-11    0.00460044    0.00460044 
0.408707    6.89674e-159    1.20804e-14    5.08067e-106    1.46371e-11    0.004605    0.004605 
0.407596    2.55233e-159    1.20791e-14    2.62416e-106    1.46341e-11    0.00461417    0.00461417 
0.406492    9.43616e-160    1.20779e-14    1.35402e-106    1.4631e-11    0.00461879    0.00461879 
0.405393    3.48858e-160    1.20766e-14    6.98642e-107    1.4628e-11    0.00462341    0.00462341 
0.4043    1.28973e-160    1.20754e-14    3.60479e-107    1.4625e-11    0.00462803    0.00462803 
0.403213    4.77281e-161    1.20742e-14    1.8618e-107    1.4622e-11    0.00463728    0.00463728 
0.402132    1.76445e-161    1.20729e-14    9.60607e-108    1.46191e-11    0.00464188    0.00464188 
0.401057    6.52289e-162    1.20717e-14    4.95623e-108    1.46161e-11    0.00464647    0.00464647 
0.399987    2.41371e-162    1.20705e-14    2.55961e-108    1.46132e-11    0.00465556    0.00465556 
0.398923    8.92269e-163    1.20693e-14    1.32057e-108    1.46103e-11    0.00466006    0.00466006 
0.397865    3.29836e-163    1.20681e-14    6.813e-109    1.46074e-11    0.00466452    0.00466452 
0.396813    1.21924e-163    1.20669e-14    3.51486e-109    1.46045e-11    0.00466893    0.00466893 
0.395765    4.511e-164    1.20657e-14    1.81496e-109    1.46017e-11    0.00467759    0.00467759 
0.394724    1.6674e-164    1.20646e-14    9.36289e-110    1.45988e-11    0.00468183    0.00468183 
0.393688    6.16305e-165    1.20634e-14    4.82995e-110    1.4596e-11    0.00468601    0.00468601 
0.392657    2.27989e-165    1.20622e-14    2.49366e-110    1.45932e-11    0.00469415    0.00469415 
0.391632    8.42633e-166    1.20611e-14    1.28629e-110    1.45904e-11    0.0046981    0.0046981 
0.390612    3.11424e-166    1.206e-14    6.6348e-111    1.45877e-11    0.00470197    0.00470197 
0.389597    1.15094e-166    1.20588e-14    3.4222e-111    1.45849e-11    0.00470575    0.00470575 
0.388588    4.25669e-167    1.20577e-14    1.76645e-111    1.45822e-11    0.00471306    0.00471306 
0.387584    1.57303e-167    1.20566e-14    9.11054e-112    1.45795e-11    0.00471657    0.00471657 
0.386585    5.81287e-168    1.20554e-14    4.69865e-112    1.45768e-11    0.00471999    0.00471999 
0.385591    2.14798e-168    1.20543e-14    2.4232e-112    1.45741e-11    0.00472331    0.00472331 
0.384602    7.94222e-169    1.20532e-14    1.25048e-112    1.45714e-11    0.00472965    0.00472965 
0.383618    2.93457e-169    1.20521e-14    6.44848e-113    1.45688e-11    0.00473268    0.00473268 
0.38264    1.08426e-169    1.2051e-14    3.32524e-113    1.45661e-11    0.0047356    0.0047356 
0.381666    4.00599e-170    1.205e-14    1.71465e-113    1.45635e-11    0.00473843    0.00473843 
0.380697    1.48004e-170    1.20489e-14    8.84127e-114    1.45609e-11    0.00474116    0.00474116 
0.379733    5.47084e-171    1.20478e-14    4.56114e-114    1.45583e-11    0.00474633    0.00474633 
0.378774    2.02107e-171    1.20467e-14    2.35168e-114    1.45557e-11    0.00474878    0.00474878 
0.37782    7.46616e-172    1.20457e-14    1.21247e-114    1.45532e-11    0.00475113    0.00475113 
0.376871    2.75804e-172    1.20446e-14    6.25101e-115    1.45506e-11    0.0047534    0.0047534 
0.375926    1.01926e-172    1.20436e-14    3.22411e-115    1.45481e-11    0.00475769    0.00475769 
0.374986    3.76493e-173    1.20425e-14    1.66211e-115    1.45456e-11    0.00475972    0.00475972 
0.374051    1.39066e-173    1.20415e-14    8.56839e-116    1.45431e-11    0.00476168    0.00476168 
0.373121    5.13655e-174    1.20405e-14    4.41701e-116    1.45406e-11    0.00476357    0.00476357 
0.372195    1.8972e-174    1.20394e-14    2.27692e-116    1.45381e-11    0.0047654    0.0047654 
0.371273    7.00978e-175    1.20384e-14    1.17413e-116    1.45356e-11    0.0047689    0.0047689 
0.370357    2.58896e-175    1.20374e-14    6.05218e-117    1.45332e-11    0.00477058    0.00477058 
0.369444    9.56176e-176    1.20364e-14    3.11962e-117    1.45308e-11    0.00477222    0.00477222 
0.368537    3.53137e-176    1.20354e-14    1.608e-117    1.45283e-11    0.00477382    0.00477382 
0.367633    1.3042e-176    1.20344e-14    8.28822e-118    1.45259e-11    0.0047754    0.0047754 
0.366734    4.81656e-177    1.20334e-14    4.27201e-118    1.45235e-11    0.00477696    0.00477696 
0.36584    1.77937e-177    1.20324e-14    2.20261e-118    1.45211e-11    0.00478005    0.00478005 
0.36495    6.57128e-178    1.20314e-14    1.13527e-118    1.45188e-11    0.00478159    0.00478159 
0.364064    2.42678e-178    1.20304e-14    5.85136e-119    1.45164e-11    0.00478314    0.00478314 
0.363182    8.96209e-179    1.20295e-14    3.01586e-119    1.45141e-11    0.0047847    0.0047847 
0.362305    3.30968e-179    1.20285e-14    1.55441e-119    1.45117e-11    0.00478628    0.00478628 
0.361432    1.22267e-179    1.20275e-14    8.01431e-120    1.45094e-11    0.00478953    0.00478953 
0.360563    4.51531e-180    1.20266e-14    4.13067e-120    1.45071e-11    0.00479121    0.00479121 
0.359698    1.6675e-180    1.20256e-14    2.129e-120    1.45048e-11    0.00479294    0.00479294 
0.358838    6.15809e-181    1.20247e-14    1.09732e-120    1.45025e-11    0.00479473    0.00479473 
0.357981    2.27419e-181    1.20237e-14    5.65576e-121    1.45003e-11    0.00479657    0.00479657 
0.357129    8.39866e-182    1.20228e-14    2.91508e-121    1.4498e-11    0.00479848    0.00479848 
0.356281    3.10167e-182    1.20219e-14    1.5025e-121    1.44958e-11    0.00480046    0.00480046 
0.355436    1.14598e-182    1.20209e-14    7.74771e-122    1.44935e-11    0.00480465    0.00480465 
0.354596    4.23232e-183    1.202e-14    3.99348e-122    1.44913e-11    0.00480688    0.00480688 
0.35376    1.56309e-183    1.20191e-14    2.05842e-122    1.44891e-11    0.00480919    0.00480919 
0.352927    5.7729e-184    1.20182e-14    1.06101e-122    1.44869e-11    0.0048116    0.0048116 
0.352099    2.13211e-184    1.20173e-14    5.46905e-123    1.44847e-11    0.00481411    0.00481411 
0.351274    7.87462e-185    1.20164e-14    2.8191e-123    1.44825e-11    0.00481672    0.00481672 
0.350453    2.90841e-185    1.20155e-14    1.45316e-123    1.44804e-11    0.00481944    0.00481944 
0.349636    1.07486e-185    1.20146e-14    7.49528e-124    1.44782e-11    0.0048252    0.0048252 
0.348823    3.97011e-186    1.20137e-14    3.86379e-124    1.44761e-11    0.00482825    0.00482825 
0.348014    1.46642e-186    1.20128e-14    1.9918e-124    1.44739e-11    0.00483142    0.00483142 
0.347208    5.41651e-187    1.20119e-14    1.0268e-124    1.44718e-11    0.0048347    0.0048347 
0.346406    2.00073e-187    1.2011e-14    5.29337e-125    1.44697e-11    0.00483809    0.00483809 
0.345608    7.39034e-188    1.20102e-14    2.72888e-125    1.44676e-11    0.00484161    0.00484161 
0.344813    2.7299e-188    1.20093e-14    1.40684e-125    1.44655e-11    0.00484523    0.00484523 
0.344022    1.00841e-188    1.20084e-14    7.25289e-126    1.44634e-11    0.00484898    0.00484898 
0.343235    3.72505e-189    1.20076e-14    3.73924e-126    1.44614e-11    0.00485284    0.00485284 
0.342451    1.37721e-189    1.20067e-14    1.92943e-126    1.44593e-11    0.00486089    0.00486089 
0.341671    5.08765e-190    1.20059e-14    9.94771e-127    1.44573e-11    0.00486508    0.00486508 
0.340895    1.87949e-190    1.2005e-14    5.12889e-127    1.44552e-11    0.00486937    0.00486937 
0.340122    6.94335e-191    1.20042e-14    2.64442e-127    1.44532e-11    0.00487377    0.00487377 
0.339352    2.56509e-191    1.20033e-14    1.36346e-127    1.44512e-11    0.00487827    0.00487827 
0.338586    9.47637e-192    1.20025e-14    7.03003e-128    1.44492e-11    0.00488286    0.00488286 
0.337823    3.50095e-192    1.20017e-14    3.62475e-128    1.44472e-11    0.00488754    0.00488754 
0.337064    1.2934e-192    1.20009e-14    1.86897e-128    1.44452e-11    0.00489231    0.00489231 
0.336308    4.77841e-193    1.2e-14    9.63673e-129    1.44433e-11    0.00489716    0.00489716 
0.335556    1.76537e-193    1.19992e-14    4.9689e-129    1.44413e-11    0.00490208    0.00490208 
0.334807    6.52218e-194    1.19984e-14    2.56209e-129    1.44394e-11    0.00490708    0.00490708 
0.334061    2.41214e-194    1.19976e-14    1.32246e-129    1.44374e-11    0.00491725    0.00491725 
0.333319    8.9118e-195    1.19968e-14    6.81901e-130    1.44355e-11    0.00492241    0.00492241 
0.33258    3.29252e-195    1.1996e-14    3.51611e-130    1.44336e-11    0.00492762    0.00492762 
0.331844    1.21644e-195    1.19952e-14    1.81302e-130    1.44317e-11    0.00493286    0.00493286 
0.331111    4.49422e-196    1.19944e-14    9.3485e-131    1.44298e-11    0.00493814    0.00493814 
0.330382    1.66041e-196    1.19936e-14    4.82036e-131    1.44279e-11    0.00494343    0.00494343 
0.329656    6.1344e-197    1.19929e-14    2.48551e-131    1.4426e-11    0.00494875    0.00494875 
0.328933    2.26635e-197    1.19921e-14    1.28158e-131    1.44242e-11    0.00495407    0.00495407 
0.328213    8.37295e-198    1.19913e-14    6.60809e-132    1.44223e-11    0.00495939    0.00495939 
0.327496    3.09333e-198    1.19905e-14    3.40722e-132    1.44204e-11    0.0049647    0.0049647 
0.326783    1.14279e-198    1.19898e-14    1.75679e-132    1.44186e-11    0.00497    0.00497 
0.326072    4.22187e-199    1.1989e-14    9.05804e-133    1.44168e-11    0.00497527    0.00497527 
0.325365    1.55968e-199    1.19883e-14    4.67027e-133    1.4415e-11    0.00498052    0.00498052 
0.324661    5.76182e-200    1.19875e-14    2.40793e-133    1.44132e-11    0.00498573    0.00498573 
0.32396    2.12851e-200    1.19868e-14    1.24147e-133    1.44114e-11    0.00499089    0.00499089 
0.323261    7.86294e-201    1.1986e-14    6.40065e-134    1.44096e-11    0.00499601    0.00499601 
0.322566    2.90459e-201    1.19853e-14    3.29991e-134    1.44078e-11    0.00500107    0.00500107 
0.321874    1.07294e-201    1.19845e-14    1.70126e-134    1.4406e-11    0.00500606    0.00500606 
0.321185    3.96332e-202    1.19838e-14    8.77061e-135    1.44042e-11    0.00501099    0.00501099 
0.320498    1.46536e-202    1.19831e-14    4.52577e-135    1.44025e-11    0.00502061    0.00502061 
0.319815    5.41249e-203    1.19823e-14    2.33305e-135    1.44007e-11    0.00502529    0.00502529 
0.319134    1.99912e-203    1.19816e-14    1.20266e-135    1.4399e-11    0.00502988    0.00502988 
0.318457    7.38364e-204    1.19809e-14    6.19943e-136    1.43973e-11    0.00503437    0.00503437 
0.317782    2.72703e-204    1.19802e-14    3.19557e-136    1.43955e-11    0.00503877    0.00503877 
0.31711    1.00716e-204    1.19795e-14    1.64715e-136    1.43938e-11    0.00504306    0.00504306 
0.316441    3.71956e-205    1.19788e-14    8.48995e-137    1.43921e-11    0.00504725    0.00504725 
0.315775    1.37364e-205    1.1978e-14    4.37588e-137    1.43904e-11    0.00505133    0.00505133 
0.315111    5.07275e-206    1.19773e-14    2.25534e-137    1.43887e-11    0.00505529    0.00505529 
0.314451    1.87327e-206    1.19766e-14    1.16238e-137    1.43871e-11    0.00505915    0.00505915 
0.313793    6.91742e-207    1.19759e-14    5.99057e-138    1.43854e-11    0.00506289    0.00506289 
0.313138    2.55432e-207    1.19753e-14    3.08729e-138    1.43837e-11    0.00506652    0.00506652 
0.312485    9.43179e-208    1.19746e-14    1.59101e-138    1.43821e-11    0.00507004    0.00507004 
0.311836    3.48257e-208    1.19739e-14    8.19891e-139    1.43804e-11    0.00507344    0.00507344 
0.311189    1.28586e-208    1.19732e-14    4.225e-139    1.43788e-11    0.00507673    0.00507673 
0.310544    4.74759e-209    1.19725e-14    2.17713e-139    1.43772e-11    0.00507991    0.00507991 
0.309903    1.75284e-209    1.19718e-14    1.12184e-139    1.43755e-11    0.00508298    0.00508298 
0.309264    6.4714e-210    1.19712e-14    5.78049e-140    1.43739e-11    0.00508594    0.00508594 
0.308627    2.38915e-210    1.19705e-14    2.97843e-140    1.43723e-11    0.0050888    0.0050888 
0.307994    8.82016e-211    1.19698e-14    1.53461e-140    1.43707e-11    0.00509157    0.00509157 
0.307362    3.25611e-211    1.19692e-14    7.90676e-141    1.43691e-11    0.00509423    0.00509423 
0.306734    1.20202e-211    1.19685e-14    4.07369e-141    1.43675e-11    0.00509681    0.00509681 
0.306108    4.43724e-212    1.19678e-14    2.09878e-141    1.43659e-11    0.0050993    0.0050993 
0.305484    1.63797e-212    1.19672e-14    1.08128e-141    1.43644e-11    0.00510171    0.00510171 
0.304863    6.04628e-213    1.19665e-14    5.57055e-142    1.43628e-11    0.00510405    0.00510405 
0.304245    2.23184e-213    1.19659e-14    2.86979e-142    1.43612e-11    0.00510631    0.00510631 
0.303629    8.23813e-214    1.19652e-14    1.47841e-142    1.43597e-11    0.00510852    0.00510852 
0.303016    3.0408e-214    1.19646e-14    7.61605e-143    1.43581e-11    0.00511066    0.00511066 
0.302405    1.12238e-214    1.19639e-14    3.92337e-143    1.43566e-11    0.00511276    0.00511276 
0.301796    4.14271e-215    1.19633e-14    2.02108e-143    1.43551e-11    0.00511482    0.00511482 
0.30119    1.52906e-215    1.19627e-14    1.04112e-143    1.43535e-11    0.00511684    0.00511684 
0.300587    5.64145e-216    1.1962e-14    5.36098e-144    1.4352e-11    0.00511684    0.00511684 
0.299985    2.07442e-216    1.19614e-14    2.74609e-144    1.43505e-11    0.00511884    0.00511884 
0.299387    7.65644e-217    1.19608e-14    1.41457e-144    1.4349e-11    0.00512081    0.00512081 
0.29879    2.82589e-217    1.19601e-14    7.28672e-145    1.43475e-11    0.00512278    0.00512278 
0.298196    1.04299e-217    1.19595e-14    3.7535e-145    1.4346e-11    0.00512473    0.00512473 
0.297604    3.84948e-218    1.19589e-14    1.93347e-145    1.43445e-11    0.0051267    0.0051267 
0.297015    1.42076e-218    1.19583e-14    9.9595e-146    1.43431e-11    0.00512867    0.00512867 
0.296428    5.24375e-219    1.19577e-14    5.13022e-146    1.43416e-11    0.00513066    0.00513066 
0.295843    1.93536e-219    1.19571e-14    2.64262e-146    1.43401e-11    0.00513268    0.00513268 
0.295261    7.14299e-220    1.19564e-14    1.36124e-146    1.43387e-11    0.00513473    0.00513473 
0.294681    2.63634e-220    1.19558e-14    7.01186e-147    1.43372e-11    0.00513683    0.00513683 
0.294103    9.73022e-221    1.19552e-14    3.61189e-147    1.43358e-11    0.00513897    0.00513897 
0.293527    3.59126e-221    1.19546e-14    1.86053e-147    1.43343e-11    0.00514117    0.00514117 
0.292954    1.32548e-221    1.1954e-14    9.58393e-148    1.43329e-11    0.00514343    0.00514343 
0.292383    4.89219e-222    1.19534e-14    4.93688e-148    1.43314e-11    0.00514576    0.00514576 
0.291814    1.80566e-222    1.19528e-14    2.54311e-148    1.433e-11    0.00514816    0.00514816 
0.291247    6.6646e-223    1.19523e-14    1.31003e-148    1.43286e-11    0.00515064    0.00515064 
0.290683    2.45989e-223    1.19517e-14    6.74845e-149    1.43272e-11    0.00515321    0.00515321 
0.290121    9.07954e-224    1.19511e-14    3.47641e-149    1.43258e-11    0.00515587    0.00515587 
0.289561    3.35133e-224    1.19505e-14    1.79087e-149    1.43244e-11    0.00515862    0.00515862 
0.289003    1.23633e-224    1.19499e-14    9.22064e-150    1.4323e-11    0.00515862    0.00515862 
0.288447    4.56343e-225    1.19493e-14    4.75003e-150    1.43216e-11    0.00516148    0.00516148 
0.287893    1.68443e-225    1.19488e-14    2.44702e-150    1.43202e-11    0.00516443    0.00516443 
0.287342    6.21759e-226    1.19482e-14    1.26062e-150    1.43189e-11    0.00516749    0.00516749 
0.286792    2.29508e-226    1.19476e-14    6.49442e-151    1.43175e-11    0.00517066    0.00517066 
0.286245    8.47187e-227    1.1947e-14    3.34581e-151    1.43161e-11    0.00517394    0.00517394 
0.2857    3.12729e-227    1.19465e-14    1.72373e-151    1.43148e-11    0.00517733    0.00517733 
0.285156    1.15442e-227    1.19459e-14    8.88064e-152    1.43134e-11    0.00518083    0.00518083 
0.284615    4.26154e-228    1.19454e-14    4.57537e-152    1.43121e-11    0.00518445    0.00518445 
0.284076    1.57317e-228    1.19448e-14    2.3573e-152    1.43107e-11    0.00518818    0.00518818 
0.283539    5.80754e-229    1.19442e-14    1.21454e-152    1.43094e-11    0.00519202    0.00519202 
0.283004    2.14395e-229    1.19437e-14    6.25768e-153    1.43081e-11    0.00519598    0.00519598 
0.282471    7.9087e-230    1.19431e-14    3.22168e-153    1.43068e-11    0.00519598    0.00519598 
0.28194    2.91966e-230    1.19426e-14    1.65993e-153    1.43054e-11    0.00520004    0.00520004 
0.281411    1.07787e-230    1.1942e-14    8.55268e-154    1.43041e-11    0.00520421    0.00520421 
0.280884    3.9793e-231    1.19415e-14    4.40678e-154    1.43028e-11    0.00520849    0.00520849 
0.280359    1.4691e-231    1.19409e-14    2.27063e-154    1.43015e-11    0.00521286    0.00521286 
0.279836    5.42379e-232    1.19404e-14    1.16998e-154    1.43002e-11    0.00521734    0.00521734 
0.279315    2.00244e-232    1.19399e-14    6.02855e-155    1.42989e-11    0.00522191    0.00522191 
0.278796    7.393e-233    1.19393e-14    3.10637e-155    1.42977e-11    0.00522656    0.00522656 
0.278278    2.72952e-233    1.19388e-14    1.60065e-155    1.42964e-11    0.0052313    0.0052313 
0.277763    1.00775e-233    1.19383e-14    8.24795e-156    1.42951e-11    0.00523611    0.00523611 
0.27725    3.71725e-234    1.19377e-14    4.24612e-156    1.42938e-11    0.00523611    0.00523611 
0.276738    1.37244e-234    1.19372e-14    2.18797e-156    1.42926e-11    0.00524099    0.00524099 
0.276228    5.06716e-235    1.19367e-14    1.12744e-156    1.42913e-11    0.00524594    0.00524594 
0.275721    1.87085e-235    1.19362e-14    5.80962e-157    1.42901e-11    0.00525094    0.00525094 
0.275215    6.90741e-236    1.19356e-14    2.99366e-157    1.42888e-11    0.00525598    0.00525598 
0.274711    2.5503e-236    1.19351e-14    1.54262e-157    1.42876e-11    0.00526107    0.00526107 
0.274208    9.41604e-237    1.19346e-14    7.94903e-158    1.42864e-11    0.00526619    0.00526619 
0.273708    3.47651e-237    1.19341e-14    4.09609e-158    1.42851e-11    0.00527133    0.00527133 
0.273209    1.28357e-237    1.19336e-14    2.11068e-158    1.42839e-11    0.00527649    0.00527649 
0.272713    4.73441e-238    1.19331e-14    1.08655e-158    1.42827e-11    0.00527649    0.00527649 
0.272218    1.74798e-238    1.19326e-14    5.59886e-159    1.42815e-11    0.00528165    0.00528165 
0.271725    6.45361e-239    1.19321e-14    2.885e-159    1.42803e-11    0.0052868    0.0052868 
0.271233    2.38268e-239    1.19315e-14    1.48658e-159    1.42791e-11    0.00529194    0.00529194 
0.270744    8.79681e-240    1.1931e-14    7.65996e-160    1.42779e-11    0.00529706    0.00529706 
0.270256    3.24772e-240    1.19305e-14    3.94693e-160    1.42767e-11    0.00530214    0.00530214 
0.26977    1.19902e-240    1.19301e-14    2.0337e-160    1.42755e-11    0.00530718    0.00530718 
0.269285    4.42657e-241    1.19296e-14    1.04787e-160    1.42743e-11    0.00531217    0.00531217 
0.268803    1.63267e-241    1.19291e-14    5.39406e-161    1.42731e-11    0.00531217    0.00531217 
0.268322    6.02738e-242    1.19286e-14    2.77924e-161    1.4272e-11    0.0053171    0.0053171 
0.267843    2.22511e-242    1.19281e-14    1.43195e-161    1.42708e-11    0.00532195    0.00532195 
0.267365    8.21421e-243    1.19276e-14    7.37772e-162    1.42696e-11    0.00532673    0.00532673 
0.266889    3.03228e-243    1.19271e-14    3.80107e-162    1.42685e-11    0.00533142    0.00533142 
0.266415    1.11934e-243    1.19266e-14    1.9583e-162    1.42673e-11    0.00533601    0.00533601 
0.265943    4.13187e-244    1.19261e-14    1.00888e-162    1.42662e-11    0.00534049    0.00534049 
0.265472    1.52392e-244    1.19257e-14    5.19322e-163    1.4265e-11    0.00534049    0.00534049 
0.265003    5.62513e-245    1.19252e-14    2.67538e-163    1.42639e-11    0.00534486    0.00534486 
0.264536    2.0763e-245    1.19247e-14    1.37823e-163    1.42627e-11    0.00534912    0.00534912 
0.26407    7.66364e-246    1.19242e-14    7.0998e-164    1.42616e-11    0.00535324    0.00535324 
0.263606    2.82857e-246    1.19238e-14    3.65727e-164    1.42605e-11    0.00535723    0.00535723 
0.263143    1.04396e-246    1.19233e-14    1.88389e-164    1.42594e-11    0.00536108    0.00536108 
0.262683    3.85291e-247    1.19228e-14    9.70372e-165    1.42582e-11    0.00536479    0.00536479 
0.262223    1.42099e-247    1.19224e-14    4.99482e-165    1.42571e-11    0.00536479    0.00536479 
0.261766    5.2442e-248    1.19219e-14    2.57269e-165    1.4256e-11    0.00536835    0.00536835 
0.26131    1.93532e-248    1.19214e-14    1.32507e-165    1.42549e-11    0.00537176    0.00537176 
0.260855    7.14187e-249    1.1921e-14    6.82462e-166    1.42538e-11    0.00537501    0.00537501 
0.260402    2.63546e-249    1.19205e-14    3.51481e-166    1.42527e-11    0.00537811    0.00537811 
0.259951    9.7249e-250    1.19201e-14    1.81013e-166    1.42516e-11    0.00538104    0.00538104 
0.259501    3.58654e-250    1.19196e-14    9.31708e-167    1.42505e-11    0.00538104    0.00538104 
0.259053    1.32339e-250    1.19192e-14    4.79812e-167    1.42495e-11    0.00538382    0.00538382 
0.258606    4.88298e-251    1.19187e-14    2.47086e-167    1.42484e-11    0.00538644    0.00538644 
0.258161    1.80164e-251    1.19183e-14    1.27236e-167    1.42473e-11    0.0053889    0.0053889 
0.257717    6.64716e-252    1.19178e-14    6.55176e-168    1.42462e-11    0.00539121    0.00539121 
0.257275    2.45239e-252    1.19174e-14    3.37358e-168    1.42452e-11    0.00539336    0.00539336 
0.256835    9.04416e-253    1.19169e-14    1.7364e-168    1.42441e-11    0.00539336    0.00539336 
0.256396    3.33662e-253    1.19165e-14    8.94059e-169    1.4243e-11    0.00539536    0.00539536 
0.255958    1.23092e-253    1.1916e-14    4.6033e-169    1.4242e-11    0.00539722    0.00539722 
0.255522    4.5409e-254    1.19156e-14    2.37006e-169    1.42409e-11    0.00539894    0.00539894 
0.255088    1.6751e-254    1.19151e-14    1.22022e-169    1.42399e-11    0.00540053    0.00540053 
0.254655    6.17746e-255    1.19147e-14    6.28039e-170    1.42388e-11    0.00540053    0.00540053 
0.254223    2.27874e-255    1.19143e-14    3.23333e-170    1.42378e-11    0.00540199    0.00540199 
0.253793    8.40558e-256    1.19138e-14    1.66457e-170    1.42368e-11    0.00540333    0.00540333 
0.253364    3.10049e-256    1.19134e-14    8.5693e-171    1.42357e-11    0.00540457    0.00540457 
0.252937    1.14363e-256    1.1913e-14    4.41141e-171    1.42347e-11    0.00540571    0.00540571 
0.252511    4.21821e-257    1.19125e-14    2.27092e-171    1.42337e-11    0.00540676    0.00540676 
0.252086    1.55556e-257    1.19121e-14    1.1688e-171    1.42327e-11    0.00540676    0.00540676 
0.251663    5.73747e-258    1.19117e-14    6.01662e-172    1.42316e-11    0.00540773    0.00540773 
0.251242    2.11616e-258    1.19113e-14    3.09713e-172    1.42306e-11    0.00540865    0.00540865 
0.250822    7.80493e-259    1.19108e-14    1.59426e-172    1.42296e-11    0.0054095    0.0054095 
0.250403    2.87863e-259    1.19104e-14    8.20645e-173    1.42286e-11    0.00541033    0.00541033 
0.249986    1.06153e-259    1.191e-14    4.22361e-173    1.42276e-11    0.00541033    0.00541033 
0.24957    3.91512e-260    1.19096e-14    2.17407e-173    1.42266e-11    0.00541112    0.00541112 
0.249155    1.44396e-260    1.19092e-14    1.11908e-173    1.42256e-11    0.00541191    0.00541191 
0.248742    5.32551e-261    1.19087e-14    5.76034e-174    1.42246e-11    0.00541271    0.00541271 
0.24833    1.96412e-261    1.19083e-14    2.96507e-174    1.42236e-11    0.00541352    0.00541352 
0.24792    7.24282e-262    1.19079e-14    1.526e-174    1.42226e-11    0.00541352    0.00541352 
0.24751    2.67125e-262    1.19075e-14    7.85488e-175    1.42217e-11    0.00541438    0.00541438 
0.247103    9.85198e-263    1.19071e-14    4.04323e-175    1.42207e-11    0.00541529    0.00541529 
0.246696    3.6336e-263    1.19067e-14    2.08123e-175    1.42197e-11    0.00541627    0.00541627 
0.246291    1.34016e-263    1.19063e-14    1.07132e-175    1.42187e-11    0.00541734    0.00541734 
0.245887    4.94182e-264    1.19059e-14    5.51352e-176    1.42178e-11    0.00541734    0.00541734 
0.245485    1.82268e-264    1.19055e-14    2.83813e-176    1.42168e-11    0.00541852    0.00541852 
0.245084    6.72267e-265    1.19051e-14    1.46098e-176    1.42158e-11    0.00541983    0.00541983 
0.244684    2.47961e-265    1.19047e-14    7.5208e-177    1.42149e-11    0.00542127    0.00542127 
0.244285    9.14611e-266    1.19043e-14    3.87165e-177    1.42139e-11    0.00542288    0.00542288 
0.243888    3.37255e-266    1.19039e-14    1.9925e-177    1.4213e-11    0.00542288    0.00542288 
0.243492    1.24401e-266    1.19035e-14    1.02575e-177    1.4212e-11    0.00542467    0.00542467 
0.243098    4.58881e-267    1.19031e-14    5.28077e-178    1.42111e-11    0.00542665    0.00542665 
0.242704    1.69275e-267    1.19027e-14    2.71875e-178    1.42101e-11    0.00542885    0.00542885 
0.242312    6.24178e-268    1.19023e-14    1.39915e-178    1.42092e-11    0.00542885    0.00542885 
0.241921    2.30259e-268    1.19019e-14    7.20364e-179    1.42083e-11    0.00543129    0.00543129 
0.241532    8.49461e-269    1.19015e-14    3.70901e-179    1.42073e-11    0.00543397    0.00543397 
0.241143    3.13394e-269    1.19011e-14    1.90978e-179    1.42064e-11    0.00543693    0.00543693 
0.240756    1.15627e-269    1.19007e-14    9.83402e-180    1.42055e-11    0.00544017    0.00544017 
0.24037    4.26349e-270    1.19003e-14    5.06078e-180    1.42046e-11    0.00544017    0.00544017 
0.239986    1.57309e-270    1.19e-14    2.60606e-180    1.42036e-11    0.00544372    0.00544372 
0.239602    5.80451e-271    1.18996e-14    1.34208e-180    1.42027e-11    0.00544759    0.00544759 
0.23922    2.14192e-271    1.18992e-14    6.91184e-181    1.42018e-11    0.00545181    0.00545181 
0.238839    7.89775e-272    1.18988e-14    3.55691e-181    1.42009e-11    0.00545181    0.00545181 
0.23846    2.91451e-272    1.18984e-14    1.83196e-181    1.42e-11    0.00545637    0.00545637 
0.238081    1.07561e-272    1.1898e-14    9.43592e-182    1.41991e-11    0.00546131    0.00546131 
0.237704    3.96985e-273    1.18977e-14    4.86051e-182    1.41982e-11    0.00546664    0.00546664 
0.237328    1.46529e-273    1.18973e-14    2.50386e-182    1.41973e-11    0.00547237    0.00547237 
0.236953    5.40275e-274    1.18969e-14    1.28849e-182    1.41964e-11    0.00547237    0.00547237 
0.236579    1.99431e-274    1.18965e-14    6.63802e-183    1.41955e-11    0.00547852    0.00547852 
0.236206    7.36213e-275    1.18962e-14    3.42002e-183    1.41946e-11    0.0054851    0.0054851 
0.235835    2.71798e-275    1.18958e-14    1.76218e-183    1.41938e-11    0.00549212    0.00549212 
0.235465    1.00215e-275    1.18954e-14    9.06809e-184    1.41929e-11    0.00549212    0.00549212 
0.235096    3.70005e-276    1.18951e-14    4.67273e-184    1.4192e-11    0.00549961    0.00549961 
0.234728    1.36621e-276    1.18947e-14    2.40802e-184    1.41911e-11    0.00550756    0.00550756 
0.234361    5.04503e-277    1.18943e-14    1.24104e-184    1.41903e-11    0.005516    0.005516 
0.233995    1.86013e-277    1.1894e-14    6.38622e-185    1.41894e-11    0.005516    0.005516 
0.233631    6.86948e-278    1.18936e-14    3.29157e-185    1.41885e-11    0.00552494    0.00552494 
0.233267    2.53712e-278    1.18933e-14    1.69668e-185    1.41877e-11    0.00553438    0.00553438 
0.232905    9.37122e-279    1.18929e-14    8.74651e-186    1.41868e-11    0.00554433    0.00554433 
0.232544    3.45517e-279    1.18925e-14    4.50077e-186    1.4186e-11    0.00554433    0.00554433 
0.232184    1.27632e-279    1.18922e-14    2.32037e-186    1.41851e-11    0.00555481    0.00555481 
0.231825    4.71509e-280    1.18918e-14    1.19637e-186    1.41843e-11    0.00556583    0.00556583 
0.231467    1.74204e-280    1.18915e-14    6.169e-187    1.41834e-11    0.00557738    0.00557738 
0.231111    6.42282e-281    1.18911e-14    3.17439e-187    1.41826e-11    0.00557738    0.00557738 
0.230755    2.37318e-281    1.18908e-14    1.63699e-187    1.41817e-11    0.00558947    0.00558947 
0.230401    8.76954e-282    1.18904e-14    8.44249e-188    1.41809e-11    0.00560212    0.00560212 
0.230047    3.24087e-282    1.18901e-14    4.35446e-188    1.41801e-11    0.00561533    0.00561533 
0.229695    1.19487e-282    1.18897e-14    2.24065e-188    1.41793e-11    0.00561533    0.00561533 
0.229344    4.41616e-283    1.18894e-14    1.15578e-188    1.41784e-11    0.0056291    0.0056291 
0.228994    1.63233e-283    1.1889e-14    5.96236e-189    1.41776e-11    0.00564344    0.00564344 
0.228645    6.01815e-284    1.18887e-14    3.06798e-189    1.41768e-11    0.00564344    0.00564344 
0.228297    2.22465e-284    1.18884e-14    1.58282e-189    1.4176e-11    0.00565834    0.00565834 
0.22795    8.22435e-285    1.1888e-14    8.16677e-190    1.41752e-11    0.00567381    0.00567381 
0.227604    3.04074e-285    1.18877e-14    4.21412e-190    1.41744e-11    0.00568985    0.00568985 
0.227259    1.12106e-285    1.18873e-14    2.16838e-190    1.41736e-11    0.00568985    0.00568985 
0.226915    4.14518e-286    1.1887e-14    1.119e-190    1.41728e-11    0.00570646    0.00570646 
0.226572    1.53284e-286    1.18867e-14    5.77513e-191    1.4172e-11    0.00572364    0.00572364 
0.22623    5.66872e-287    1.18863e-14    2.98078e-191    1.41712e-11    0.00574139    0.00574139 
0.22589    2.08992e-287    1.1886e-14    1.53375e-191    1.41704e-11    0.00574139    0.00574139 
0.22555    7.72955e-288    1.18857e-14    7.91696e-192    1.41696e-11    0.00575969    0.00575969 
0.225211    2.85901e-288    1.18853e-14    4.08694e-192    1.41688e-11    0.00577856    0.00577856 
0.224874    1.05758e-288    1.1885e-14    2.10996e-192    1.41681e-11    0.00579797    0.00579797 
0.224537    3.89897e-289    1.18847e-14    1.08565e-192    1.41673e-11    0.00579797    0.00579797 
0.224201    1.44238e-289    1.18844e-14    5.60532e-193    1.41665e-11    0.00581794    0.00581794 
0.223867    5.33632e-290    1.1884e-14    2.89429e-193    1.41657e-11    0.00583844    0.00583844 
0.223533    1.96732e-290    1.18837e-14    1.48921e-193    1.4165e-11    0.00583844    0.00583844 
0.2232    7.27897e-291    1.18834e-14    7.69005e-194    1.41642e-11    0.00585948    0.00585948 
0.222869    2.69337e-291    1.18831e-14    3.97131e-194    1.41635e-11    0.00588103    0.00588103 
0.222538    9.9667e-292    1.18828e-14    2.05102e-194    1.41627e-11    0.0059031    0.0059031 
0.222208    3.67434e-292    1.18825e-14    1.0553e-194    1.41619e-11    0.0059031    0.0059031 
0.22188    1.35976e-292    1.18821e-14    5.45054e-195    1.41612e-11    0.00592567    0.00592567 
0.221552    5.03239e-293    1.18818e-14    2.81534e-195    1.41605e-11    0.00594872    0.00594872 
0.221225    1.85523e-293    1.18815e-14    1.44855e-195    1.41597e-11    0.00594872    0.00594872 
0.220899    6.86649e-294    1.18812e-14    7.48254e-196    1.4159e-11    0.00597225    0.00597225 
0.220574    2.54154e-294    1.18809e-14    3.86536e-196    1.41582e-11    0.00599624    0.00599624 
0.220251    9.40768e-295    1.18806e-14    1.99689e-196    1.41575e-11    0.00602068    0.00602068 
0.219928    3.46817e-295    1.18803e-14    1.02743e-196    1.41568e-11    0.00602068    0.00602068 
0.219606    1.28383e-295    1.188e-14    5.30809e-197    1.4156e-11    0.00604554    0.00604554 
0.219285    4.75263e-296    1.18797e-14    2.74249e-197    1.41553e-11    0.00607082    0.00607082 
0.218964    1.75206e-296    1.18794e-14    1.41104e-197    1.41546e-11    0.00607082    0.00607082 
0.218645    6.48624e-297    1.18791e-14    7.29058e-198    1.41539e-11    0.00609649    0.00609649 
0.218327    2.40135e-297    1.18788e-14    3.76707e-198    1.41532e-11    0.00612253    0.00612253 
0.21801    8.85248e-298    1.18785e-14    1.93818e-198    1.41525e-11    0.00612253    0.00612253 
0.217693    3.2775e-298    1.18782e-14    1.0015e-198    1.41518e-11    0.00614893    0.00614893 
0.217378    1.21348e-298    1.18779e-14    5.17511e-199    1.41511e-11    0.00617567    0.00617567 
0.217063    4.49301e-299    1.18776e-14    2.67426e-199    1.41504e-11    0.00620272    0.00620272 
0.216749    1.65631e-299    1.18773e-14    1.3759e-199    1.41497e-11    0.00620272    0.00620272 
0.216437    6.13274e-300    1.1877e-14    7.11015e-200    1.4149e-11    0.00623007    0.00623007 
0.216125    2.27079e-300    1.18767e-14    3.67435e-200    1.41483e-11    0.00625768    0.00625768 
0.215814    8.37099e-301    1.18764e-14    1.89043e-200    1.41476e-11    0.00625768    0.00625768 
0.215504    3.0996e-301    1.18761e-14    9.76939e-201    1.41469e-11    0.00628554    0.00628554 
0.215194    1.14773e-301    1.18758e-14    5.04871e-201    1.41462e-11    0.00631363    0.00631363 
0.214886    4.23092e-302    1.18756e-14    2.5975e-201    1.41456e-11    0.00631363    0.00631363 
0.214579    1.56665e-302    1.18753e-14    1.34237e-201    1.41449e-11    0.00634192    0.00634192 
0.214272    5.80109e-303    1.1875e-14    6.93728e-202    1.41442e-11    0.00637038    0.00637038 
0.213966    2.14807e-303    1.18747e-14    3.58515e-202    1.41435e-11    0.006399    0.006399 
0.213662    7.91842e-304    1.18744e-14    1.84449e-202    1.41429e-11    0.006399    0.006399 
0.213358    2.93207e-304    1.18742e-14    9.53217e-203    1.41422e-11    0.00642774    0.00642774 
0.213055    1.08569e-304    1.18739e-14    4.92611e-203    1.41415e-11    0.00645659    0.00645659 
0.212752    4.00216e-305    1.18736e-14    2.53437e-203    1.41409e-11    0.00645659    0.00645659 
0.212451    1.48191e-305    1.18733e-14    1.30971e-203    1.41402e-11    0.00648551    0.00648551 
0.212151    5.48708e-306    1.18731e-14    6.76824e-204    1.41396e-11    0.00651449    0.00651449 
0.211851    2.02267e-306    1.18728e-14    3.48208e-204    1.41389e-11    0.00651449    0.00651449 
0.211552    7.4892e-307    1.18725e-14    1.7994e-204    1.41383e-11    0.0065435    0.0065435 
0.211254    2.77292e-307    1.18722e-14    9.29843e-205    1.41376e-11    0.00657251    0.00657251 
0.210957    1.02215e-307    1.1872e-14    4.78374e-205    1.4137e-11    0.00657251    0.00657251 
0.210661    3.78447e-308    1.18717e-14    2.47193e-205    1.41364e-11    0.00660151    0.00660151 
0.210365    1.40114e-308    1.18714e-14    1.2773e-205    1.41357e-11    0.00663046    0.00663046 
0.210071    5.16485e-309    1.18712e-14    6.57124e-206    1.41351e-11    0.00663046    0.00663046 
0.209777    1.91214e-309    1.18709e-14    3.39538e-206    1.41345e-11    0.00665935    0.00665935 
0.209484    7.07891e-310    1.18706e-14    1.75434e-206    1.41339e-11    0.00668815    0.00668815 
0.209192    2.60938e-310    1.18704e-14    9.02538e-207    1.41332e-11    0.00668815    0.00668815 
0.2089    9.65977e-311    1.18701e-14    4.66309e-207    1.41326e-11    0.00671684    0.00671684 
0.20861    3.57585e-311    1.18699e-14    2.40916e-207    1.4132e-11    0.00674541    0.00674541 
0.20832    1.31809e-311    1.18696e-14    1.2394e-207    1.41314e-11    0.00674541    0.00674541 
0.208031    4.87909e-312    1.18693e-14    6.403e-208    1.41308e-11    0.00677383    0.00677383 
0.207743    1.80597e-312    1.18691e-14    3.30777e-208    1.41302e-11    0.00680208    0.00680208 
0.207455    6.65695e-313    1.18688e-14    1.70168e-208    1.41295e-11    0.00680208    0.00680208 
0.207169    2.46392e-313    1.18686e-14    8.7904e-209    1.41289e-11    0.00683015    0.00683015 
0.206883    9.11918e-314    1.18683e-14    4.54065e-209    1.41283e-11    0.00685802    0.00685802 
0.206598    3.36137e-314    1.18681e-14    2.33592e-209    1.41277e-11    0.00685802    0.00685802 
0.206314    1.24401e-314    1.18678e-14    1.20654e-209    1.41271e-11    0.00688568    0.00688568 
0.206031    4.6037e-315    1.18676e-14    6.2317e-210    1.41265e-11    0.00691311    0.00691311 
0.205748    1.69693e-315    1.18673e-14    3.20584e-210    1.4126e-11    0.00691311    0.00691311 
0.205466    6.27947e-316    1.18671e-14    1.6557e-210    1.41254e-11    0.0069403    0.0069403 
0.205185    2.32359e-316    1.18668e-14    8.55062e-211    1.41248e-11    0.00696724    0.00696724 
0.204905    8.56469e-317    1.18666e-14    4.39875e-211    1.41242e-11    0.00696724    0.00696724 
0.204625    3.16901e-317    1.18663e-14    2.27154e-211    1.41236e-11    0.00699393    0.00699393 
0.204346    1.17248e-317    1.18661e-14    1.17297e-211    1.4123e-11    0.00702035    0.00702035 
0.204068    4.32165e-318    1.18659e-14    6.03415e-212    1.41224e-11    0.00702035    0.00702035 
0.203791    1.59903e-318    1.18656e-14    3.11571e-212    1.41219e-11    0.0070465    0.0070465 
0.203515    5.91584e-319    1.18654e-14    1.6087e-212    1.41213e-11    0.00707237    0.00707237 
0.203239    2.18051e-319    1.18651e-14    8.27561e-213    1.41207e-11    0.00707237    0.00707237 
0.202964    8.08094e-320    1.18649e-14    4.27261e-213    1.41202e-11    0.00709797    0.00709797 
0.202689    2.99206e-320    1.18646e-14    2.20578e-213    1.41196e-11    0.0071233    0.0071233 
0.202416    1.11017e-320    1.18644e-14    1.13471e-213    1.4119e-11    0.0071233    0.0071233 
0.202143    4.0958e-321    1.18642e-14    5.85771e-214    1.41185e-11    0.00714835    0.00714835 
0.201871    1.49702e-321    1.18639e-14    3.02377e-214    1.41179e-11    0.00717313    0.00717313 
0.2016    3.7549e-322    1.18637e-14    1.55549e-214    1.41173e-11    0.00717313    0.00717313 
0.201329    3.7549e-322    1.18635e-14    8.02907e-215    1.41168e-11    0.00719764    0.00719764 
0.201059    0    1.18632e-14    4.14421e-215    1.41162e-11    0.00722189    0.00722189 
0.20079    0    1.1863e-14    2.13184e-215    1.41157e-11    0.00722189    0.00722189 
0.200522    0    1.18628e-14    1.1003e-215    1.41151e-11    0.0072459    0.0072459 
0.200254    0    1.18625e-14    5.66006e-216    1.41146e-11    0.0072459    0.0072459 
0.199987    0    1.18623e-14    2.92115e-216    1.4114e-11    0.00726966    0.00726966 
0.199721    0    1.18621e-14    1.50753e-216    1.41135e-11    0.0072932    0.0072932 
0.199455    0    1.18619e-14    7.75489e-217    1.4113e-11    0.0072932    0.0072932 
0.19919    0    1.18616e-14    4.00193e-217    1.41124e-11    0.00731652    0.00731652 
0.198926    0    1.18614e-14    2.06512e-217    1.41119e-11    0.00733965    0.00733965 
0.198662    0    1.18612e-14    1.06231e-217    1.41114e-11    0.00733965    0.00733965 
0.1984    0    1.1861e-14    5.48162e-218    1.41108e-11    0.00736259    0.00736259 
0.198137    0    1.18607e-14    2.82848e-218    1.41103e-11    0.00738536    0.00738536 
0.197876    0    1.18605e-14    1.45497e-218    1.41098e-11    0.00738536    0.00738536 
0.197615    0    1.18603e-14    7.5073e-219    1.41092e-11    0.00740799    0.00740799 
0.197355    0    1.18601e-14    3.87347e-219    1.41087e-11    0.0074305    0.0074305 
0.197096    0    1.18598e-14    1.9925e-219    1.41082e-11    0.0074305    0.0074305 
0.196837    0    1.18596e-14    1.02802e-219    1.41077e-11    0.0074529    0.0074529 
0.196579    0    1.18594e-14    5.28808e-220    1.41071e-11    0.0074529    0.0074529 
0.196322    0    1.18592e-14    2.7283e-220    1.41066e-11    0.00747522    0.00747522 
0.196065    0    1.1859e-14    1.40759e-220    1.41061e-11    0.00749748    0.00749748 
0.195809    0    1.18588e-14    7.24051e-221    1.41056e-11    0.00749748    0.00749748 
0.195554    0    1.18585e-14    3.73548e-221    1.41051e-11    0.00751972    0.00751972 
0.195299    0    1.18583e-14    1.92716e-221    1.41046e-11    0.00754194    0.00754194 
0.195045    0    1.18581e-14    9.91305e-222    1.41041e-11    0.00754194    0.00754194 
0.194792    0    1.18579e-14    5.11416e-222    1.41036e-11    0.00756419    0.00756419 
0.19454    0    1.18577e-14    2.63064e-222    1.41031e-11    0.00756419    0.00756419 
0.194288    0    1.18575e-14    1.35714e-222    1.41026e-11    0.00758647    0.00758647 
0.194036    0    1.18573e-14    7.00145e-223    1.41021e-11    0.00760884    0.00760884 
0.193785    0    1.18571e-14    3.6014e-223    1.41016e-11    0.00760884    0.00760884 
0.193535    0    1.18568e-14    1.85795e-223    1.41011e-11    0.0076313    0.0076313 
0.193286    0    1.18566e-14    9.58517e-224    1.41006e-11    0.00765389    0.00765389 
0.193037    0    1.18564e-14    4.93038e-224    1.41001e-11    0.00765389    0.00765389 
0.192789    0    1.18562e-14    2.5436e-224    1.40996e-11    0.00767664    0.00767664 
0.192542    0    1.1856e-14    1.30836e-224    1.40991e-11    0.00767664    0.00767664 
0.192295    0    1.18558e-14    6.74992e-225    1.40986e-11    0.00769957    0.00769957 
0.192049    0    1.18556e-14    3.4824e-225    1.40981e-11    0.00772272    0.00772272 
0.191803    0    1.18554e-14    1.79124e-225    1.40976e-11    0.00772272    0.00772272 
0.191558    0    1.18552e-14    9.24146e-226    1.40971e-11    0.0077461    0.0077461 
0.191314    0    1.1855e-14    4.76801e-226    1.40967e-11    0.00776976    0.00776976 
0.19107    0    1.18548e-14    2.4525e-226    1.40962e-11    0.00776976    0.00776976 
0.190827    0    1.18546e-14    1.26537e-226    1.40957e-11    0.0077937    0.0077937 
0.190584    0    1.18544e-14    6.50858e-227    1.40952e-11    0.0077937    0.0077937 
0.190342    0    1.18542e-14    3.35819e-227    1.40947e-11    0.00781797    0.00781797 
0.190101    0    1.1854e-14    1.73276e-227    1.40943e-11    0.00784258    0.00784258 
0.189861    0    1.18538e-14    8.9126e-228    1.40938e-11    0.00784258    0.00784258 
0.189621    0    1.18536e-14    4.59887e-228    1.40933e-11    0.00786757    0.00786757 
0.189381    0    1.18534e-14    2.36546e-228    1.40929e-11    0.00786757    0.00786757 
0.189142    0    1.18532e-14    1.22061e-228    1.40924e-11    0.00789296    0.00789296 
0.188904    0    1.1853e-14    6.29881e-229    1.40919e-11    0.00791877    0.00791877 
0.188666    0    1.18528e-14    3.23981e-229    1.40915e-11    0.00791877    0.00791877 
0.188429    0    1.18526e-14    1.67193e-229    1.4091e-11    0.00794502    0.00794502 
0.188193    0    1.18524e-14    8.59957e-230    1.40905e-11    0.00794502    0.00794502 
0.187957    0    1.18522e-14    4.43806e-230    1.40901e-11    0.00797174    0.00797174 
0.187722    0    1.1852e-14    2.2905e-230    1.40896e-11    0.00799894    0.00799894 
0.187487    0    1.18518e-14    1.17811e-230    1.40892e-11    0.00799894    0.00799894 
0.187253    0    1.18517e-14    6.08056e-231    1.40887e-11    0.00802666    0.00802666 
0.18702    0    1.18515e-14    3.1275e-231    1.40883e-11    0.00802666    0.00802666 
0.186787    0    1.18513e-14    1.61427e-231    1.40878e-11    0.0080549    0.0080549 
0.186554    0    1.18511e-14    8.33255e-232    1.40874e-11    0.00808369    0.00808369 
0.186323    0    1.18509e-14    4.28577e-232    1.40869e-11    0.00808369    0.00808369 
0.186092    0    1.18507e-14    2.21235e-232    1.40865e-11    0.00811303    0.00811303 
0.185861    0    1.18505e-14    1.1379e-232    1.4086e-11    0.00811303    0.00811303 
0.185631    0    1.18503e-14    5.8742e-233    1.40856e-11    0.00814296    0.00814296 
0.185401    0    1.18502e-14    3.03264e-233    1.40852e-11    0.00817346    0.00817346 
0.185173    0    1.185e-14    1.55979e-233    1.40847e-11    0.00817346    0.00817346 
0.184944    0    1.18498e-14    8.05307e-234    1.40843e-11    0.00820457    0.00820457 
0.184716    0    1.18496e-14    4.14196e-234    1.40838e-11    0.00820457    0.00820457 
0.184489    0    1.18494e-14    2.13858e-234    1.40834e-11    0.00823629    0.00823629 
0.184263    0    1.18492e-14    1.10425e-234    1.4083e-11    0.00826863    0.00826863 
0.184036    0    1.18491e-14    5.6795e-235    1.40825e-11    0.00826863    0.00826863 
0.183811    0    1.18489e-14    2.93277e-235    1.40821e-11    0.00830159    0.00830159 
0.183586    0    1.18487e-14    1.5084e-235    1.40817e-11    0.00830159    0.00830159 
0.183361    0    1.18485e-14    7.78949e-236    1.40813e-11    0.00833518    0.00833518 
0.183138    0    1.18483e-14    4.02278e-236    1.40808e-11    0.00836941    0.00836941 
0.182914    0    1.18482e-14    2.06901e-236    1.40804e-11    0.00836941    0.00836941 
0.182691    0    1.1848e-14    1.06857e-236    1.408e-11    0.00840426    0.00840426 
0.182469    0    1.18478e-14    5.49588e-237    1.40796e-11    0.00840426    0.00840426 
0.182247    0    1.18476e-14    2.83858e-237    1.40792e-11    0.00843975    0.00843975 
0.182026    0    1.18475e-14    1.46618e-237    1.40787e-11    0.00847587    0.00847587 
0.181806    0    1.18473e-14    7.54084e-238    1.40783e-11    0.00847587    0.00847587 
0.181586    0    1.18471e-14    3.89519e-238    1.40779e-11    0.00851262    0.00851262 
0.181366    0    1.18469e-14    2.00336e-238    1.40775e-11    0.00851262    0.00851262 
0.181147    0    1.18468e-14    1.03488e-238    1.40771e-11    0.00854999    0.00854999 
0.180928    0    1.18466e-14    5.32252e-239    1.40767e-11    0.00854999    0.00854999 
0.18071    0    1.18464e-14    2.7496e-239    1.40763e-11    0.00858797    0.00858797 
0.180493    0    1.18462e-14    1.4205e-239    1.40759e-11    0.00862655    0.00862655 
0.180276    0    1.18461e-14    7.30577e-240    1.40755e-11    0.00862655    0.00862655 
0.18006    0    1.18459e-14    3.77448e-240    1.40751e-11    0.00866571    0.00866571 
0.179844    0    1.18457e-14    1.94124e-240    1.40747e-11    0.00866571    0.00866571 
0.179628    0    1.18456e-14    1.00297e-240    1.40743e-11    0.00870545    0.00870545 
0.179413    0    1.18454e-14    5.15835e-241    1.40739e-11    0.00870545    0.00870545 
0.179199    0    1.18452e-14    2.66524e-241    1.40735e-11    0.00874575    0.00874575 
0.178985    0    1.18451e-14    1.37714e-241    1.40731e-11    0.00878659    0.00878659 
0.178772    0    1.18449e-14    7.08267e-242    1.40727e-11    0.00878659    0.00878659 
0.178559    0    1.18447e-14    3.65977e-242    1.40723e-11    0.00882794    0.00882794 
0.178347    0    1.18446e-14    1.88222e-242    1.40719e-11    0.00882794    0.00882794 
0.178135    0    1.18444e-14    9.72611e-243    1.40715e-11    0.00886978    0.00886978 
0.177924    0    1.18442e-14    5.02598e-243    1.40711e-11    0.0089121    0.0089121 
0.177713    0    1.18441e-14    2.58485e-243    1.40707e-11    0.0089121    0.0089121 
0.177502    0    1.18439e-14    1.33575e-243    1.40703e-11    0.00895486    0.00895486 
0.177293    0    1.18438e-14    6.8697e-244    1.407e-11    0.00895486    0.00895486 
0.177083    0    1.18436e-14    3.55008e-244    1.40696e-11    0.00899803    0.00899803 
0.176874    0    1.18434e-14    1.82578e-244    1.40692e-11    0.00899803    0.00899803 
0.176666    0    1.18433e-14    9.43527e-245    1.40688e-11    0.00904159    0.00904159 
0.176458    0    1.18431e-14    4.87603e-245    1.40684e-11    0.0090855    0.0090855 
0.176251    0    1.1843e-14    2.50769e-245    1.40681e-11    0.0090855    0.0090855 
0.176044    0    1.18428e-14    1.29595e-245    1.40677e-11    0.00912972    0.00912972 
0.175838    0    1.18426e-14    6.66492e-246    1.40673e-11    0.00912972    0.00912972 
0.175632    0    1.18425e-14    3.44439e-246    1.40669e-11    0.00917423    0.00917423 
0.175426    0    1.18423e-14    1.7714e-246    1.40666e-11    0.00917423    0.00917423 
0.175221    0    1.18422e-14    9.15444e-247    1.40662e-11    0.00921898    0.00921898 
0.175017    0    1.1842e-14    4.70797e-247    1.40658e-11    0.00921898    0.00921898 
0.174813    0    1.18419e-14    2.43303e-247    1.40655e-11    0.00926394    0.00926394 
0.174609    0    1.18417e-14    1.25736e-247    1.40651e-11    0.00930907    0.00930907 
0.174406    0    1.18416e-14    6.46633e-248    1.40647e-11    0.00930907    0.00930907 
0.174204    0    1.18414e-14    3.34166e-248    1.40644e-11    0.00935433    0.00935433 
0.174002    0    1.18412e-14    1.71854e-248    1.4064e-11    0.00935433    0.00935433 
0.1738    0    1.18411e-14    8.88089e-249    1.40637e-11    0.00939966    0.00939966 
0.173599    0    1.18409e-14    4.56722e-249    1.40633e-11    0.00939966    0.00939966 
0.173398    0    1.18408e-14    2.36015e-249    1.40629e-11    0.00944504    0.00944504 
0.173198    0    1.18406e-14    1.21959e-249    1.40626e-11    0.00949041    0.00949041 
0.172998    0    1.18405e-14    6.27202e-250    1.40622e-11    0.00949041    0.00949041 
0.172799    0    1.18403e-14    3.24092e-250    1.40619e-11    0.00953574    0.00953574 
0.1726    0    1.18402e-14    1.66671e-250    1.40615e-11    0.00953574    0.00953574 
0.172402    0    1.18401e-14    8.61204e-251    1.40612e-11    0.00958097    0.00958097 
0.172204    0    1.18399e-14    4.4289e-251    1.40608e-11    0.00958097    0.00958097 
0.172006    0    1.18398e-14    2.28836e-251    1.40605e-11    0.00962606    0.00962606 
0.171809    0    1.18396e-14    1.17682e-251    1.40601e-11    0.00962606    0.00962606 
0.171613    0    1.18395e-14    6.08023e-252    1.40598e-11    0.00967096    0.00967096 
0.171416    0    1.18393e-14    3.12685e-252    1.40594e-11    0.00967096    0.00967096 
0.171221    0    1.18392e-14    1.61545e-252    1.40591e-11    0.00971564    0.00971564 
0.171026    0    1.1839e-14    8.34562e-253    1.40588e-11    0.00976004    0.00976004 
0.170831    0    1.18389e-14    4.29183e-253    1.40584e-11    0.00976004    0.00976004 
0.170636    0    1.18387e-14    2.21709e-253    1.40581e-11    0.00980412    0.00980412 
0.170442    0    1.18386e-14    1.14016e-253    1.40577e-11    0.00980412    0.00980412 
0.170249    0    1.18385e-14    5.88949e-254    1.40574e-11    0.00984783    0.00984783 
0.170056    0    1.18383e-14    3.02871e-254    1.40571e-11    0.00984783    0.00984783 
0.169863    0    1.18382e-14    1.56439e-254    1.40567e-11    0.00989114    0.00989114 
0.169671    0    1.1838e-14    8.04493e-255    1.40564e-11    0.00989114    0.00989114 
0.169479    0    1.18379e-14    4.15507e-255    1.40561e-11    0.009934    0.009934 
0.169288    0    1.18378e-14    2.14587e-255    1.40557e-11    0.00997637    0.00997637 
0.169097    0    1.18376e-14    1.10352e-255    1.40554e-11    0.00997637    0.00997637 
0.168907    0    1.18375e-14    5.69866e-256    1.40551e-11    0.0100182    0.0100182 
0.168717    0    1.18373e-14    2.93054e-256    1.40548e-11    0.0100182    0.0100182 
0.168527    0    1.18372e-14    1.51324e-256    1.40544e-11    0.0100595    0.0100595 
0.168338    0    1.18371e-14    7.78179e-257    1.40541e-11    0.0100595    0.0100595 
0.168149    0    1.18369e-14    4.01794e-257    1.40538e-11    0.0101001    0.0101001 
0.167961    0    1.18368e-14    2.06621e-257    1.40535e-11    0.0101001    0.0101001 
0.167773    0    1.18367e-14    1.06675e-257    1.40531e-11    0.0101402    0.0101402 
0.167586    0    1.18365e-14    5.48572e-258    1.40528e-11    0.0101402    0.0101402 
0.167399    0    1.18364e-14    2.83194e-258    1.40525e-11    0.0101795    0.0101795 
0.167212    0    1.18363e-14    1.4563e-258    1.40522e-11    0.0101795    0.0101795 
0.167026    0    1.18361e-14    7.51737e-259    1.40519e-11    0.0102182    0.0102182 
0.16684    0    1.1836e-14    3.88009e-259    1.40515e-11    0.0102561    0.0102561 
0.166655    0    1.18359e-14    1.9953e-259    1.40512e-11    0.0102561    0.0102561 
0.16647    0    1.18357e-14    1.02978e-259    1.40509e-11    0.0102933    0.0102933 
0.166285    0    1.18356e-14    5.29551e-260    1.40506e-11    0.0102933    0.0102933 
0.166101    0    1.18355e-14    2.73278e-260    1.40503e-11    0.0103297    0.0103297 
0.165917    0    1.18353e-14    1.4053e-260    1.405e-11    0.0103297    0.0103297 
0.165734    0    1.18352e-14    7.25145e-261    1.40497e-11    0.0103654    0.0103654 
0.165551    0    1.18351e-14    3.72894e-261    1.40494e-11    0.0103654    0.0103654 
0.165368    0    1.18349e-14    1.92399e-261    1.4049e-11    0.0104002    0.0104002 
0.165186    0    1.18348e-14    9.89376e-262    1.40487e-11    0.0104002    0.0104002 
0.165005    0    1.18347e-14    5.10432e-262    1.40484e-11    0.0104342    0.0104342 
0.164823    0    1.18345e-14    2.6248e-262    1.40481e-11    0.0104342    0.0104342 
0.164642    0    1.18344e-14    1.35404e-262    1.40478e-11    0.0104674    0.0104674 
0.164462    0    1.18343e-14    6.96287e-263    1.40475e-11    0.0104674    0.0104674 
0.164282    0    1.18342e-14    3.59157e-263    1.40472e-11    0.0104998    0.0104998 
0.164102    0    1.1834e-14    1.85242e-263    1.40469e-11    0.0105313    0.0105313 
0.163923    0    1.18339e-14    9.52564e-264    1.40466e-11    0.0105313    0.0105313 
0.163744    0    1.18338e-14    4.9126e-264    1.40463e-11    0.010562    0.010562 
0.163565    0    1.18337e-14    2.52618e-264    1.4046e-11    0.010562    0.010562 
0.163387    0    1.18335e-14    1.30269e-264    1.40457e-11    0.0105919    0.0105919 
0.163209    0    1.18334e-14    6.69873e-265    1.40454e-11    0.0105919    0.0105919 
0.163032    0    1.18333e-14    3.45408e-265    1.40451e-11    0.0106209    0.0106209 
0.162855    0    1.18332e-14    1.77616e-265    1.40448e-11    0.0106209    0.0106209 
0.162678    0    1.1833e-14    9.15765e-266    1.40445e-11    0.0106492    0.0106492 
0.162502    0    1.18329e-14    4.70903e-266    1.40442e-11    0.0106492    0.0106492 
0.162326    0    1.18328e-14    2.42771e-266    1.40439e-11    0.0106766    0.0106766 
0.16215    0    1.18327e-14    1.24837e-266    1.40436e-11    0.0106766    0.0106766 
0.161975    0    1.18325e-14    6.43535e-267    1.40434e-11    0.0107033    0.0107033 
0.161801    0    1.18324e-14    3.30915e-267    1.40431e-11    0.0107033    0.0107033 
0.161626    0    1.18323e-14    1.70574e-267    1.40428e-11    0.0107293    0.0107293 
0.161452    0    1.18322e-14    8.77113e-268    1.40425e-11    0.0107293    0.0107293 
0.161279    0    1.1832e-14    4.52082e-268    1.40422e-11    0.0107545    0.0107545 
0.161105    0    1.18319e-14    2.32466e-268    1.40419e-11    0.0107545    0.0107545 
0.160933    0    1.18318e-14    1.19809e-268    1.40416e-11    0.010779    0.010779 
0.16076    0    1.18317e-14    6.16067e-269    1.40413e-11    0.010779    0.010779 
0.160588    0    1.18316e-14    3.17488e-269    1.4041e-11    0.0108029    0.0108029 
0.160416    0    1.18314e-14    1.63605e-269    1.40408e-11    0.0108261    0.0108261 
0.160245    0    1.18313e-14    8.41269e-270    1.40405e-11    0.0108261    0.0108261 
0.160074    0    1.18312e-14    4.33489e-270    1.40402e-11    0.0108487    0.0108487 
0.159903    0    1.18311e-14    2.22902e-270    1.40399e-11    0.0108487    0.0108487 
0.159733    0    1.1831e-14    1.1485e-270    1.40396e-11    0.0108707    0.0108707 
0.159563    0    1.18308e-14    5.90562e-271    1.40394e-11    0.0108707    0.0108707 
0.159393    0    1.18307e-14    3.04269e-271    1.40391e-11    0.0108922    0.0108922 
0.159224    0    1.18306e-14    1.56456e-271    1.40388e-11    0.0108922    0.0108922 
0.159055    0    1.18305e-14    8.06049e-272    1.40385e-11    0.0109132    0.0109132 
0.158887    0    1.18304e-14    4.1447e-272    1.40382e-11    0.0109132    0.0109132 
0.158719    0    1.18303e-14    2.13522e-272    1.4038e-11    0.0109338    0.0109338 
0.158551    0    1.18301e-14    1.09792e-272    1.40377e-11    0.0109338    0.0109338 
0.158383    0    1.183e-14    5.65591e-273    1.40374e-11    0.010954    0.010954 
0.158216    0    1.18299e-14    2.90825e-273    1.40371e-11    0.010954    0.010954 
0.15805    0    1.18298e-14    1.49811e-273    1.40369e-11    0.0109738    0.0109738 
0.157883    0    1.18297e-14    7.70322e-274    1.40366e-11    0.0109738    0.0109738 
0.157717    0    1.18296e-14    3.96799e-274    1.40363e-11    0.0109933    0.0109933 
0.157551    0    1.18294e-14    2.04031e-274    1.4036e-11    0.0109933    0.0109933 
0.157386    0    1.18293e-14    1.05095e-274    1.40358e-11    0.0110125    0.0110125 
0.157221    0    1.18292e-14    5.40389e-275    1.40355e-11    0.0110125    0.0110125 
0.157057    0    1.18291e-14    2.78343e-275    1.40352e-11    0.0110316    0.0110316 
0.156892    0    1.1829e-14    1.43121e-275    1.4035e-11    0.0110316    0.0110316 
0.156728    0    1.18289e-14    7.37172e-276    1.40347e-11    0.0110505    0.0110505 
0.156565    0    1.18288e-14    3.79045e-276    1.40344e-11    0.0110505    0.0110505 
0.156401    0    1.18287e-14    1.95231e-276    1.40342e-11    0.0110692    0.0110692 
0.156239    0    1.18285e-14    1.00385e-276    1.40339e-11    0.0110692    0.0110692 
0.156076    0    1.18284e-14    5.17036e-277    1.40336e-11    0.0110879    0.0110879 
0.155914    0    1.18283e-14    2.65852e-277    1.40334e-11    0.0110879    0.0110879 
0.155752    0    1.18282e-14    1.36927e-277    1.40331e-11    0.0111066    0.0111066 
0.15559    0    1.18281e-14    7.04055e-278    1.40328e-11    0.0111066    0.0111066 
0.155429    0    1.1828e-14    3.62622e-278    1.40326e-11    0.0111253    0.0111253 
0.155268    0    1.18279e-14    1.86454e-278    1.40323e-11    0.0111253    0.0111253 
0.155108    0    1.18278e-14    9.60328e-279    1.4032e-11    0.0111441    0.0111441 
0.154947    0    1.18277e-14    4.93781e-279    1.40318e-11    0.0111441    0.0111441 
0.154787    0    1.18275e-14    2.54323e-279    1.40315e-11    0.011163    0.011163 
0.154628    0    1.18274e-14    1.30767e-279    1.40313e-11    0.011163    0.011163 
0.154469    0    1.18273e-14    6.73526e-280    1.4031e-11    0.0111821    0.0111821 
0.15431    0    1.18272e-14    3.46311e-280    1.40307e-11    0.0111821    0.0111821 
0.154151    0    1.18271e-14    1.78372e-280    1.40305e-11    0.0112015    0.0112015 
0.153993    0    1.1827e-14    9.17145e-281    1.40302e-11    0.0112015    0.0112015 
0.153835    0    1.18269e-14    4.72398e-281    1.403e-11    0.0112211    0.0112211 
0.153677    0    1.18268e-14    2.42894e-281    1.40297e-11    0.0112211    0.0112211 
0.15352    0    1.18267e-14    1.25111e-281    1.40295e-11    0.011241    0.011241 
0.153363    0    1.18266e-14    6.43285e-282    1.40292e-11    0.011241    0.011241 
0.153206    0    1.18265e-14    3.31355e-282    1.4029e-11    0.0112613    0.0112613 
0.15305    0    1.18264e-14    1.70373e-282    1.40287e-11    0.0112613    0.0112613 
0.152894    0    1.18262e-14    8.77615e-283    1.40284e-11    0.011282    0.011282 
0.152738    0    1.18261e-14    4.51242e-283    1.40282e-11    0.011282    0.011282 
0.152583    0    1.1826e-14    2.32448e-283    1.40279e-11    0.0113031    0.0113031 
0.152428    0    1.18259e-14    1.19517e-283    1.40277e-11    0.0113031    0.0113031 
0.152273    0    1.18258e-14    6.15691e-284    1.40274e-11    0.0113247    0.0113247 
0.152119    0    1.18257e-14    3.16567e-284    1.40272e-11    0.0113247    0.0113247 
0.151964    0    1.18256e-14    1.63085e-284    1.40269e-11    0.0113469    0.0113469 
0.151811    0    1.18255e-14    8.38526e-285    1.40267e-11    0.0113469    0.0113469 
0.151657    0    1.18254e-14    4.32e-285    1.40265e-11    0.0113696    0.0113696 
0.151504    0    1.18253e-14    2.22118e-285    1.40262e-11    0.0113696    0.0113696 
0.151351    0    1.18252e-14    1.14438e-285    1.4026e-11    0.0113928    0.0113928 
0.151198    0    1.18251e-14    5.88395e-286    1.40257e-11    0.0113928    0.0113928 
0.151046    0    1.1825e-14    3.03163e-286    1.40255e-11    0.0114167    0.0114167 
0.150894    0    1.18249e-14    1.55874e-286    1.40252e-11    0.0114167    0.0114167 
0.150743    0    1.18248e-14    8.03161e-287    1.4025e-11    0.0114413    0.0114413 
0.150591    0    1.18247e-14    4.12951e-287    1.40247e-11    0.0114413    0.0114413 
0.15044    0    1.18246e-14    2.12321e-287    1.40245e-11    0.0114413    0.0114413 
0.150289    0    1.18245e-14    1.09407e-287    1.40243e-11    0.0114665    0.0114665 
0.150139    0    1.18244e-14    5.6252e-288    1.4024e-11    0.0114665    0.0114665 
