100    0.00181279    0.00181279    0.00181279    0.00181279    0.00181279    0.00181279    0.00181279    0.00181279    0.00181279    0.00181279    0.0026822    0.0026822 
33.7838    0.000706285    0.000706285    0.000706285    0.000706285    0.000706285    0.000706285    0.000706285    0.000706285    0.000706285    0.000706285    0.00298834    0.00298834 
20.3252    0.000183974    0.000183974    0.000183974    0.000183974    0.000183974    0.000183974    0.000183974    0.000183974    0.000183974    0.000183974    0.00313579    0.00313579 
14.5349    3.9804e-05    3.9804e-05    3.9804e-05    3.9804e-05    3.9804e-05    3.9804e-05    3.9804e-05    3.9804e-05    3.9804e-05    3.9804e-05    0.00319244    0.00319244 
11.3122    7.79553e-06    7.79553e-06    7.79553e-06    7.79553e-06    7.79553e-06    7.79553e-06    7.79553e-06    7.79553e-06    7.79553e-06    7.79553e-06    0.00321428    0.00321428 
9.25926    1.43611e-06    1.43611e-06    1.43611e-06    1.43611e-06    1.43611e-06    1.43611e-06    1.43611e-06    1.43611e-06    1.43611e-06    1.43611e-06    0.00322322    0.00322322 
7.83699    2.5388e-07    2.5388e-07    2.5388e-07    2.5388e-07    2.5388e-07    2.5388e-07    2.5388e-07    2.5388e-07    2.5388e-07    2.5388e-07    0.00322813    0.00322813 
6.79348    4.35632e-08    4.48177e-08    4.35632e-08    4.35664e-08    4.35632e-08    4.35759e-08    4.35632e-08    4.35631e-08    4.35632e-08    4.35632e-08    0.00323204    0.00323204 
5.9952    7.30744e-09    8.79997e-09    7.30744e-09    7.3117e-09    7.30744e-09    7.32401e-09    7.30744e-09    7.30747e-09    7.30744e-09    7.30759e-09    0.003236    0.003236 
5.36481    1.20409e-09    2.6419e-09    1.20409e-09    1.20947e-09    1.20409e-09    1.2248e-09    1.20409e-09    1.20414e-09    1.20409e-09    1.2043e-09    0.00324038    0.00324038 
4.85437    1.95553e-10    1.36133e-09    1.95553e-10    2.02144e-10    1.95553e-10    2.19681e-10    1.95553e-10    1.95629e-10    1.95553e-10    1.9581e-10    0.00324516    0.00324516 
4.43262    3.13823e-11    9.47581e-10    3.13823e-11    3.91328e-11    3.13823e-11    5.51222e-11    3.13823e-11    3.15181e-11    3.13823e-11    3.16917e-11    0.00325047    0.00325047 
4.0783    4.98585e-12    7.53922e-10    4.98585e-12    1.34216e-11    4.98585e-12    2.43441e-11    4.98585e-12    5.23177e-12    4.98585e-12    5.34155e-12    0.0032562    0.0032562 
3.77644    7.85381e-13    6.42174e-10    7.85381e-13    9.25893e-12    7.85381e-13    1.5671e-11    7.85381e-13    1.03256e-12    7.85381e-13    1.14561e-12    0.0032624    0.0032624 
3.51617    1.22811e-13    5.69471e-10    1.22811e-13    8.38661e-12    1.22811e-13    1.19507e-11    1.22811e-13    2.72408e-13    1.22811e-13    4.23602e-13    0.00326917    0.00326917 
3.28947    1.90805e-14    5.18402e-10    1.90805e-14    8.09335e-12    1.90805e-14    9.90341e-12    1.90805e-14    9.16518e-14    1.90805e-14    2.47796e-13    0.00327625    0.00327625 
3.09023    2.94777e-15    4.80569e-10    2.94777e-15    7.94123e-12    2.94777e-15    8.60869e-12    2.94777e-15    3.64757e-14    2.94777e-15    1.80138e-13    0.00328372    0.00328372 
2.91375    4.53127e-16    4.5142e-10    4.53127e-16    7.83766e-12    4.53127e-16    7.71618e-12    4.53127e-16    1.64187e-14    4.53127e-16    1.45037e-13    0.00329151    0.00329151 
2.75634    6.93479e-17    4.28279e-10    6.93479e-17    7.75665e-12    6.93479e-17    7.06377e-12    6.93479e-17    8.14248e-15    6.93479e-17    1.23582e-13    0.00329984    0.00329984 
2.61506    1.05714e-17    4.09464e-10    1.05714e-17    7.68889e-12    1.05714e-17    6.56614e-12    1.05714e-17    4.3712e-15    1.05714e-17    1.09115e-13    0.00330866    0.00330866 
2.48756    1.60558e-18    3.93869e-10    1.60558e-18    7.6303e-12    1.60558e-18    6.17412e-12    1.60558e-18    2.50733e-15    1.60558e-18    9.87006e-14    0.00331757    0.00331757 
2.37192    2.43062e-19    3.80734e-10    2.43062e-19    7.57867e-12    2.43062e-19    5.85736e-12    2.43062e-19    1.5212e-15    2.43062e-19    9.08469e-14    0.00332682    0.00332682 
2.26655    3.66868e-20    3.69522e-10    3.66868e-20    7.53262e-12    3.66868e-20    5.59614e-12    3.66868e-20    9.68316e-16    3.66868e-20    8.47136e-14    0.00333638    0.00333638 
2.17014    5.52219e-21    3.59841e-10    5.52219e-21    7.49121e-12    5.52219e-21    5.37705e-12    5.52219e-21    6.42456e-16    5.52219e-21    7.97921e-14    0.00334616    0.00334616 
2.0816    8.29111e-22    3.51398e-10    8.29111e-22    7.45372e-12    8.29111e-22    5.19069e-12    8.29111e-22    4.4189e-16    8.29111e-22    7.5756e-14    0.0033561    0.0033561 
2    1.24191e-22    3.43968e-10    1.24191e-22    7.4196e-12    1.24191e-22    5.03018e-12    1.24191e-22    3.13617e-16    1.24191e-22    7.2385e-14    0.00336613    0.00336613 
1.92678    1.9676e-23    3.37576e-10    1.9676e-23    7.38933e-12    1.9676e-23    4.89465e-12    1.9676e-23    2.31003e-16    1.9676e-23    6.96112e-14    0.00337617    0.00337617 
1.85874    3.11126e-24    3.31853e-10    3.11126e-24    7.36149e-12    3.11126e-24    4.77524e-12    3.11126e-24    1.74134e-16    3.11126e-24    6.72208e-14    0.00338614    0.00338614 
1.79533    4.91154e-25    3.267e-10    4.91154e-25    7.33578e-12    4.91154e-25    4.66927e-12    4.91154e-25    1.34002e-16    4.91154e-25    6.51396e-14    0.00339659    0.00339659 
1.73611    7.74012e-26    3.22037e-10    7.74012e-26    7.31198e-12    7.74012e-26    4.57459e-12    7.74012e-26    1.05042e-16    7.74012e-26    6.33116e-14    0.00340687    0.00340687 
1.68067    1.21801e-26    3.17797e-10    1.21801e-26    7.28987e-12    1.21801e-26    4.48951e-12    1.21801e-26    8.3721e-17    1.21801e-26    6.16934e-14    0.00341759    0.00341759 
1.62866    1.91371e-27    3.13925e-10    1.91371e-27    7.26929e-12    1.91371e-27    4.41263e-12    1.91371e-27    6.77352e-17    1.91371e-27    6.02509e-14    0.00342803    0.00342803 
1.57978    3.00294e-28    3.10376e-10    3.00294e-28    7.25009e-12    3.00294e-28    4.34283e-12    3.00294e-28    5.55505e-17    3.00294e-28    5.89572e-14    0.00343885    0.00343885 
1.53374    4.70544e-29    3.07112e-10    4.70544e-29    7.23212e-12    4.70544e-29    4.27919e-12    4.70544e-29    4.61226e-17    4.70544e-29    5.77904e-14    0.00344929    0.00344929 
1.49031    7.36474e-30    3.041e-10    7.36474e-30    7.21528e-12    7.36474e-30    4.22093e-12    7.36474e-30    3.87271e-17    7.36474e-30    5.67328e-14    0.00346005    0.00346005 
1.44928    1.15119e-30    3.01311e-10    1.15119e-30    7.19947e-12    1.15119e-30    4.1674e-12    1.15119e-30    3.28525e-17    1.15119e-30    5.57699e-14    0.00347033    0.00347033 
1.41044    1.79759e-31    2.98723e-10    1.79759e-31    7.18459e-12    1.79759e-31    4.11805e-12    1.79759e-31    2.81318e-17    1.79759e-31    5.48896e-14    0.00348089    0.00348089 
1.37363    2.8042e-32    2.96314e-10    2.8042e-32    7.17057e-12    2.8042e-32    4.07241e-12    2.8042e-32    2.4298e-17    2.8042e-32    5.40817e-14    0.0034917    0.0034917 
1.33869    4.37047e-33    2.94067e-10    4.37047e-33    7.15733e-12    4.37047e-33    4.03008e-12    4.37047e-33    2.11537e-17    4.37047e-33    5.33378e-14    0.00350277    0.00350277 
1.30548    6.80389e-34    2.91965e-10    6.80389e-34    7.14481e-12    6.80389e-34    3.99072e-12    6.80389e-34    1.85514e-17    6.80389e-34    5.26504e-14    0.00351322    0.00351322 
1.27389    1.05833e-34    2.89996e-10    1.05833e-34    7.13295e-12    1.05833e-34    3.95402e-12    1.05833e-34    1.63794e-17    1.05833e-34    5.20136e-14    0.00352386    0.00352386 
1.24378    1.64445e-35    2.88148e-10    1.64445e-35    7.12171e-12    1.64445e-35    3.91973e-12    1.64445e-35    1.45525e-17    1.64445e-35    5.14219e-14    0.0035338    0.0035338 
1.21507    2.55319e-36    2.86409e-10    2.55319e-36    7.11104e-12    2.55319e-36    3.88762e-12    2.55319e-36    1.30045e-17    2.55319e-36    5.08707e-14    0.00354389    0.00354389 
1.18765    3.9612e-37    2.8477e-10    3.9612e-37    7.10089e-12    3.9612e-37    3.85749e-12    3.9612e-37    1.1684e-17    3.9612e-37    5.0356e-14    0.00355414    0.00355414 
1.16144    6.14131e-38    2.83223e-10    6.14131e-38    7.09124e-12    6.14131e-38    3.82917e-12    6.14131e-38    1.05504e-17    6.14131e-38    4.98744e-14    0.00356454    0.00356454 
1.13636    9.51482e-39    2.81761e-10    9.51482e-39    7.08203e-12    9.51482e-39    3.80249e-12    9.51482e-39    9.57137e-18    9.51482e-39    4.94228e-14    0.00357507    0.00357507 
1.11235    1.47278e-39    2.80377e-10    1.47278e-39    7.07326e-12    1.47278e-39    3.77732e-12    1.47278e-39    8.7212e-18    1.47278e-39    4.89984e-14    0.00358477    0.00358477 
1.08932    2.27826e-40    2.79064e-10    2.27826e-40    7.06487e-12    2.27826e-40    3.75354e-12    2.27826e-40    7.97905e-18    2.27826e-40    4.8599e-14    0.00359457    0.00359457 
1.06724    3.52214e-41    2.77818e-10    3.52214e-41    7.05686e-12    3.52214e-41    3.73103e-12    3.52214e-41    7.32801e-18    3.52214e-41    4.82223e-14    0.00360446    0.00360446 
1.04603    5.44196e-42    2.76634e-10    5.44196e-42    7.04919e-12    5.44196e-42    3.7097e-12    5.44196e-42    6.75426e-18    5.44196e-42    4.78665e-14    0.00361445    0.00361445 
1.02564    8.40116e-43    2.75506e-10    8.40116e-43    7.04185e-12    8.40116e-43    3.68945e-12    8.40116e-43    6.24641e-18    8.40116e-43    4.753e-14    0.00362351    0.00362351 
1.00604    1.29661e-43    2.74432e-10    1.29661e-43    7.03481e-12    1.29661e-43    3.67021e-12    1.29661e-43    5.79505e-18    1.29661e-43    4.72112e-14    0.00363366    0.00363366 
0.987167    1.99954e-44    2.73407e-10    1.99954e-44    7.02806e-12    1.99954e-44    3.65191e-12    1.99954e-44    5.39234e-18    1.99954e-44    4.69087e-14    0.00364286    0.00364286 
0.968992    3.08199e-45    2.72429e-10    3.08199e-45    7.02157e-12    3.08199e-45    3.63447e-12    3.08199e-45    5.03171e-18    3.08199e-45    4.66214e-14    0.00365212    0.00365212 
0.951475    4.74677e-46    2.71493e-10    4.74677e-46    7.01534e-12    4.74677e-46    3.61784e-12    4.74677e-46    4.70764e-18    4.74677e-46    4.63481e-14    0.00366039    0.00366039 
0.934579    7.30941e-47    2.70598e-10    7.30941e-47    7.00935e-12    7.30941e-47    3.60196e-12    7.30941e-47    4.41547e-18    7.30941e-47    4.60879e-14    0.00366975    0.00366975 
0.918274    1.12504e-47    2.69741e-10    1.12504e-47    7.00359e-12    1.12504e-47    3.58679e-12    1.12504e-47    4.15122e-18    1.12504e-47    4.58398e-14    0.00367915    0.00367915 
0.902527    1.73037e-48    2.6892e-10    1.73037e-48    6.99803e-12    1.73037e-48    3.57228e-12    1.73037e-48    3.91153e-18    1.73037e-48    4.5603e-14    0.00368755    0.00368755 
0.887311    2.66027e-49    2.68131e-10    2.66027e-49    6.99269e-12    2.66027e-49    3.55838e-12    2.66027e-49    3.69349e-18    2.66027e-49    4.53768e-14    0.00369597    0.00369597 
0.8726    4.08818e-50    2.67374e-10    4.08818e-50    6.98753e-12    4.08818e-50    3.54506e-12    4.08818e-50    3.49461e-18    4.08818e-50    4.51604e-14    0.00370443    0.00370443 
0.858369    6.28003e-51    2.66647e-10    6.28003e-51    6.98255e-12    6.28003e-51    3.53229e-12    6.28003e-51    3.31275e-18    6.28003e-51    4.49533e-14    0.00371291    0.00371291 
0.844595    9.66533e-52    2.65948e-10    9.66533e-52    6.97774e-12    9.66533e-52    3.52003e-12    9.66533e-52    3.14609e-18    9.66533e-52    4.4755e-14    0.00372994    0.00372994 
0.831255    1.48732e-52    2.65276e-10    1.48732e-52    6.97311e-12    1.48732e-52    3.50827e-12    1.48732e-52    2.99315e-18    1.48732e-52    4.4565e-14    0.00374788    0.00374788 
0.818331    2.28563e-53    2.64629e-10    2.28563e-53    6.96864e-12    2.28563e-53    3.49697e-12    2.28563e-53    2.85247e-18    2.28563e-53    4.43829e-14    0.00376221    0.00376221 
0.805802    3.51072e-54    2.64007e-10    3.51072e-54    6.96431e-12    3.51072e-54    3.48611e-12    3.51072e-54    2.72273e-18    3.51072e-54    4.4208e-14    0.0037761    0.0037761 
0.793651    5.38491e-55    2.63407e-10    5.38491e-55    6.96013e-12    5.38491e-55    3.47566e-12    5.38491e-55    2.60279e-18    5.38491e-55    4.40401e-14    0.00378604    0.00378604 
0.781861    8.25374e-56    2.62828e-10    8.25374e-56    6.95608e-12    8.25374e-56    3.46559e-12    8.25374e-56    2.49168e-18    8.25374e-56    4.38785e-14    0.00379457    0.00379457 
0.770416    1.26456e-56    2.6227e-10    1.26456e-56    6.95216e-12    1.26456e-56    3.45588e-12    1.26456e-56    2.38853e-18    1.26456e-56    4.3723e-14    0.00380273    0.00380273 
0.759301    1.9372e-57    2.6173e-10    1.9372e-57    6.94836e-12    1.9372e-57    3.44651e-12    1.9372e-57    2.2926e-18    1.9372e-57    4.35732e-14    0.00381166    0.00381166 
0.748503    2.96803e-58    2.61208e-10    2.96803e-58    6.94468e-12    2.96803e-58    3.43747e-12    2.96803e-58    2.20325e-18    2.96803e-58    4.34288e-14    0.0038223    0.0038223 
0.738007    4.54865e-59    2.60704e-10    4.54865e-59    6.94111e-12    4.54865e-59    3.42874e-12    4.54865e-59    2.11991e-18    4.54865e-59    4.32896e-14    0.00383516    0.00383516 
0.727802    6.97288e-60    2.60216e-10    6.97288e-60    6.93765e-12    6.97288e-60    3.42031e-12    6.97288e-60    2.04207e-18    6.97288e-60    4.31553e-14    0.00385021    0.00385021 
0.717875    1.06838e-60    2.59745e-10    1.06838e-60    6.93429e-12    1.06838e-60    3.41217e-12    1.06838e-60    1.96927e-18    1.06838e-60    4.30257e-14    0.00386446    0.00386446 
0.708215    1.63782e-61    2.59288e-10    1.63782e-61    6.93104e-12    1.63782e-61    3.4043e-12    1.63782e-61    1.90109e-18    1.63782e-61    4.29007e-14    0.0038819    0.0038819 
0.698812    2.50845e-62    2.58846e-10    2.50845e-62    6.92787e-12    2.50845e-62    3.39669e-12    2.50845e-62    1.83715e-18    2.50845e-62    4.27798e-14    0.00389682    0.00389682 
0.689655    3.84244e-63    2.58418e-10    3.84244e-63    6.92481e-12    3.84244e-63    3.38932e-12    3.84244e-63    1.7771e-18    3.84244e-63    4.26631e-14    0.0039134    0.0039134 
0.680735    5.87899e-64    2.58004e-10    5.87899e-64    6.92182e-12    5.87899e-64    3.38219e-12    5.87899e-64    1.72062e-18    5.87899e-64    4.25502e-14    0.00392645    0.00392645 
0.672043    8.98989e-65    2.57602e-10    8.98989e-65    6.91893e-12    8.98989e-65    3.37528e-12    8.98989e-65    1.66742e-18    8.98989e-65    4.24409e-14    0.00393831    0.00393831 
0.66357    1.37399e-65    2.57211e-10    1.37399e-65    6.91611e-12    1.37399e-65    3.36859e-12    1.37399e-65    1.61723e-18    1.37399e-65    4.23351e-14    0.00394913    0.00394913 
0.655308    2.09911e-66    2.56832e-10    2.09911e-66    6.91336e-12    2.09911e-66    3.36209e-12    2.09911e-66    1.56984e-18    2.09911e-66    4.22325e-14    0.0039593    0.0039593 
0.647249    3.20611e-67    2.56464e-10    3.20611e-67    6.9107e-12    3.20611e-67    3.35579e-12    3.20611e-67    1.52502e-18    3.20611e-67    4.21331e-14    0.0039694    0.0039694 
0.639386    4.89643e-68    2.56107e-10    4.89643e-68    6.9081e-12    4.89643e-68    3.34967e-12    4.89643e-68    1.48259e-18    4.89643e-68    4.20367e-14    0.00398004    0.00398004 
0.631712    7.47833e-69    2.55759e-10    7.47833e-69    6.90556e-12    7.47833e-69    3.34372e-12    7.47833e-69    1.44239e-18    7.47833e-69    4.19431e-14    0.00399179    0.00399179 
0.62422    1.14235e-69    2.55421e-10    1.14235e-69    6.9031e-12    1.14235e-69    3.33795e-12    1.14235e-69    1.40427e-18    1.14235e-69    4.18523e-14    0.00400506    0.00400506 
0.616903    1.74535e-70    2.55093e-10    1.74535e-70    6.9007e-12    1.74535e-70    3.33234e-12    1.74535e-70    1.36808e-18    1.74535e-70    4.17641e-14    0.00402005    0.00402005 
0.609756    2.66526e-71    2.54773e-10    2.66526e-71    6.89835e-12    2.66526e-71    3.32689e-12    2.66526e-71    1.3337e-18    2.66526e-71    4.16785e-14    0.0040338    0.0040338 
0.602773    4.07319e-72    2.54462e-10    4.07319e-72    6.89607e-12    4.07319e-72    3.32159e-12    4.07319e-72    1.30102e-18    4.07319e-72    4.15954e-14    0.00405155    0.00405155 
0.595948    6.22008e-73    2.5416e-10    6.22008e-73    6.89385e-12    6.22008e-73    3.31643e-12    6.22008e-73    1.26993e-18    6.22008e-73    4.15146e-14    0.00406705    0.00406705 
0.589275    9.50451e-74    2.53865e-10    9.50451e-74    6.89168e-12    9.50451e-74    3.31142e-12    9.50451e-74    1.24033e-18    9.50451e-74    4.14361e-14    0.00408593    0.00408593 
0.582751    1.45084e-74    2.53578e-10    1.45084e-74    6.88957e-12    1.45084e-74    3.30655e-12    1.45084e-74    1.21211e-18    1.45084e-74    4.13598e-14    0.00410147    0.00410147 
0.576369    2.21392e-75    2.53299e-10    2.21392e-75    6.8875e-12    2.21392e-75    3.3018e-12    2.21392e-75    1.18519e-18    2.21392e-75    4.12856e-14    0.00411644    0.00411644 
0.570125    3.37924e-76    2.53027e-10    3.37924e-76    6.88549e-12    3.37924e-76    3.29718e-12    3.37924e-76    1.1595e-18    3.37924e-76    4.12134e-14    0.00413326    0.00413326 
0.564016    5.15207e-77    2.52762e-10    5.15207e-77    6.88353e-12    5.15207e-77    3.29268e-12    5.15207e-77    1.13494e-18    5.15207e-77    4.11431e-14    0.00414616    0.00414616 
0.558036    7.85159e-78    2.52503e-10    7.85159e-78    6.88161e-12    7.85159e-78    3.28829e-12    7.85159e-78    1.11144e-18    7.85159e-78    4.10746e-14    0.00415801    0.00415801 
0.552181    1.19609e-78    2.52251e-10    1.19609e-78    6.87973e-12    1.19609e-78    3.28401e-12    1.19609e-78    1.08895e-18    1.19609e-78    4.10079e-14    0.00416895    0.00416895 
0.546448    1.82148e-79    2.52005e-10    1.82148e-79    6.8779e-12    1.82148e-79    3.27984e-12    1.82148e-79    1.06741e-18    1.82148e-79    4.09428e-14    0.00417922    0.00417922 
0.540833    2.77321e-80    2.51764e-10    2.77321e-80    6.87611e-12    2.77321e-80    3.27577e-12    2.77321e-80    1.04674e-18    2.77321e-80    4.08794e-14    0.00418919    0.00418919 
0.535332    4.22163e-81    2.5153e-10    4.22163e-81    6.87435e-12    4.22163e-81    3.2718e-12    4.22163e-81    1.02692e-18    4.22163e-81    4.08175e-14    0.00419925    0.00419925 
0.529942    6.42631e-82    2.513e-10    6.42631e-82    6.87264e-12    6.42631e-82    3.26792e-12    6.42631e-82    1.00788e-18    6.42631e-82    4.07571e-14    0.00420982    0.00420982 
0.524659    9.78285e-83    2.51076e-10    9.78285e-83    6.87096e-12    9.78285e-83    3.26413e-12    9.78285e-83    9.89598e-19    9.78285e-83    4.06982e-14    0.00422127    0.00422127 
0.519481    1.48852e-83    2.50857e-10    1.48852e-83    6.86932e-12    1.48852e-83    3.26042e-12    1.48852e-83    9.72022e-19    1.48852e-83    4.06407e-14    0.00423127    0.00423127 
0.514403    2.2665e-84    2.50643e-10    2.2665e-84    6.86771e-12    2.2665e-84    3.25681e-12    2.2665e-84    9.55123e-19    2.2665e-84    4.05845e-14    0.00424498    0.00424498 
0.509424    3.45172e-85    2.50434e-10    3.45172e-85    6.86614e-12    3.45172e-85    3.25328e-12    3.45172e-85    9.38864e-19    3.45172e-85    4.05297e-14    0.00426009    0.00426009 
0.504541    5.25757e-86    2.50229e-10    5.25757e-86    6.8646e-12    5.25757e-86    3.24983e-12    5.25757e-86    9.23217e-19    5.25757e-86    4.04761e-14    0.00427654    0.00427654 
0.49975    8.00239e-87    2.50029e-10    8.00239e-87    6.8631e-12    8.00239e-87    3.24645e-12    8.00239e-87    9.08151e-19    8.00239e-87    4.04239e-14    0.00429053    0.00429053 
0.49505    1.21905e-87    2.49834e-10    1.21905e-87    6.86162e-12    1.21905e-87    3.24316e-12    1.21905e-87    8.93637e-19    1.21905e-87    4.03728e-14    0.00430878    0.00430878 
0.490436    1.85536e-88    2.49642e-10    1.85536e-88    6.86018e-12    1.85536e-88    3.23994e-12    1.85536e-88    8.7965e-19    1.85536e-88    4.03229e-14    0.00432374    0.00432374 
0.485909    2.8259e-89    2.49455e-10    2.8259e-89    6.85877e-12    2.8259e-89    3.23679e-12    2.8259e-89    8.66162e-19    2.8259e-89    4.02741e-14    0.00434251    0.00434251 
0.481464    4.29958e-90    2.49272e-10    4.29958e-90    6.85738e-12    4.29958e-90    3.23371e-12    4.29958e-90    8.5315e-19    4.29958e-90    4.02264e-14    0.00435731    0.00435731 
0.477099    6.54546e-91    2.49093e-10    6.54546e-91    6.85603e-12    6.54546e-91    3.23069e-12    6.54546e-91    8.4059e-19    6.54546e-91    4.01798e-14    0.00437518    0.00437518 
0.472813    9.95337e-92    2.48918e-10    9.95337e-92    6.8547e-12    9.95337e-92    3.22775e-12    9.95337e-92    8.28459e-19    9.95337e-92    4.01342e-14    0.00438876    0.00438876 
0.468604    1.5131e-92    2.48746e-10    1.5131e-92    6.8534e-12    1.5131e-92    3.22486e-12    1.5131e-92    8.16736e-19    1.5131e-92    4.00896e-14    0.00440157    0.00440157 
0.464468    2.29948e-93    2.48578e-10    2.29948e-93    6.85212e-12    2.29948e-93    3.22203e-12    2.29948e-93    8.05401e-19    2.29948e-93    4.00459e-14    0.00441355    0.00441355 
0.460405    3.49559e-94    2.48413e-10    3.49559e-94    6.85087e-12    3.49559e-94    3.21927e-12    3.49559e-94    7.94434e-19    3.49559e-94    4.00032e-14    0.00442739    0.00442739 
0.456413    5.30896e-95    2.48252e-10    5.30896e-95    6.84964e-12    5.30896e-95    3.21656e-12    5.30896e-95    7.83819e-19    5.30896e-95    3.99613e-14    0.00443766    0.00443766 
0.452489    8.06109e-96    2.48094e-10    8.06109e-96    6.84843e-12    8.06109e-96    3.2139e-12    8.06109e-96    7.73538e-19    8.06109e-96    3.99203e-14    0.00444738    0.00444738 
0.448632    1.22376e-96    2.47938e-10    1.22376e-96    6.84725e-12    1.22376e-96    3.21129e-12    1.22376e-96    7.63577e-19    1.22376e-96    3.98802e-14    0.00445678    0.00445678 
0.44484    1.85756e-97    2.47786e-10    1.85756e-97    6.84609e-12    1.85756e-97    3.20874e-12    1.85756e-97    7.53921e-19    1.85756e-97    3.98408e-14    0.0044661    0.0044661 
0.441112    2.81942e-98    2.47637e-10    2.81942e-98    6.84495e-12    2.81942e-98    3.20624e-12    2.81942e-98    7.44558e-19    2.81942e-98    3.98022e-14    0.00447561    0.00447561 
0.437445    4.2793e-99    2.4749e-10    4.2793e-99    6.84383e-12    4.2793e-99    3.20378e-12    4.2793e-99    7.35475e-19    4.2793e-99    3.97643e-14    0.00448557    0.00448557 
0.433839    6.49543e-100    2.47347e-10    6.49543e-100    6.84273e-12    6.49543e-100    3.20137e-12    6.49543e-100    7.26662e-19    6.49543e-100    3.97272e-14    0.00449624    0.00449624 
0.430293    9.86019e-101    2.47205e-10    9.86019e-101    6.84165e-12    9.86019e-101    3.19901e-12    9.86019e-101    7.18107e-19    9.86019e-101    3.96908e-14    0.00450783    0.00450783 
0.426803    1.49699e-101    2.47067e-10    1.49699e-101    6.84058e-12    1.49699e-101    3.19669e-12    1.49699e-101    7.09802e-19    1.49699e-101    3.96552e-14    0.00452049    0.00452049 
0.42337    2.27311e-102    2.46931e-10    2.27311e-102    6.83954e-12    2.27311e-102    3.19441e-12    2.27311e-102    7.01736e-19    2.27311e-102    3.96202e-14    0.00453432    0.00453432 
0.419992    3.45214e-103    2.46798e-10    3.45214e-103    6.83852e-12    3.45214e-103    3.19218e-12    3.45214e-103    6.93902e-19    3.45214e-103    3.95858e-14    0.00454934    0.00454934 
0.416667    5.24346e-104    2.46667e-10    5.24346e-104    6.83751e-12    5.24346e-104    3.18999e-12    5.24346e-104    6.86291e-19    5.24346e-104    3.95522e-14    0.00456547    0.00456547 
0.413394    7.96513e-105    2.46538e-10    7.96513e-105    6.83652e-12    7.96513e-105    3.18784e-12    7.96513e-105    6.78894e-19    7.96513e-105    3.95191e-14    0.00458258    0.00458258 
0.410172    1.20883e-105    2.46412e-10    1.20883e-105    6.83555e-12    1.20883e-105    3.18573e-12    1.20883e-105    6.71705e-19    1.20883e-105    3.94867e-14    0.00459592    0.00459592 
0.407    1.83637e-106    2.46288e-10    1.83637e-106    6.8346e-12    1.83637e-106    3.18367e-12    1.83637e-106    6.64715e-19    1.83637e-106    3.94549e-14    0.00461417    0.00461417 
0.403877    2.78952e-107    2.46167e-10    2.78952e-107    6.83366e-12    2.78952e-107    3.18163e-12    2.78952e-107    6.57917e-19    2.78952e-107    3.94237e-14    0.00463266    0.00463266 
0.400802    4.23686e-108    2.46047e-10    4.23686e-108    6.83274e-12    4.23686e-108    3.17964e-12    4.23686e-108    6.51303e-19    4.23686e-108    3.93931e-14    0.00465103    0.00465103 
0.397772    6.42776e-109    2.4593e-10    6.42776e-109    6.83184e-12    6.42776e-109    3.17768e-12    6.42776e-109    6.44867e-19    6.42776e-109    3.93631e-14    0.00466452    0.00466452 
0.394789    9.75865e-110    2.45815e-10    9.75865e-110    6.83095e-12    9.75865e-110    3.17576e-12    9.75865e-110    6.38601e-19    9.75865e-110    3.93336e-14    0.00468183    0.00468183 
0.39185    1.48109e-110    2.45702e-10    1.48109e-110    6.83008e-12    1.48109e-110    3.17387e-12    1.48109e-110    6.32499e-19    1.48109e-110    3.93046e-14    0.0046981    0.0046981 
0.388954    2.24532e-111    2.4559e-10    2.24532e-111    6.82922e-12    2.24532e-111    3.17201e-12    2.24532e-111    6.26554e-19    2.24532e-111    3.92761e-14    0.00470945    0.00470945 
0.3861    3.4054e-112    2.45481e-10    3.4054e-112    6.82837e-12    3.4054e-112    3.17019e-12    3.4054e-112    6.2076e-19    3.4054e-112    3.92482e-14    0.00472331    0.00472331 
0.383289    5.1595e-113    2.45373e-10    5.1595e-113    6.82754e-12    5.1595e-113    3.1684e-12    5.1595e-113    6.1511e-19    5.1595e-113    3.92207e-14    0.00473268    0.00473268 
0.380518    7.81936e-114    2.45268e-10    7.81936e-114    6.82672e-12    7.81936e-114    3.16663e-12    7.81936e-114    6.09599e-19    7.81936e-114    3.91937e-14    0.00474379    0.00474379 
0.377786    1.18401e-114    2.45164e-10    1.18401e-114    6.82591e-12    1.18401e-114    3.1649e-12    1.18401e-114    6.04221e-19    1.18401e-114    3.91671e-14    0.00475113    0.00475113 
0.375094    1.79315e-115    2.45061e-10    1.79315e-115    6.82512e-12    1.79315e-115    3.16319e-12    1.79315e-115    5.98972e-19    1.79315e-115    3.9141e-14    0.00475972    0.00475972 
0.372439    2.71381e-116    2.4496e-10    2.71381e-116    6.82434e-12    2.71381e-116    3.16151e-12    2.71381e-116    5.93846e-19    2.71381e-116    3.91153e-14    0.0047654    0.0047654 
0.369822    4.10643e-117    2.44861e-10    4.10643e-117    6.82356e-12    4.10643e-117    3.15986e-12    4.10643e-117    5.88839e-19    4.10643e-117    3.909e-14    0.00477058    0.00477058 
0.367242    6.21478e-118    2.44763e-10    6.21478e-118    6.82281e-12    6.21478e-118    3.15823e-12    6.21478e-118    5.83946e-19    6.21478e-118    3.90651e-14    0.00477696    0.00477696 
0.364697    9.40147e-119    2.44667e-10    9.40147e-119    6.82206e-12    9.40147e-119    3.15663e-12    9.40147e-119    5.79164e-19    9.40147e-119    3.90406e-14    0.00478159    0.00478159 
0.362188    1.42261e-119    2.44572e-10    1.42261e-119    6.82132e-12    1.42261e-119    3.15505e-12    1.42261e-119    5.7449e-19    1.42261e-119    3.90164e-14    0.00478789    0.00478789 
0.359712    2.15195e-120    2.44479e-10    2.15195e-120    6.82059e-12    2.15195e-120    3.1535e-12    2.15195e-120    5.69919e-19    2.15195e-120    3.89927e-14    0.00479294    0.00479294 
0.35727    3.2553e-121    2.44387e-10    3.2553e-121    6.81988e-12    3.2553e-121    3.15197e-12    3.2553e-121    5.65449e-19    3.2553e-121    3.89693e-14    0.00479848    0.00479848 
0.354862    4.92468e-122    2.44296e-10    4.92468e-122    6.81917e-12    4.92468e-122    3.15046e-12    4.92468e-122    5.61077e-19    4.92468e-122    3.89462e-14    0.00480465    0.00480465 
0.352485    7.45471e-123    2.44207e-10    7.45471e-123    6.81848e-12    7.45471e-123    3.14898e-12    7.45471e-123    5.568e-19    7.45471e-123    3.89236e-14    0.00481411    0.00481411 
0.35014    1.12807e-123    2.44119e-10    1.12807e-123    6.81779e-12    1.12807e-123    3.14752e-12    1.12807e-123    5.52616e-19    1.12807e-123    3.89012e-14    0.00482227    0.00482227 
0.347826    1.70726e-124    2.44033e-10    1.70726e-124    6.81712e-12    1.70726e-124    3.14608e-12    1.70726e-124    5.48522e-19    1.70726e-124    3.88792e-14    0.00483142    0.00483142 
0.345543    2.58421e-125    2.43947e-10    2.58421e-125    6.81645e-12    2.58421e-125    3.14466e-12    2.58421e-125    5.44517e-19    2.58421e-125    3.88576e-14    0.00484161    0.00484161 
0.343289    3.91218e-126    2.43863e-10    3.91218e-126    6.81579e-12    3.91218e-126    3.14326e-12    3.91218e-126    5.40597e-19    3.91218e-126    3.88362e-14    0.00485284    0.00485284 
0.341064    5.92863e-127    2.4378e-10    5.92863e-127    6.81515e-12    5.92863e-127    3.14188e-12    5.92863e-127    5.36761e-19    5.92863e-127    3.88152e-14    0.00486937    0.00486937 
0.338868    8.97814e-128    2.43699e-10    8.97814e-128    6.81451e-12    8.97814e-128    3.14053e-12    8.97814e-128    5.33006e-19    8.97814e-128    3.87946e-14    0.00488286    0.00488286 
0.3367    1.35975e-128    2.43618e-10    1.35975e-128    6.81388e-12    1.35975e-128    3.13919e-12    1.35975e-128    5.29331e-19    1.35975e-128    3.87742e-14    0.00489716    0.00489716 
0.33456    2.05951e-129    2.43539e-10    2.05951e-129    6.81326e-12    2.05951e-129    3.13788e-12    2.05951e-129    5.25733e-19    2.05951e-129    3.87541e-14    0.00491213    0.00491213 
0.332447    3.11947e-130    2.43461e-10    3.11947e-130    6.81265e-12    3.11947e-130    3.13658e-12    3.11947e-130    5.2221e-19    3.11947e-130    3.87344e-14    0.00492762    0.00492762 
0.33036    4.72496e-131    2.43384e-10    4.72496e-131    6.81205e-12    4.72496e-131    3.13531e-12    4.72496e-131    5.18761e-19    4.72496e-131    3.87149e-14    0.00494343    0.00494343 
0.328299    7.15645e-132    2.43309e-10    7.15645e-132    6.81145e-12    7.15645e-132    3.13405e-12    7.15645e-132    5.15383e-19    7.15645e-132    3.86958e-14    0.00495939    0.00495939 
0.326264    1.08383e-132    2.43234e-10    1.08383e-132    6.81087e-12    1.08383e-132    3.13281e-12    1.08383e-132    5.12073e-19    1.08383e-132    3.86769e-14    0.00497527    0.00497527 
0.324254    1.64124e-133    2.4316e-10    1.64124e-133    6.81029e-12    1.64124e-133    3.13159e-12    1.64124e-133    5.08831e-19    1.64124e-133    3.86583e-14    0.00499089    0.00499089 
0.322269    2.48494e-134    2.43088e-10    2.48494e-134    6.80972e-12    2.48494e-134    3.13039e-12    2.48494e-134    5.05654e-19    2.48494e-134    3.864e-14    0.00500606    0.00500606 
0.320307    3.76164e-135    2.43016e-10    3.76164e-135    6.80916e-12    3.76164e-135    3.12921e-12    3.76164e-135    5.0254e-19    3.76164e-135    3.8622e-14    0.00502061    0.00502061 
0.31837    5.69303e-136    2.42946e-10    5.69303e-136    6.80861e-12    5.69303e-136    3.12804e-12    5.69303e-136    4.99487e-19    5.69303e-136    3.86042e-14    0.00503437    0.00503437 
0.316456    8.61404e-137    2.42877e-10    8.61404e-137    6.80806e-12    8.61404e-137    3.12689e-12    8.61404e-137    4.96493e-19    8.61404e-137    3.85866e-14    0.00504725    0.00504725 
0.314564    1.30305e-137    2.42808e-10    1.30305e-137    6.80752e-12    1.30305e-137    3.12575e-12    1.30305e-137    4.93556e-19    1.30305e-137    3.85693e-14    0.00505915    0.00505915 
0.312695    1.96924e-138    2.4274e-10    1.96924e-138    6.80699e-12    1.96924e-138    3.12463e-12    1.96924e-138    4.90675e-19    1.96924e-138    3.85523e-14    0.00506652    0.00506652 
0.310849    2.97754e-139    2.42674e-10    2.97754e-139    6.80647e-12    2.97754e-139    3.12353e-12    2.97754e-139    4.87847e-19    2.97754e-139    3.85355e-14    0.00507673    0.00507673 
0.309023    4.50098e-140    2.42608e-10    4.50098e-140    6.80595e-12    4.50098e-140    3.12244e-12    4.50098e-140    4.85072e-19    4.50098e-140    3.85189e-14    0.00508594    0.00508594 
0.30722    6.80228e-141    2.42543e-10    6.80228e-141    6.80544e-12    6.80228e-141    3.12136e-12    6.80228e-141    4.82346e-19    6.80228e-141    3.85025e-14    0.00509423    0.00509423 
0.305437    1.0278e-141    2.42479e-10    1.0278e-141    6.80493e-12    1.0278e-141    3.1203e-12    1.0278e-141    4.7967e-19    1.0278e-141    3.84863e-14    0.00510171    0.00510171 
0.303674    1.55269e-142    2.42416e-10    1.55269e-142    6.80444e-12    1.55269e-142    3.11925e-12    1.55269e-142    4.77041e-19    1.55269e-142    3.84704e-14    0.00510852    0.00510852 
0.301932    2.34433e-143    2.42353e-10    2.34433e-143    6.80394e-12    2.34433e-143    3.11822e-12    2.34433e-143    4.74458e-19    2.34433e-143    3.84547e-14    0.00511276    0.00511276 
0.30021    3.54068e-144    2.42291e-10    3.54068e-144    6.80346e-12    3.54068e-144    3.11719e-12    3.54068e-144    4.7192e-19    3.54068e-144    3.84391e-14    0.00511884    0.00511884 
0.298507    5.34711e-145    2.4223e-10    5.34711e-145    6.80298e-12    5.34711e-145    3.11619e-12    5.34711e-145    4.69426e-19    5.34711e-145    3.84238e-14    0.00512473    0.00512473 
0.296824    8.07481e-146    2.4217e-10    8.07481e-146    6.8025e-12    8.07481e-146    3.11519e-12    8.07481e-146    4.66974e-19    8.07481e-146    3.84086e-14    0.00513066    0.00513066 
0.295159    1.2189e-146    2.42111e-10    1.2189e-146    6.80203e-12    1.2189e-146    3.1142e-12    1.2189e-146    4.64563e-19    1.2189e-146    3.83937e-14    0.00513473    0.00513473 
0.293513    1.84069e-147    2.42052e-10    1.84069e-147    6.80157e-12    1.84069e-147    3.11323e-12    1.84069e-147    4.62194e-19    1.84069e-147    3.83789e-14    0.00514117    0.00514117 
0.291886    2.77985e-148    2.41994e-10    2.77985e-148    6.80111e-12    2.77985e-148    3.11227e-12    2.77985e-148    4.59863e-19    2.77985e-148    3.83643e-14    0.00514816    0.00514816 
0.290276    4.19641e-149    2.41937e-10    4.19641e-149    6.80066e-12    4.19641e-149    3.11132e-12    4.19641e-149    4.57572e-19    4.19641e-149    3.83499e-14    0.00515321    0.00515321 
0.288684    6.33847e-150    2.4188e-10    6.33847e-150    6.80021e-12    6.33847e-150    3.11039e-12    6.33847e-150    4.55319e-19    6.33847e-150    3.83357e-14    0.00516148    0.00516148 
0.287109    9.57519e-151    2.41824e-10    9.57519e-151    6.79977e-12    9.57519e-151    3.10946e-12    9.57519e-151    4.53103e-19    9.57519e-151    3.83216e-14    0.00517066    0.00517066 
0.285551    1.4457e-151    2.41769e-10    1.4457e-151    6.79933e-12    1.4457e-151    3.10855e-12    1.4457e-151    4.50923e-19    1.4457e-151    3.83077e-14    0.00517733    0.00517733 
0.28401    2.18445e-152    2.41714e-10    2.18445e-152    6.7989e-12    2.18445e-152    3.10765e-12    2.18445e-152    4.48779e-19    2.18445e-152    3.8294e-14    0.00518818    0.00518818 
0.282486    3.29858e-153    2.4166e-10    3.29858e-153    6.79847e-12    3.29858e-153    3.10675e-12    3.29858e-153    4.46671e-19    3.29858e-153    3.82805e-14    0.00519598    0.00519598 
0.280978    4.98525e-154    2.41607e-10    4.98525e-154    6.79805e-12    4.98525e-154    3.10587e-12    4.98525e-154    4.44597e-19    4.98525e-154    3.82671e-14    0.00520849    0.00520849 
0.279486    7.53532e-155    2.41554e-10    7.53532e-155    6.79763e-12    7.53532e-155    3.105e-12    7.53532e-155    4.42556e-19    7.53532e-155    3.82539e-14    0.00522191    0.00522191 
0.278009    1.13805e-155    2.41502e-10    1.13805e-155    6.79722e-12    1.13805e-155    3.10414e-12    1.13805e-155    4.40549e-19    1.13805e-155    3.82409e-14    0.0052313    0.0052313 
0.276549    1.72042e-156    2.41451e-10    1.72042e-156    6.79681e-12    1.72042e-156    3.1033e-12    1.72042e-156    4.38574e-19    1.72042e-156    3.8228e-14    0.00524594    0.00524594 
0.275103    2.59842e-157    2.414e-10    2.59842e-157    6.79641e-12    2.59842e-157    3.10246e-12    2.59842e-157    4.36631e-19    2.59842e-157    3.82153e-14    0.00525598    0.00525598 
0.273673    3.92826e-158    2.4135e-10    3.92826e-158    6.79601e-12    3.92826e-158    3.10163e-12    3.92826e-158    4.34719e-19    3.92826e-158    3.82027e-14    0.00527133    0.00527133 
0.272257    5.93276e-159    2.413e-10    5.93276e-159    6.79562e-12    5.93276e-159    3.10081e-12    5.93276e-159    4.32838e-19    5.93276e-159    3.81903e-14    0.00528165    0.00528165 
0.270856    8.96834e-160    2.41251e-10    8.96834e-160    6.79523e-12    8.96834e-160    3.1e-12    8.96834e-160    4.30986e-19    8.96834e-160    3.8178e-14    0.00529706    0.00529706 
0.269469    1.3543e-160    2.41203e-10    1.3543e-160    6.79485e-12    1.3543e-160    3.0992e-12    1.3543e-160    4.29163e-19    1.3543e-160    3.81659e-14    0.00530718    0.00530718 
0.268097    2.04681e-161    2.41155e-10    2.04681e-161    6.79447e-12    2.04681e-161    3.09841e-12    2.04681e-161    4.27369e-19    2.04681e-161    3.81539e-14    0.00532195    0.00532195 
0.266738    3.09021e-162    2.41108e-10    3.09021e-162    6.79409e-12    3.09021e-162    3.09763e-12    3.09021e-162    4.25602e-19    3.09021e-162    3.81421e-14    0.00533142    0.00533142 
0.265393    4.6688e-163    2.41061e-10    4.6688e-163    6.79372e-12    4.6688e-163    3.09686e-12    4.6688e-163    4.23863e-19    4.6688e-163    3.81304e-14    0.00534486    0.00534486 
0.264061    7.0468e-164    2.41015e-10    7.0468e-164    6.79335e-12    7.0468e-164    3.0961e-12    7.0468e-164    4.22149e-19    7.0468e-164    3.81188e-14    0.00535324    0.00535324 
0.262743    1.06345e-164    2.40969e-10    1.06345e-164    6.79299e-12    1.06345e-164    3.09535e-12    1.06345e-164    4.20462e-19    1.06345e-164    3.81074e-14    0.00536108    0.00536108 
0.261438    1.60567e-165    2.40924e-10    1.60567e-165    6.79263e-12    1.60567e-165    3.0946e-12    1.60567e-165    4.18799e-19    1.60567e-165    3.80961e-14    0.00537176    0.00537176 
0.260146    2.42229e-166    2.40879e-10    2.42229e-166    6.79228e-12    2.42229e-166    3.09386e-12    2.42229e-166    4.1716e-19    2.42229e-166    3.8085e-14    0.00537811    0.00537811 
0.258866    3.65545e-167    2.40835e-10    3.65545e-167    6.79193e-12    3.65545e-167    3.09313e-12    3.65545e-167    4.15545e-19    3.65545e-167    3.80739e-14    0.00538644    0.00538644 
0.257599    5.51253e-168    2.40792e-10    5.51253e-168    6.79158e-12    5.51253e-168    3.09241e-12    5.51253e-168    4.13953e-19    5.51253e-168    3.8063e-14    0.00539121    0.00539121 
0.256345    8.31183e-169    2.40748e-10    8.31183e-169    6.79123e-12    8.31183e-169    3.0917e-12    8.31183e-169    4.12384e-19    8.31183e-169    3.80522e-14    0.00539536    0.00539536 
0.255102    1.25345e-169    2.40706e-10    1.25345e-169    6.79089e-12    1.25345e-169    3.091e-12    1.25345e-169    4.10836e-19    1.25345e-169    3.80415e-14    0.00540053    0.00540053 
0.253872    1.88936e-170    2.40663e-10    1.88936e-170    6.79056e-12    1.88936e-170    3.0903e-12    1.88936e-170    4.09309e-19    1.88936e-170    3.80309e-14    0.00540333    0.00540333 
0.252653    2.84754e-171    2.40621e-10    2.84754e-171    6.79022e-12    2.84754e-171    3.08961e-12    2.84754e-171    4.07804e-19    2.84754e-171    3.80205e-14    0.00540571    0.00540571 
0.251446    4.29197e-172    2.4058e-10    4.29197e-172    6.78989e-12    4.29197e-172    3.08892e-12    4.29197e-172    4.06318e-19    4.29197e-172    3.80101e-14    0.00540865    0.00540865 
0.25025    6.46736e-173    2.40539e-10    6.46736e-173    6.78957e-12    6.46736e-173    3.08825e-12    6.46736e-173    4.04853e-19    6.46736e-173    3.79999e-14    0.00541033    0.00541033 
0.249066    9.74485e-174    2.40498e-10    9.74485e-174    6.78924e-12    9.74485e-174    3.08758e-12    9.74485e-174    4.03406e-19    9.74485e-174    3.79897e-14    0.00541191    0.00541191 
0.247893    1.46829e-174    2.40458e-10    1.46829e-174    6.78892e-12    1.46829e-174    3.08691e-12    1.46829e-174    4.01979e-19    1.46829e-174    3.79797e-14    0.00541352    0.00541352 
0.246731    2.2127e-175    2.40418e-10    2.2127e-175    6.7886e-12    2.2127e-175    3.08626e-12    2.2127e-175    4.00571e-19    2.2127e-175    3.79697e-14    0.00541627    0.00541627 
0.24558    3.33412e-176    2.40379e-10    3.33412e-176    6.78829e-12    3.33412e-176    3.0856e-12    3.33412e-176    3.9918e-19    3.33412e-176    3.79599e-14    0.00541852    0.00541852 
0.244439    5.02419e-177    2.40339e-10    5.02419e-177    6.78798e-12    5.02419e-177    3.08496e-12    5.02419e-177    3.97808e-19    5.02419e-177    3.79502e-14    0.00542127    0.00542127 
0.243309    7.5716e-178    2.40301e-10    7.5716e-178    6.78767e-12    7.5716e-178    3.08432e-12    7.5716e-178    3.96454e-19    7.5716e-178    3.79405e-14    0.00542467    0.00542467 
0.242189    1.1417e-178    2.40262e-10    1.1417e-178    6.78736e-12    1.1417e-178    3.08369e-12    1.1417e-178    3.95117e-19    1.1417e-178    3.7931e-14    0.00543129    0.00543129 
0.24108    1.72118e-179    2.40225e-10    1.72118e-179    6.78706e-12    1.72118e-179    3.08307e-12    1.72118e-179    3.93798e-19    1.72118e-179    3.79215e-14    0.00543693    0.00543693 
0.239981    2.59524e-180    2.40187e-10    2.59524e-180    6.78676e-12    2.59524e-180    3.08245e-12    2.59524e-180    3.92496e-19    2.59524e-180    3.79122e-14    0.00544372    0.00544372 
0.238892    3.91397e-181    2.4015e-10    3.91397e-181    6.78646e-12    3.91397e-181    3.08184e-12    3.91397e-181    3.91211e-19    3.91397e-181    3.79029e-14    0.00545181    0.00545181 
0.237812    5.90988e-182    2.40113e-10    5.90988e-182    6.78617e-12    5.90988e-182    3.08123e-12    5.90988e-182    3.89943e-19    5.90988e-182    3.78937e-14    0.00546664    0.00546664 
0.236742    8.91846e-183    2.40077e-10    8.91846e-183    6.78588e-12    8.91846e-183    3.08063e-12    8.91846e-183    3.88691e-19    8.91846e-183    3.78847e-14    0.00547852    0.00547852 
0.235682    1.34624e-183    2.40041e-10    1.34624e-183    6.78559e-12    1.34624e-183    3.08004e-12    1.34624e-183    3.87457e-19    1.34624e-183    3.78757e-14    0.00549212    0.00549212 
0.234632    2.03275e-184    2.40005e-10    2.03275e-184    6.78531e-12    2.03275e-184    3.07945e-12    2.03275e-184    3.86238e-19    2.03275e-184    3.78668e-14    0.00550756    0.00550756 
0.23359    3.07031e-185    2.3997e-10    3.07031e-185    6.78502e-12    3.07031e-185    3.07887e-12    3.07031e-185    3.85037e-19    3.07031e-185    3.7858e-14    0.00552494    0.00552494 
0.232558    4.63897e-186    2.39935e-10    4.63897e-186    6.78475e-12    4.63897e-186    3.0783e-12    4.63897e-186    3.83852e-19    4.63897e-186    3.78494e-14    0.00554433    0.00554433 
0.231535    7.01142e-187    2.399e-10    7.01142e-187    6.78447e-12    7.01142e-187    3.07773e-12    7.01142e-187    3.82683e-19    7.01142e-187    3.78408e-14    0.00556583    0.00556583 
0.230521    1.06248e-187    2.39866e-10    1.06248e-187    6.7842e-12    1.06248e-187    3.07717e-12    1.06248e-187    3.8153e-19    1.06248e-187    3.78323e-14    0.00560212    0.00560212 
0.229516    1.60726e-188    2.39832e-10    1.60726e-188    6.78393e-12    1.60726e-188    3.07661e-12    1.60726e-188    3.80394e-19    1.60726e-188    3.78239e-14    0.0056291    0.0056291 
0.228519    2.43222e-189    2.39799e-10    2.43222e-189    6.78366e-12    2.43222e-189    3.07606e-12    2.43222e-189    3.79273e-19    2.43222e-189    3.78156e-14    0.00565834    0.00565834 
0.227531    3.68189e-190    2.39766e-10    3.68189e-190    6.7834e-12    3.68189e-190    3.07552e-12    3.68189e-190    3.78169e-19    3.68189e-190    3.78074e-14    0.00568985    0.00568985 
0.226552    5.57551e-191    2.39734e-10    5.57551e-191    6.78314e-12    5.57551e-191    3.07499e-12    5.57551e-191    3.7708e-19    5.57551e-191    3.77993e-14    0.00572364    0.00572364 
0.225581    8.44582e-192    2.39701e-10    8.44582e-192    6.78288e-12    8.44582e-192    3.07446e-12    8.44582e-192    3.76008e-19    8.44582e-192    3.77913e-14    0.00575969    0.00575969 
0.224618    1.27979e-192    2.3967e-10    1.27979e-192    6.78262e-12    1.27979e-192    3.07393e-12    1.27979e-192    3.74951e-19    1.27979e-192    3.77834e-14    0.00579797    0.00579797 
0.223664    1.93984e-193    2.39638e-10    1.93984e-193    6.78237e-12    1.93984e-193    3.07342e-12    1.93984e-193    3.73909e-19    1.93984e-193    3.77756e-14    0.00583844    0.00583844 
0.222717    2.94115e-194    2.39607e-10    2.94115e-194    6.78212e-12    2.94115e-194    3.07291e-12    2.94115e-194    3.72883e-19    2.94115e-194    3.77679e-14    0.00588103    0.00588103 
0.221779    4.46051e-195    2.39577e-10    4.46051e-195    6.78188e-12    4.46051e-195    3.0724e-12    4.46051e-195    3.71872e-19    4.46051e-195    3.77603e-14    0.00592567    0.00592567 
0.220848    6.7664e-196    2.39546e-10    6.7664e-196    6.78163e-12    6.7664e-196    3.07191e-12    6.7664e-196    3.70876e-19    6.7664e-196    3.77528e-14    0.00597225    0.00597225 
0.219925    1.02666e-196    2.39516e-10    1.02666e-196    6.7814e-12    1.02666e-196    3.07141e-12    1.02666e-196    3.69895e-19    1.02666e-196    3.77454e-14    0.00602068    0.00602068 
0.21901    1.55803e-197    2.39487e-10    1.55803e-197    6.78116e-12    1.55803e-197    3.07093e-12    1.55803e-197    3.68929e-19    1.55803e-197    3.7738e-14    0.00607082    0.00607082 
0.218103    2.36483e-198    2.39458e-10    2.36483e-198    6.78093e-12    2.36483e-198    3.07045e-12    2.36483e-198    3.67978e-19    2.36483e-198    3.77308e-14    0.00612253    0.00612253 
0.217202    3.58987e-199    2.39429e-10    3.58987e-199    6.78069e-12    3.58987e-199    3.06998e-12    3.58987e-199    3.67041e-19    3.58987e-199    3.77237e-14    0.00617567    0.00617567 
0.21631    5.45009e-200    2.39401e-10    5.45009e-200    6.78047e-12    5.45009e-200    3.06951e-12    5.45009e-200    3.66117e-19    5.45009e-200    3.77166e-14    0.00623007    0.00623007 
0.215424    8.27483e-201    2.39373e-10    8.27483e-201    6.78024e-12    8.27483e-201    3.06905e-12    8.27483e-201    3.65208e-19    8.27483e-201    3.77097e-14    0.00628554    0.00628554 
0.214546    1.25641e-201    2.39345e-10    1.25641e-201    6.78002e-12    1.25641e-201    3.0686e-12    1.25641e-201    3.64312e-19    1.25641e-201    3.77028e-14    0.00634192    0.00634192 
0.213675    1.90768e-202    2.39318e-10    1.90768e-202    6.7798e-12    1.90768e-202    3.06815e-12    1.90768e-202    3.6343e-19    1.90768e-202    3.7696e-14    0.006399    0.006399 
0.212811    2.89648e-203    2.39291e-10    2.89648e-203    6.77958e-12    2.89648e-203    3.0677e-12    2.89648e-203    3.62561e-19    2.89648e-203    3.76893e-14    0.00645659    0.00645659 
0.211954    4.39754e-204    2.39264e-10    4.39754e-204    6.77937e-12    4.39754e-204    3.06727e-12    4.39754e-204    3.61704e-19    4.39754e-204    3.76827e-14    0.00651449    0.00651449 
0.211104    6.67594e-205    2.39238e-10    6.67594e-205    6.77916e-12    6.67594e-205    3.06683e-12    6.67594e-205    3.6086e-19    6.67594e-205    3.76762e-14    0.00657251    0.00657251 
0.210261    1.01337e-205    2.39212e-10    1.01337e-205    6.77895e-12    1.01337e-205    3.06641e-12    1.01337e-205    3.60029e-19    1.01337e-205    3.76698e-14    0.00663046    0.00663046 
0.209424    1.53801e-206    2.39186e-10    1.53801e-206    6.77875e-12    1.53801e-206    3.06599e-12    1.53801e-206    3.59209e-19    1.53801e-206    3.76634e-14    0.00668815    0.00668815 
0.208594    2.3339e-207    2.39161e-10    2.3339e-207    6.77854e-12    2.3339e-207    3.06557e-12    2.3339e-207    3.58401e-19    2.3339e-207    3.76571e-14    0.00674541    0.00674541 
0.207771    3.54101e-208    2.39136e-10    3.54101e-208    6.77834e-12    3.54101e-208    3.06516e-12    3.54101e-208    3.57605e-19    3.54101e-208    3.76509e-14    0.00680208    0.00680208 
0.206954    5.37136e-209    2.39111e-10    5.37136e-209    6.77814e-12    5.37136e-209    3.06475e-12    5.37136e-209    3.56819e-19    5.37136e-209    3.76448e-14    0.00685802    0.00685802 
0.206143    8.11376e-210    2.39087e-10    8.11376e-210    6.77795e-12    8.11376e-210    3.06435e-12    8.11376e-210    3.56045e-19    8.11376e-210    3.76387e-14    0.00688568    0.00688568 
0.205339    1.23037e-210    2.39063e-10    1.23037e-210    6.77775e-12    1.23037e-210    3.06395e-12    1.23037e-210    3.55281e-19    1.23037e-210    3.76327e-14    0.0069403    0.0069403 
0.204541    1.8653e-211    2.39039e-10    1.8653e-211    6.77756e-12    1.8653e-211    3.06356e-12    1.8653e-211    3.54528e-19    1.8653e-211    3.76268e-14    0.00699393    0.00699393 
0.203749    2.82723e-212    2.39015e-10    2.82723e-212    6.77737e-12    2.82723e-212    3.06317e-12    2.82723e-212    3.53785e-19    2.82723e-212    3.7621e-14    0.0070465    0.0070465 
0.202963    4.28423e-213    2.38992e-10    4.28423e-213    6.77718e-12    4.28423e-213    3.06279e-12    4.28423e-213    3.53051e-19    4.28423e-213    3.76152e-14    0.00709797    0.00709797 
0.202184    6.49061e-214    2.38969e-10    6.49061e-214    6.777e-12    6.49061e-214    3.06241e-12    6.49061e-214    3.52327e-19    6.49061e-214    3.76095e-14    0.00714835    0.00714835 
0.20141    9.8311e-215    2.38946e-10    9.8311e-215    6.77681e-12    9.8311e-215    3.06204e-12    9.8311e-215    3.51613e-19    9.8311e-215    3.76039e-14    0.00719764    0.00719764 
0.200642    1.48877e-215    2.38923e-10    1.48877e-215    6.77663e-12    1.48877e-215    3.06167e-12    1.48877e-215    3.50907e-19    1.48877e-215    3.75983e-14    0.0072459    0.0072459 
0.19988    2.24679e-216    2.38901e-10    2.24679e-216    6.77645e-12    2.24679e-216    3.0613e-12    2.24679e-216    3.50211e-19    2.24679e-216    3.75927e-14    0.00726966    0.00726966 
0.199124    3.40138e-217    2.38879e-10    3.40138e-217    6.77628e-12    3.40138e-217    3.06094e-12    3.40138e-217    3.49523e-19    3.40138e-217    3.75873e-14    0.00731652    0.00731652 
0.198373    5.14844e-218    2.38857e-10    5.14844e-218    6.7761e-12    5.14844e-218    3.06058e-12    5.14844e-218    3.48844e-19    5.14844e-218    3.75819e-14    0.00736259    0.00736259 
0.197628    7.79168e-219    2.38836e-10    7.79168e-219    6.77593e-12    7.79168e-219    3.06023e-12    7.79168e-219    3.48173e-19    7.79168e-219    3.75765e-14    0.00740799    0.00740799 
0.196889    1.17905e-219    2.38814e-10    1.17905e-219    6.77575e-12    1.17905e-219    3.05987e-12    1.17905e-219    3.47511e-19    1.17905e-219    3.75712e-14    0.0074529    0.0074529 
0.196155    1.77868e-220    2.38793e-10    1.77868e-220    6.77558e-12    1.77868e-220    3.05953e-12    1.77868e-220    3.46856e-19    1.77868e-220    3.7566e-14    0.00747522    0.00747522 
0.195427    2.69112e-221    2.38772e-10    2.69112e-221    6.77541e-12    2.69112e-221    3.05918e-12    2.69112e-221    3.46209e-19    2.69112e-221    3.75608e-14    0.00751972    0.00751972 
0.194704    4.07139e-222    2.38751e-10    4.07139e-222    6.77525e-12    4.07139e-222    3.05884e-12    4.07139e-222    3.4557e-19    4.07139e-222    3.75557e-14    0.00756419    0.00756419 
0.193986    6.15941e-223    2.38731e-10    6.15941e-223    6.77508e-12    6.15941e-223    3.05851e-12    6.15941e-223    3.44938e-19    6.15941e-223    3.75506e-14    0.00760884    0.00760884 
0.193274    9.31825e-224    2.3871e-10    9.31825e-224    6.77492e-12    9.31825e-224    3.05817e-12    9.31825e-224    3.44314e-19    9.31825e-224    3.75456e-14    0.00765389    0.00765389 
0.192567    1.40555e-224    2.3869e-10    1.40555e-224    6.77476e-12    1.40555e-224    3.05784e-12    1.40555e-224    3.43697e-19    1.40555e-224    3.75406e-14    0.00767664    0.00767664 
0.191865    2.12647e-225    2.3867e-10    2.12647e-225    6.7746e-12    2.12647e-225    3.05752e-12    2.12647e-225    3.43087e-19    2.12647e-225    3.75357e-14    0.00772272    0.00772272 
0.191168    3.21737e-226    2.38651e-10    3.21737e-226    6.77444e-12    3.21737e-226    3.05719e-12    3.21737e-226    3.42485e-19    3.21737e-226    3.75308e-14    0.00776976    0.00776976 
0.190476    4.86838e-227    2.38631e-10    4.86838e-227    6.77428e-12    4.86838e-227    3.05687e-12    4.86838e-227    3.41889e-19    4.86838e-227    3.7526e-14    0.00781797    0.00781797 
0.189789    7.34409e-228    2.38612e-10    7.34409e-228    6.77412e-12    7.34409e-228    3.05656e-12    7.34409e-228    3.413e-19    7.34409e-228    3.75212e-14    0.00784258    0.00784258 
0.189107    1.11147e-228    2.38593e-10    1.11147e-228    6.77397e-12    1.11147e-228    3.05624e-12    1.11147e-228    3.40719e-19    1.11147e-228    3.75165e-14    0.00789296    0.00789296 
0.18843    1.68238e-229    2.38574e-10    1.68238e-229    6.77382e-12    1.68238e-229    3.05593e-12    1.68238e-229    3.40144e-19    1.68238e-229    3.75118e-14    0.00794502    0.00794502 
0.187758    2.54698e-230    2.38555e-10    2.54698e-230    6.77367e-12    2.54698e-230    3.05562e-12    2.54698e-230    3.39575e-19    2.54698e-230    3.75072e-14    0.00799894    0.00799894 
0.187091    3.84311e-231    2.38537e-10    3.84311e-231    6.77352e-12    3.84311e-231    3.05532e-12    3.84311e-231    3.39013e-19    3.84311e-231    3.75026e-14    0.00802666    0.00802666 
0.186428    5.81975e-232    2.38518e-10    5.81975e-232    6.77337e-12    5.81975e-232    3.05502e-12    5.81975e-232    3.38458e-19    5.81975e-232    3.7498e-14    0.00808369    0.00808369 
0.18577    8.81486e-233    2.385e-10    8.81486e-233    6.77322e-12    8.81486e-233    3.05472e-12    8.81486e-233    3.3791e-19    8.81486e-233    3.74936e-14    0.00814296    0.00814296 
0.185117    1.33036e-233    2.38482e-10    1.33036e-233    6.77308e-12    1.33036e-233    3.05443e-12    1.33036e-233    3.37367e-19    1.33036e-233    3.74891e-14    0.00817346    0.00817346 
0.184468    2.01566e-234    2.38464e-10    2.01566e-234    6.77293e-12    2.01566e-234    3.05413e-12    2.01566e-234    3.36832e-19    2.01566e-234    3.74847e-14    0.00823629    0.00823629 
0.183824    3.05465e-235    2.38447e-10    3.05465e-235    6.77279e-12    3.05465e-235    3.05384e-12    3.05465e-235    3.36302e-19    3.05465e-235    3.74804e-14    0.00830159    0.00830159 
0.183184    4.61129e-236    2.38429e-10    4.61129e-236    6.77265e-12    4.61129e-236    3.05356e-12    4.61129e-236    3.35779e-19    4.61129e-236    3.74761e-14    0.00833518    0.00833518 
0.182548    6.99046e-237    2.38412e-10    6.99046e-237    6.77251e-12    6.99046e-237    3.05328e-12    6.99046e-237    3.35262e-19    6.99046e-237    3.74718e-14    0.00840426    0.00840426 
0.181917    1.05994e-237    2.38395e-10    1.05994e-237    6.77237e-12    1.05994e-237    3.053e-12    1.05994e-237    3.34751e-19    1.05994e-237    3.74676e-14    0.00847587    0.00847587 
0.181291    1.60045e-238    2.38378e-10    1.60045e-238    6.77224e-12    1.60045e-238    3.05272e-12    1.60045e-238    3.34246e-19    1.60045e-238    3.74634e-14    0.00851262    0.00851262 
0.180668    2.42743e-239    2.38361e-10    2.42743e-239    6.7721e-12    2.42743e-239    3.05245e-12    2.42743e-239    3.33747e-19    2.42743e-239    3.74593e-14    0.00858797    0.00858797 
0.18005    3.68237e-240    2.38345e-10    3.68237e-240    6.77197e-12    3.68237e-240    3.05217e-12    3.68237e-240    3.33254e-19    3.68237e-240    3.74552e-14    0.00866571    0.00866571 
0.179437    5.56128e-241    2.38328e-10    5.56128e-241    6.77184e-12    5.56128e-241    3.05191e-12    5.56128e-241    3.32768e-19    5.56128e-241    3.74512e-14    0.00870545    0.00870545 
0.178827    8.43833e-242    2.38312e-10    8.43833e-242    6.77171e-12    8.43833e-242    3.05164e-12    8.43833e-242    3.32287e-19    8.43833e-242    3.74472e-14    0.00878659    0.00878659 
0.178221    1.28054e-242    2.38296e-10    1.28054e-242    6.77158e-12    1.28054e-242    3.05138e-12    1.28054e-242    3.31811e-19    1.28054e-242    3.74432e-14    0.00886978    0.00886978 
0.17762    1.93419e-243    2.3828e-10    1.93419e-243    6.77145e-12    1.93419e-243    3.05112e-12    1.93419e-243    3.31342e-19    1.93419e-243    3.74393e-14    0.0089121    0.0089121 
0.177022    2.9356e-244    2.38265e-10    2.9356e-244    6.77132e-12    2.9356e-244    3.05086e-12    2.9356e-244    3.30878e-19    2.9356e-244    3.74354e-14    0.00899803    0.00899803 
0.176429    4.45576e-245    2.38249e-10    4.45576e-245    6.7712e-12    4.45576e-245    3.05061e-12    4.45576e-245    3.30419e-19    4.45576e-245    3.74316e-14    0.0090855    0.0090855 
0.17584    6.73048e-246    2.38234e-10    6.73048e-246    6.77107e-12    6.73048e-246    3.05036e-12    6.73048e-246    3.29966e-19    6.73048e-246    3.74278e-14    0.00912972    0.00912972 
0.175254    1.0216e-246    2.38219e-10    1.0216e-246    6.77095e-12    1.0216e-246    3.05011e-12    1.0216e-246    3.29519e-19    1.0216e-246    3.74241e-14    0.00921898    0.00921898 
0.174672    1.5431e-247    2.38204e-10    1.5431e-247    6.77083e-12    1.5431e-247    3.04986e-12    1.5431e-247    3.29076e-19    1.5431e-247    3.74204e-14    0.00926394    0.00926394 
0.174095    2.3421e-248    2.38189e-10    2.3421e-248    6.77071e-12    2.3421e-248    3.04962e-12    2.3421e-248    3.2864e-19    2.3421e-248    3.74167e-14    0.00935433    0.00935433 
0.173521    3.55454e-249    2.38174e-10    3.55454e-249    6.77059e-12    3.55454e-249    3.04938e-12    3.55454e-249    3.28208e-19    3.55454e-249    3.74131e-14    0.00944504    0.00944504 
0.172951    5.3684e-250    2.3816e-10    5.3684e-250    6.77047e-12    5.3684e-250    3.04914e-12    5.3684e-250    3.27781e-19    5.3684e-250    3.74095e-14    0.00949041    0.00949041 
0.172384    8.14596e-251    2.38145e-10    8.14596e-251    6.77036e-12    8.14596e-251    3.0489e-12    8.14596e-251    3.27359e-19    8.14596e-251    3.7406e-14    0.00958097    0.00958097 
0.171821    1.23012e-251    2.38131e-10    1.23012e-251    6.77024e-12    1.23012e-251    3.04867e-12    1.23012e-251    3.26942e-19    1.23012e-251    3.74024e-14    0.00962606    0.00962606 
0.171262    1.86608e-252    2.38117e-10    1.86608e-252    6.77013e-12    1.86608e-252    3.04844e-12    1.86608e-252    3.2653e-19    1.86608e-252    3.7399e-14    0.00971564    0.00971564 
0.170707    2.81749e-253    2.38103e-10    2.81749e-253    6.77002e-12    2.81749e-253    3.04821e-12    2.81749e-253    3.26122e-19    2.81749e-253    3.73955e-14    0.00976004    0.00976004 
0.170155    4.27264e-254    2.38089e-10    4.27264e-254    6.76991e-12    4.27264e-254    3.04798e-12    4.27264e-254    3.25719e-19    4.27264e-254    3.73921e-14    0.00984783    0.00984783 
0.169607    6.47767e-255    2.38076e-10    6.47767e-255    6.76979e-12    6.47767e-255    3.04776e-12    6.47767e-255    3.25321e-19    6.47767e-255    3.73888e-14    0.009934    0.009934 
0.169062    9.77685e-256    2.38062e-10    9.77685e-256    6.76969e-12    9.77685e-256    3.04754e-12    9.77685e-256    3.24927e-19    9.77685e-256    3.73854e-14    0.00997637    0.00997637 
0.16852    1.48159e-256    2.38049e-10    1.48159e-256    6.76958e-12    1.48159e-256    3.04732e-12    1.48159e-256    3.24537e-19    1.48159e-256    3.73821e-14    0.0100595    0.0100595 
0.167983    2.23562e-257    2.38035e-10    2.23562e-257    6.76947e-12    2.23562e-257    3.0471e-12    2.23562e-257    3.24151e-19    2.23562e-257    3.73788e-14    0.0101001    0.0101001 
0.167448    3.38618e-258    2.38022e-10    3.38618e-258    6.76936e-12    3.38618e-258    3.04689e-12    3.38618e-258    3.2377e-19    3.38618e-258    3.73756e-14    0.0101795    0.0101795 
0.166917    5.10813e-259    2.38009e-10    5.10813e-259    6.76926e-12    5.10813e-259    3.04667e-12    5.10813e-259    3.23392e-19    5.10813e-259    3.73724e-14    0.0102182    0.0102182 
0.166389    7.73289e-260    2.37996e-10    7.73289e-260    6.76915e-12    7.73289e-260    3.04646e-12    7.73289e-260    3.23019e-19    7.73289e-260    3.73692e-14    0.0102933    0.0102933 
0.165865    1.16619e-260    2.37984e-10    1.16619e-260    6.76905e-12    1.16619e-260    3.04625e-12    1.16619e-260    3.22649e-19    1.16619e-260    3.73661e-14    0.0103297    0.0103297 
0.165344    1.76444e-261    2.37971e-10    1.76444e-261    6.76895e-12    1.76444e-261    3.04604e-12    1.76444e-261    3.22283e-19    1.76444e-261    3.73629e-14    0.0104002    0.0104002 
0.164826    2.66014e-262    2.37958e-10    2.66014e-262    6.76885e-12    2.66014e-262    3.04584e-12    2.66014e-262    3.2192e-19    2.66014e-262    3.73598e-14    0.0104342    0.0104342 
0.164312    4.02251e-263    2.37946e-10    4.02251e-263    6.76875e-12    4.02251e-263    3.04564e-12    4.02251e-263    3.21561e-19    4.02251e-263    3.73568e-14    0.0104998    0.0104998 
0.1638    6.0627e-264    2.37934e-10    6.0627e-264    6.76865e-12    6.0627e-264    3.04543e-12    6.0627e-264    3.21206e-19    6.0627e-264    3.73537e-14    0.0105313    0.0105313 
0.163292    9.16258e-265    2.37921e-10    9.16258e-265    6.76855e-12    9.16258e-265    3.04523e-12    9.16258e-265    3.20854e-19    9.16258e-265    3.73507e-14    0.0105919    0.0105919 
0.162787    1.38058e-265    2.37909e-10    1.38058e-265    6.76845e-12    1.38058e-265    3.04503e-12    1.38058e-265    3.20505e-19    1.38058e-265    3.73477e-14    0.0106209    0.0106209 
0.162285    2.08537e-266    2.37897e-10    2.08537e-266    6.76835e-12    2.08537e-266    3.04484e-12    2.08537e-266    3.2016e-19    2.08537e-266    3.73448e-14    0.0106766    0.0106766 
0.161786    3.1413e-267    2.37885e-10    3.1413e-267    6.76826e-12    3.1413e-267    3.04464e-12    3.1413e-267    3.19817e-19    3.1413e-267    3.73418e-14    0.0107033    0.0107033 
0.16129    4.7426e-268    2.37873e-10    4.7426e-268    6.76816e-12    4.7426e-268    3.04445e-12    4.7426e-268    3.19478e-19    4.7426e-268    3.73389e-14    0.0107545    0.0107545 
0.160798    7.14224e-269    2.37862e-10    7.14224e-269    6.76806e-12    7.14224e-269    3.04426e-12    7.14224e-269    3.19142e-19    7.14224e-269    3.7336e-14    0.010779    0.010779 
0.160308    1.07783e-269    2.3785e-10    1.07783e-269    6.76797e-12    1.07783e-269    3.04407e-12    1.07783e-269    3.18809e-19    1.07783e-269    3.73332e-14    0.0108261    0.0108261 
0.159821    1.62283e-270    2.37838e-10    1.62283e-270    6.76788e-12    1.62283e-270    3.04388e-12    1.62283e-270    3.18478e-19    1.62283e-270    3.73303e-14    0.0108487    0.0108487 
0.159337    2.44808e-271    2.37827e-10    2.44808e-271    6.76778e-12    2.44808e-271    3.04369e-12    2.44808e-271    3.18151e-19    2.44808e-271    3.73275e-14    0.0108922    0.0108922 
0.158856    3.68526e-272    2.37816e-10    3.68526e-272    6.76769e-12    3.68526e-272    3.0435e-12    3.68526e-272    3.17826e-19    3.68526e-272    3.73247e-14    0.0109132    0.0109132 
0.158378    5.55758e-273    2.37804e-10    5.55758e-273    6.7676e-12    5.55758e-273    3.04332e-12    5.55758e-273    3.17504e-19    5.55758e-273    3.73219e-14    0.010954    0.010954 
0.157903    8.36498e-274    2.37793e-10    8.36498e-274    6.76751e-12    8.36498e-274    3.04313e-12    8.36498e-274    3.17185e-19    8.36498e-274    3.73191e-14    0.0109738    0.0109738 
0.157431    1.2612e-274    2.37782e-10    1.2612e-274    6.76742e-12    1.2612e-274    3.04295e-12    1.2612e-274    3.16868e-19    1.2612e-274    3.73164e-14    0.0110125    0.0110125 
0.156961    1.89809e-275    2.37771e-10    1.89809e-275    6.76733e-12    1.89809e-275    3.04277e-12    1.89809e-275    3.16554e-19    1.89809e-275    3.73137e-14    0.0110316    0.0110316 
0.156495    2.85651e-276    2.3776e-10    2.85651e-276    6.76724e-12    2.85651e-276    3.04259e-12    2.85651e-276    3.16243e-19    2.85651e-276    3.7311e-14    0.0110505    0.0110505 
0.156031    4.30602e-277    2.37749e-10    4.30602e-277    6.76715e-12    4.30602e-277    3.04241e-12    4.30602e-277    3.15934e-19    4.30602e-277    3.73083e-14    0.0110879    0.0110879 
0.155569    6.47995e-278    2.37738e-10    6.47995e-278    6.76707e-12    6.47995e-278    3.04224e-12    6.47995e-278    3.15627e-19    6.47995e-278    3.73056e-14    0.0111066    0.0111066 
0.155111    9.76779e-279    2.37728e-10    9.76779e-279    6.76698e-12    9.76779e-279    3.04206e-12    9.76779e-279    3.15323e-19    9.76779e-279    3.7303e-14    0.0111441    0.0111441 
0.154655    1.4699e-279    2.37717e-10    1.4699e-279    6.76689e-12    1.4699e-279    3.04189e-12    1.4699e-279    3.15022e-19    1.4699e-279    3.73004e-14    0.011163    0.011163 
0.154202    2.21579e-280    2.37706e-10    2.21579e-280    6.76681e-12    2.21579e-280    3.04171e-12    2.21579e-280    3.14723e-19    2.21579e-280    3.72978e-14    0.0112015    0.0112015 
0.153752    3.3345e-281    2.37696e-10    3.3345e-281    6.76672e-12    3.3345e-281    3.04154e-12    3.3345e-281    3.14426e-19    3.3345e-281    3.72952e-14    0.0112211    0.0112211 
0.153304    5.01808e-282    2.37685e-10    5.01808e-282    6.76664e-12    5.01808e-282    3.04137e-12    5.01808e-282    3.14132e-19    5.01808e-282    3.72926e-14    0.011241    0.011241 
0.152858    7.56573e-283    2.37675e-10    7.56573e-283    6.76655e-12    7.56573e-283    3.0412e-12    7.56573e-283    3.1384e-19    7.56573e-283    3.72901e-14    0.011282    0.011282 
0.152416    1.13865e-283    2.37665e-10    1.13865e-283    6.76647e-12    1.13865e-283    3.04103e-12    1.13865e-283    3.1355e-19    1.13865e-283    3.72875e-14    0.0113031    0.0113031 
0.151976    1.71707e-284    2.37655e-10    1.71707e-284    6.76639e-12    1.71707e-284    3.04086e-12    1.71707e-284    3.13263e-19    1.71707e-284    3.7285e-14    0.0113469    0.0113469 
0.151538    2.58446e-285    2.37644e-10    2.58446e-285    6.7663e-12    2.58446e-285    3.0407e-12    2.58446e-285    3.12978e-19    2.58446e-285    3.72825e-14    0.0113696    0.0113696 
0.151103    3.89017e-286    2.37634e-10    3.89017e-286    6.76622e-12    3.89017e-286    3.04053e-12    3.89017e-286    3.12695e-19    3.89017e-286    3.72801e-14    0.0113928    0.0113928 
0.15067    5.86833e-287    2.37624e-10    5.86833e-287    6.76614e-12    5.86833e-287    3.04037e-12    5.86833e-287    3.12415e-19    5.86833e-287    3.72776e-14    0.0114413    0.0114413 
0.15024    8.83426e-288    2.37614e-10    8.83426e-288    6.76606e-12    8.83426e-288    3.04021e-12    8.83426e-288    3.12136e-19    8.83426e-288    3.72752e-14    0.0114665    0.0114665 
0.149813    1.33306e-288    2.37605e-10    1.33306e-288    6.76598e-12    1.33306e-288    3.04005e-12    1.33306e-288    3.1186e-19    1.33306e-288    3.72727e-14    0.011519    0.011519 
0.149388    2.0071e-289    2.37595e-10    2.0071e-289    6.7659e-12    2.0071e-289    3.03989e-12    2.0071e-289    3.11587e-19    2.0071e-289    3.72703e-14    0.0115464    0.0115464 
0.148965    3.02209e-290    2.37585e-10    3.02209e-290    6.76582e-12    3.02209e-290    3.03973e-12    3.02209e-290    3.11315e-19    3.02209e-290    3.72679e-14    0.0115745    0.0115745 
0.148544    4.56222e-291    2.37576e-10    4.56222e-291    6.76575e-12    4.56222e-291    3.03957e-12    4.56222e-291    3.11046e-19    4.56222e-291    3.72656e-14    0.011633    0.011633 
0.148126    6.87045e-292    2.37566e-10    6.87045e-292    6.76567e-12    6.87045e-292    3.03941e-12    6.87045e-292    3.10779e-19    6.87045e-292    3.72632e-14    0.0116635    0.0116635 
0.14771    1.0347e-292    2.37557e-10    1.0347e-292    6.76559e-12    1.0347e-292    3.03926e-12    1.0347e-292    3.10514e-19    1.0347e-292    3.72609e-14    0.0116947    0.0116947 
0.147297    1.56272e-293    2.37547e-10    1.56272e-293    6.76552e-12    1.56272e-293    3.03911e-12    1.56272e-293    3.10251e-19    1.56272e-293    3.72586e-14    0.0117596    0.0117596 
0.146886    2.35385e-294    2.37538e-10    2.35385e-294    6.76544e-12    2.35385e-294    3.03895e-12    2.35385e-294    3.09991e-19    2.35385e-294    3.72563e-14    0.0117932    0.0117932 
0.146477    3.54566e-295    2.37528e-10    3.54566e-295    6.76536e-12    3.54566e-295    3.0388e-12    3.54566e-295    3.09732e-19    3.54566e-295    3.7254e-14    0.0118276    0.0118276 
0.146071    5.35735e-296    2.37519e-10    5.35735e-296    6.76529e-12    5.35735e-296    3.03865e-12    5.35735e-296    3.09476e-19    5.35735e-296    3.72517e-14    0.0118988    0.0118988 
0.145666    8.07106e-297    2.3751e-10    8.07106e-297    6.76522e-12    8.07106e-297    3.0385e-12    8.07106e-297    3.09222e-19    8.07106e-297    3.72495e-14    0.0119355    0.0119355 
0.145264    1.21599e-297    2.37501e-10    1.21599e-297    6.76514e-12    1.21599e-297    3.03835e-12    1.21599e-297    3.0897e-19    1.21599e-297    3.72473e-14    0.011973    0.011973 
0.144865    1.83802e-298    2.37492e-10    1.83802e-298    6.76507e-12    1.83802e-298    3.03821e-12    1.83802e-298    3.0872e-19    1.83802e-298    3.72451e-14    0.0120501    0.0120501 
0.144467    2.76949e-299    2.37483e-10    2.76949e-299    6.765e-12    2.76949e-299    3.03806e-12    2.76949e-299    3.08473e-19    2.76949e-299    3.72429e-14    0.0120896    0.0120896 
0.144071    4.17317e-300    2.37474e-10    4.17317e-300    6.76492e-12    4.17317e-300    3.03791e-12    4.17317e-300    3.08227e-19    4.17317e-300    3.72407e-14    0.0121299    0.0121299 
0.143678    6.30982e-301    2.37466e-10    6.30982e-301    6.76485e-12    6.30982e-301    3.03777e-12    6.30982e-301    3.07984e-19    6.30982e-301    3.72385e-14    0.012212    0.012212 
0.143287    9.50864e-302    2.37457e-10    9.50864e-302    6.76478e-12    9.50864e-302    3.03763e-12    9.50864e-302    3.07742e-19    9.50864e-302    3.72364e-14    0.012254    0.012254 
0.142898    1.43294e-302    2.37448e-10    1.43294e-302    6.76471e-12    1.43294e-302    3.03749e-12    1.43294e-302    3.07503e-19    1.43294e-302    3.72343e-14    0.0122964    0.0122964 
0.142511    2.16704e-303    2.3744e-10    2.16704e-303    6.76464e-12    2.16704e-303    3.03735e-12    2.16704e-303    3.07265e-19    2.16704e-303    3.72321e-14    0.0123827    0.0123827 
0.142126    3.26586e-304    2.37431e-10    3.26586e-304    6.76457e-12    3.26586e-304    3.03721e-12    3.26586e-304    3.0703e-19    3.26586e-304    3.723e-14    0.0124264    0.0124264 
0.141743    4.92184e-305    2.37423e-10    4.92184e-305    6.76451e-12    4.92184e-305    3.03707e-12    4.92184e-305    3.06796e-19    4.92184e-305    3.7228e-14    0.0124704    0.0124704 
0.141363    7.44391e-306    2.37414e-10    7.44391e-306    6.76444e-12    7.44391e-306    3.03693e-12    7.44391e-306    3.06565e-19    7.44391e-306    3.72259e-14    0.0125593    0.0125593 
0.140984    1.12184e-306    2.37406e-10    1.12184e-306    6.76437e-12    1.12184e-306    3.03679e-12    1.12184e-306    3.06336e-19    1.12184e-306    3.72239e-14    0.012604    0.012604 
0.140607    1.69064e-307    2.37398e-10    1.69064e-307    6.7643e-12    1.69064e-307    3.03666e-12    1.69064e-307    3.06108e-19    1.69064e-307    3.72218e-14    0.0126488    0.0126488 
0.140233    2.5478e-308    2.37389e-10    2.5478e-308    6.76424e-12    2.5478e-308    3.03653e-12    2.5478e-308    3.05882e-19    2.5478e-308    3.72198e-14    0.0126937    0.0126937 
0.13986    3.85299e-309    2.37381e-10    3.85299e-309    6.76417e-12    3.85299e-309    3.03639e-12    3.85299e-309    3.05658e-19    3.85299e-309    3.72178e-14    0.0127835    0.0127835 
0.139489    5.80606e-310    2.37373e-10    5.80606e-310    6.7641e-12    5.80606e-310    3.03626e-12    5.80606e-310    3.05436e-19    5.80606e-310    3.72158e-14    0.0128282    0.0128282 
0.139121    8.74883e-311    2.37365e-10    8.74883e-311    6.76404e-12    8.74883e-311    3.03613e-12    8.74883e-311    3.05216e-19    8.74883e-311    3.72139e-14    0.0128728    0.0128728 
0.138754    1.32275e-311    2.37357e-10    1.32275e-311    6.76397e-12    1.32275e-311    3.036e-12    1.32275e-311    3.04998e-19    1.32275e-311    3.72119e-14    0.0129612    0.0129612 
0.138389    1.99293e-312    2.37349e-10    1.99293e-312    6.76391e-12    1.99293e-312    3.03587e-12    1.99293e-312    3.04781e-19    1.99293e-312    3.721e-14    0.0130049    0.0130049 
0.138026    3.00251e-313    2.37342e-10    3.00251e-313    6.76385e-12    3.00251e-313    3.03574e-12    3.00251e-313    3.04567e-19    3.00251e-313    3.72081e-14    0.0130482    0.0130482 
0.137665    4.52325e-314    2.37334e-10    4.52325e-314    6.76378e-12    4.52325e-314    3.03562e-12    4.52325e-314    3.04354e-19    4.52325e-314    3.72061e-14    0.013091    0.013091 
0.137306    6.83546e-315    2.37326e-10    6.83546e-315    6.76372e-12    6.83546e-315    3.03549e-12    6.83546e-315    3.04142e-19    6.83546e-315    3.72042e-14    0.013175    0.013175 
0.136949    1.02955e-315    2.37318e-10    1.02955e-315    6.76366e-12    1.02955e-315    3.03536e-12    1.02955e-315    3.03932e-19    1.02955e-315    3.72024e-14    0.0132161    0.0132161 
0.136593    1.55068e-316    2.37311e-10    1.55068e-316    6.7636e-12    1.55068e-316    3.03524e-12    1.55068e-316    3.03724e-19    1.55068e-316    3.72005e-14    0.0132564    0.0132564 
0.13624    2.33331e-317    2.37303e-10    2.33331e-317    6.76354e-12    2.33331e-317    3.03512e-12    2.33331e-317    3.03518e-19    2.33331e-317    3.71986e-14    0.013296    0.013296 
0.135888    3.54213e-318    2.37296e-10    3.54213e-318    6.76348e-12    3.54213e-318    3.03499e-12    3.54213e-318    3.03313e-19    3.54213e-318    3.71968e-14    0.0133728    0.0133728 
0.135538    5.25044e-319    2.37288e-10    5.25044e-319    6.76341e-12    5.25044e-319    3.03487e-12    5.25044e-319    3.0311e-19    5.25044e-319    3.7195e-14    0.0134098    0.0134098 
0.13519    7.5597e-320    2.37281e-10    7.5597e-320    6.76335e-12    7.5597e-320    3.03475e-12    7.5597e-320    3.02908e-19    7.5597e-320    3.71932e-14    0.0134459    0.0134459 
0.134844    1.5237e-320    2.37274e-10    1.5237e-320    6.7633e-12    1.5237e-320    3.03463e-12    1.5237e-320    3.02708e-19    1.5237e-320    3.71914e-14    0.013481    0.013481 
0.134499    0    2.37266e-10    0    6.76324e-12    0    3.03451e-12    0    3.02509e-19    0    3.71896e-14    0.0135483    0.0135483 
0.134156    0    2.37259e-10    0    6.76318e-12    0    3.03439e-12    0    3.02312e-19    0    3.71878e-14    0.0135801    0.0135801 
0.133815    0    2.37252e-10    0    6.76312e-12    0    3.03428e-12    0    3.02116e-19    0    3.7186e-14    0.0136111    0.0136111 
0.133476    0    2.37245e-10    0    6.76306e-12    0    3.03416e-12    0    3.01921e-19    0    3.71843e-14    0.0136408    0.0136408 
0.133138    0    2.37238e-10    0    6.763e-12    0    3.03404e-12    0    3.01728e-19    0    3.71825e-14    0.0136694    0.0136694 
0.132802    0    2.37231e-10    0    6.76295e-12    0    3.03393e-12    0    3.01536e-19    0    3.71808e-14    0.0137231    0.0137231 
0.132468    0    2.37224e-10    0    6.76289e-12    0    3.03381e-12    0    3.01346e-19    0    3.71791e-14    0.0137482    0.0137482 
0.132135    0    2.37217e-10    0    6.76283e-12    0    3.0337e-12    0    3.01156e-19    0    3.71773e-14    0.0137721    0.0137721 
0.131804    0    2.3721e-10    0    6.76278e-12    0    3.03359e-12    0    3.00969e-19    0    3.71756e-14    0.0137948    0.0137948 
0.131475    0    2.37203e-10    0    6.76272e-12    0    3.03347e-12    0    3.00782e-19    0    3.7174e-14    0.0138367    0.0138367 
0.131148    0    2.37196e-10    0    6.76266e-12    0    3.03336e-12    0    3.00596e-19    0    3.71723e-14    0.0138559    0.0138559 
0.130822    0    2.37189e-10    0    6.76261e-12    0    3.03325e-12    0    3.00412e-19    0    3.71706e-14    0.0138741    0.0138741 
0.130497    0    2.37182e-10    0    6.76255e-12    0    3.03314e-12    0    3.00229e-19    0    3.71689e-14    0.013891    0.013891 
0.130174    0    2.37176e-10    0    6.7625e-12    0    3.03303e-12    0    3.00047e-19    0    3.71673e-14    0.0139069    0.0139069 
0.129853    0    2.37169e-10    0    6.76244e-12    0    3.03292e-12    0    2.99866e-19    0    3.71656e-14    0.0139217    0.0139217 
0.129534    0    2.37162e-10    0    6.76239e-12    0    3.03281e-12    0    2.99686e-19    0    3.7164e-14    0.0139483    0.0139483 
0.129216    0    2.37156e-10    0    6.76234e-12    0    3.0327e-12    0    2.99508e-19    0    3.71624e-14    0.0139602    0.0139602 
0.128899    0    2.37149e-10    0    6.76228e-12    0    3.03259e-12    0    2.9933e-19    0    3.71608e-14    0.0139711    0.0139711 
0.128584    0    2.37143e-10    0    6.76223e-12    0    3.03249e-12    0    2.99154e-19    0    3.71592e-14    0.0139812    0.0139812 
0.128271    0    2.37136e-10    0    6.76218e-12    0    3.03238e-12    0    2.98978e-19    0    3.71576e-14    0.0139905    0.0139905 
0.127959    0    2.3713e-10    0    6.76212e-12    0    3.03228e-12    0    2.98804e-19    0    3.7156e-14    0.0140067    0.0140067 
0.127649    0    2.37123e-10    0    6.76207e-12    0    3.03217e-12    0    2.9863e-19    0    3.71544e-14    0.0140139    0.0140139 
0.12734    0    2.37117e-10    0    6.76202e-12    0    3.03207e-12    0    2.98458e-19    0    3.71528e-14    0.0140203    0.0140203 
0.127033    0    2.3711e-10    0    6.76197e-12    0    3.03196e-12    0    2.98286e-19    0    3.71513e-14    0.0140263    0.0140263 
0.126727    0    2.37104e-10    0    6.76192e-12    0    3.03186e-12    0    2.98116e-19    0    3.71497e-14    0.0140318    0.0140318 
0.126422    0    2.37098e-10    0    6.76187e-12    0    3.03175e-12    0    2.97946e-19    0    3.71482e-14    0.0140367    0.0140367 
0.126119    0    2.37092e-10    0    6.76181e-12    0    3.03165e-12    0    2.97778e-19    0    3.71466e-14    0.0140457    0.0140457 
0.125818    0    2.37085e-10    0    6.76176e-12    0    3.03155e-12    0    2.9761e-19    0    3.71451e-14    0.0140497    0.0140497 
0.125518    0    2.37079e-10    0    6.76171e-12    0    3.03145e-12    0    2.97443e-19    0    3.71436e-14    0.0140535    0.0140535 
0.125219    0    2.37073e-10    0    6.76166e-12    0    3.03135e-12    0    2.97278e-19    0    3.71421e-14    0.0140571    0.0140571 
0.124922    0    2.37067e-10    0    6.76161e-12    0    3.03125e-12    0    2.97113e-19    0    3.71405e-14    0.0140606    0.0140606 
0.124626    0    2.37061e-10    0    6.76156e-12    0    3.03115e-12    0    2.96949e-19    0    3.7139e-14    0.0140642    0.0140642 
0.124332    0    2.37055e-10    0    6.76151e-12    0    3.03105e-12    0    2.96786e-19    0    3.71375e-14    0.0140676    0.0140676 
0.124039    0    2.37048e-10    0    6.76146e-12    0    3.03095e-12    0    2.96623e-19    0    3.71361e-14    0.014075    0.014075 
0.123747    0    2.37042e-10    0    6.76142e-12    0    3.03085e-12    0    2.96462e-19    0    3.71346e-14    0.014079    0.014079 
0.123457    0    2.37036e-10    0    6.76137e-12    0    3.03075e-12    0    2.96301e-19    0    3.71331e-14    0.014083    0.014083 
0.123168    0    2.3703e-10    0    6.76132e-12    0    3.03065e-12    0    2.96142e-19    0    3.71316e-14    0.0140874    0.0140874 
0.12288    0    2.37025e-10    0    6.76127e-12    0    3.03056e-12    0    2.95983e-19    0    3.71302e-14    0.0140921    0.0140921 
0.122594    0    2.37019e-10    0    6.76122e-12    0    3.03046e-12    0    2.95825e-19    0    3.71287e-14    0.0140972    0.0140972 
0.122309    0    2.37013e-10    0    6.76117e-12    0    3.03036e-12    0    2.95668e-19    0    3.71273e-14    0.0141027    0.0141027 
0.122026    0    2.37007e-10    0    6.76113e-12    0    3.03027e-12    0    2.95512e-19    0    3.71259e-14    0.0141087    0.0141087 
0.121743    0    2.37001e-10    0    6.76108e-12    0    3.03017e-12    0    2.95356e-19    0    3.71244e-14    0.0141221    0.0141221 
0.121462    0    2.36995e-10    0    6.76103e-12    0    3.03008e-12    0    2.95202e-19    0    3.7123e-14    0.0141296    0.0141296 
0.121183    0    2.36989e-10    0    6.76098e-12    0    3.02998e-12    0    2.95048e-19    0    3.71216e-14    0.0141376    0.0141376 
0.120904    0    2.36984e-10    0    6.76094e-12    0    3.02989e-12    0    2.94895e-19    0    3.71202e-14    0.0141463    0.0141463 
0.120627    0    2.36978e-10    0    6.76089e-12    0    3.0298e-12    0    2.94743e-19    0    3.71188e-14    0.0141557    0.0141557 
0.120351    0    2.36972e-10    0    6.76084e-12    0    3.0297e-12    0    2.94592e-19    0    3.71174e-14    0.0141657    0.0141657 
0.120077    0    2.36967e-10    0    6.7608e-12    0    3.02961e-12    0    2.94442e-19    0    3.7116e-14    0.0141764    0.0141764 
0.119804    0    2.36961e-10    0    6.76075e-12    0    3.02952e-12    0    2.94292e-19    0    3.71146e-14    0.0141877    0.0141877 
0.119531    0    2.36955e-10    0    6.76071e-12    0    3.02943e-12    0    2.94143e-19    0    3.71132e-14    0.0142    0.0142 
0.119261    0    2.3695e-10    0    6.76066e-12    0    3.02934e-12    0    2.93995e-19    0    3.71119e-14    0.0142264    0.0142264 
0.118991    0    2.36944e-10    0    6.76062e-12    0    3.02925e-12    0    2.93848e-19    0    3.71105e-14    0.0142406    0.0142406 
0.118723    0    2.36939e-10    0    6.76057e-12    0    3.02916e-12    0    2.93702e-19    0    3.71092e-14    0.0142558    0.0142558 
0.118455    0    2.36933e-10    0    6.76053e-12    0    3.02907e-12    0    2.93557e-19    0    3.71078e-14    0.0142717    0.0142717 
0.118189    0    2.36928e-10    0    6.76048e-12    0    3.02898e-12    0    2.93412e-19    0    3.71065e-14    0.0142882    0.0142882 
0.117925    0    2.36922e-10    0    6.76044e-12    0    3.02889e-12    0    2.93268e-19    0    3.71051e-14    0.0143057    0.0143057 
0.117661    0    2.36917e-10    0    6.76039e-12    0    3.0288e-12    0    2.93125e-19    0    3.71038e-14    0.0143237    0.0143237 
0.117398    0    2.36912e-10    0    6.76035e-12    0    3.02871e-12    0    2.92983e-19    0    3.71025e-14    0.0143425    0.0143425 
0.117137    0    2.36906e-10    0    6.76031e-12    0    3.02863e-12    0    2.92841e-19    0    3.71012e-14    0.0143621    0.0143621 
0.116877    0    2.36901e-10    0    6.76026e-12    0    3.02854e-12    0    2.92701e-19    0    3.70999e-14    0.0143824    0.0143824 
0.116618    0    2.36896e-10    0    6.76022e-12    0    3.02845e-12    0    2.92561e-19    0    3.70986e-14    0.0144033    0.0144033 
0.11636    0    2.3689e-10    0    6.76018e-12    0    3.02837e-12    0    2.92422e-19    0    3.70973e-14    0.0144252    0.0144252 
0.116104    0    2.36885e-10    0    6.76014e-12    0    3.02828e-12    0    2.92284e-19    0    3.7096e-14    0.0144704    0.0144704 
0.115848    0    2.3688e-10    0    6.76009e-12    0    3.0282e-12    0    2.92146e-19    0    3.70947e-14    0.0144939    0.0144939 
0.115594    0    2.36875e-10    0    6.76005e-12    0    3.02811e-12    0    2.92009e-19    0    3.70935e-14    0.0145181    0.0145181 
0.11534    0    2.3687e-10    0    6.76001e-12    0    3.02803e-12    0    2.91874e-19    0    3.70922e-14    0.0145428    0.0145428 
0.115088    0    2.36865e-10    0    6.75997e-12    0    3.02794e-12    0    2.91738e-19    0    3.70909e-14    0.014568    0.014568 
0.114837    0    2.36859e-10    0    6.75993e-12    0    3.02786e-12    0    2.91604e-19    0    3.70897e-14    0.0145937    0.0145937 
0.114587    0    2.36854e-10    0    6.75988e-12    0    3.02778e-12    0    2.91471e-19    0    3.70885e-14    0.0146199    0.0146199 
0.114338    0    2.36849e-10    0    6.75984e-12    0    3.02769e-12    0    2.91338e-19    0    3.70872e-14    0.0146466    0.0146466 
0.11409    0    2.36844e-10    0    6.7598e-12    0    3.02761e-12    0    2.91206e-19    0    3.7086e-14    0.0146735    0.0146735 
0.113843    0    2.36839e-10    0    6.75976e-12    0    3.02753e-12    0    2.91074e-19    0    3.70848e-14    0.0147007    0.0147007 
0.113598    0    2.36834e-10    0    6.75972e-12    0    3.02745e-12    0    2.90944e-19    0    3.70835e-14    0.0147284    0.0147284 
0.113353    0    2.36829e-10    0    6.75968e-12    0    3.02737e-12    0    2.90814e-19    0    3.70823e-14    0.0147563    0.0147563 
0.113109    0    2.36825e-10    0    6.75964e-12    0    3.02729e-12    0    2.90685e-19    0    3.70811e-14    0.0147841    0.0147841 
0.112867    0    2.3682e-10    0    6.7596e-12    0    3.02721e-12    0    2.90557e-19    0    3.70799e-14    0.0148126    0.0148126 
0.112625    0    2.36815e-10    0    6.75956e-12    0    3.02713e-12    0    2.90429e-19    0    3.70787e-14    0.0148408    0.0148408 
0.112385    0    2.3681e-10    0    6.75952e-12    0    3.02705e-12    0    2.90302e-19    0    3.70776e-14    0.0148695    0.0148695 
0.112145    0    2.36805e-10    0    6.75948e-12    0    3.02697e-12    0    2.90176e-19    0    3.70764e-14    0.0148981    0.0148981 
0.111907    0    2.368e-10    0    6.75944e-12    0    3.02689e-12    0    2.90051e-19    0    3.70752e-14    0.0149265    0.0149265 
0.111669    0    2.36796e-10    0    6.75941e-12    0    3.02682e-12    0    2.89926e-19    0    3.7074e-14    0.0149551    0.0149551 
0.111433    0    2.36791e-10    0    6.75937e-12    0    3.02674e-12    0    2.89802e-19    0    3.70729e-14    0.0149833    0.0149833 
0.111198    0    2.36786e-10    0    6.75933e-12    0    3.02666e-12    0    2.89679e-19    0    3.70717e-14    0.0150115    0.0150115 
0.110963    0    2.36782e-10    0    6.75929e-12    0    3.02659e-12    0    2.89556e-19    0    3.70706e-14    0.0150398    0.0150398 
0.11073    0    2.36777e-10    0    6.75925e-12    0    3.02651e-12    0    2.89434e-19    0    3.70694e-14    0.0150675    0.0150675 
0.110497    0    2.36772e-10    0    6.75921e-12    0    3.02643e-12    0    2.89313e-19    0    3.70683e-14    0.0150951    0.0150951 
0.110266    0    2.36768e-10    0    6.75918e-12    0    3.02636e-12    0    2.89192e-19    0    3.70672e-14    0.0151225    0.0151225 
0.110035    0    2.36763e-10    0    6.75914e-12    0    3.02628e-12    0    2.89072e-19    0    3.70661e-14    0.0151493    0.0151493 
0.109806    0    2.36758e-10    0    6.7591e-12    0    3.02621e-12    0    2.88953e-19    0    3.70649e-14    0.0151758    0.0151758 
0.109577    0    2.36754e-10    0    6.75907e-12    0    3.02613e-12    0    2.88835e-19    0    3.70638e-14    0.0152019    0.0152019 
0.109349    0    2.36749e-10    0    6.75903e-12    0    3.02606e-12    0    2.88717e-19    0    3.70627e-14    0.0152276    0.0152276 
0.109123    0    2.36745e-10    0    6.75899e-12    0    3.02599e-12    0    2.88599e-19    0    3.70616e-14    0.0152528    0.0152528 
0.108897    0    2.3674e-10    0    6.75896e-12    0    3.02591e-12    0    2.88483e-19    0    3.70605e-14    0.0152776    0.0152776 
0.108672    0    2.36736e-10    0    6.75892e-12    0    3.02584e-12    0    2.88367e-19    0    3.70594e-14    0.0153019    0.0153019 
0.108448    0    2.36732e-10    0    6.75888e-12    0    3.02577e-12    0    2.88251e-19    0    3.70583e-14    0.0153251    0.0153251 
0.108225    0    2.36727e-10    0    6.75885e-12    0    3.0257e-12    0    2.88136e-19    0    3.70573e-14    0.015348    0.015348 
0.108003    0    2.36723e-10    0    6.75881e-12    0    3.02563e-12    0    2.88022e-19    0    3.70562e-14    0.0153702    0.0153702 
0.107782    0    2.36718e-10    0    6.75878e-12    0    3.02555e-12    0    2.87908e-19    0    3.70551e-14    0.015392    0.015392 
0.107562    0    2.36714e-10    0    6.75874e-12    0    3.02548e-12    0    2.87795e-19    0    3.70541e-14    0.0154131    0.0154131 
0.107342    0    2.3671e-10    0    6.75871e-12    0    3.02541e-12    0    2.87683e-19    0    3.7053e-14    0.0154333    0.0154333 
0.107124    0    2.36705e-10    0    6.75867e-12    0    3.02534e-12    0    2.87571e-19    0    3.70519e-14    0.0154531    0.0154531 
0.106906    0    2.36701e-10    0    6.75864e-12    0    3.02527e-12    0    2.8746e-19    0    3.70509e-14    0.0154718    0.0154718 
0.106689    0    2.36697e-10    0    6.7586e-12    0    3.0252e-12    0    2.87349e-19    0    3.70499e-14    0.01549    0.01549 
0.106474    0    2.36693e-10    0    6.75857e-12    0    3.02513e-12    0    2.87239e-19    0    3.70488e-14    0.0155073    0.0155073 
0.106259    0    2.36688e-10    0    6.75853e-12    0    3.02507e-12    0    2.87129e-19    0    3.70478e-14    0.0155244    0.0155244 
0.106045    0    2.36684e-10    0    6.7585e-12    0    3.025e-12    0    2.8702e-19    0    3.70467e-14    0.0155405    0.0155405 
0.105831    0    2.3668e-10    0    6.75846e-12    0    3.02493e-12    0    2.86911e-19    0    3.70457e-14    0.0155557    0.0155557 
0.105619    0    2.36676e-10    0    6.75843e-12    0    3.02486e-12    0    2.86803e-19    0    3.70447e-14    0.0155704    0.0155704 
0.105407    0    2.36672e-10    0    6.7584e-12    0    3.02479e-12    0    2.86695e-19    0    3.70437e-14    0.0155843    0.0155843 
0.105197    0    2.36668e-10    0    6.75836e-12    0    3.02473e-12    0    2.86588e-19    0    3.70427e-14    0.0155976    0.0155976 
0.104987    0    2.36664e-10    0    6.75833e-12    0    3.02466e-12    0    2.86482e-19    0    3.70417e-14    0.0156101    0.0156101 
0.104778    0    2.36659e-10    0    6.7583e-12    0    3.02459e-12    0    2.86376e-19    0    3.70407e-14    0.0156221    0.0156221 
0.10457    0    2.36655e-10    0    6.75826e-12    0    3.02452e-12    0    2.8627e-19    0    3.70397e-14    0.0156335    0.0156335 
0.104362    0    2.36651e-10    0    6.75823e-12    0    3.02446e-12    0    2.86165e-19    0    3.70387e-14    0.0156444    0.0156444 
0.104156    0    2.36647e-10    0    6.7582e-12    0    3.02439e-12    0    2.86061e-19    0    3.70377e-14    0.0156543    0.0156543 
0.10395    0    2.36643e-10    0    6.75816e-12    0    3.02433e-12    0    2.85957e-19    0    3.70367e-14    0.0156639    0.0156639 
0.103745    0    2.36639e-10    0    6.75813e-12    0    3.02426e-12    0    2.85853e-19    0    3.70357e-14    0.0156728    0.0156728 
0.103541    0    2.36635e-10    0    6.7581e-12    0    3.0242e-12    0    2.8575e-19    0    3.70347e-14    0.0156817    0.0156817 
0.103338    0    2.36631e-10    0    6.75807e-12    0    3.02413e-12    0    2.85647e-19    0    3.70338e-14    0.0156898    0.0156898 
0.103135    0    2.36627e-10    0    6.75803e-12    0    3.02407e-12    0    2.85545e-19    0    3.70328e-14    0.0156975    0.0156975 
0.102934    0    2.36623e-10    0    6.758e-12    0    3.024e-12    0    2.85444e-19    0    3.70318e-14    0.0157047    0.0157047 
0.102733    0    2.36619e-10    0    6.75797e-12    0    3.02394e-12    0    2.85342e-19    0    3.70309e-14    0.0157116    0.0157116 
0.102533    0    2.36616e-10    0    6.75794e-12    0    3.02388e-12    0    2.85242e-19    0    3.70299e-14    0.0157116    0.0157116 
0.102333    0    2.36612e-10    0    6.75791e-12    0    3.02381e-12    0    2.85141e-19    0    3.7029e-14    0.0157182    0.0157182 
0.102135    0    2.36608e-10    0    6.75787e-12    0    3.02375e-12    0    2.85041e-19    0    3.7028e-14    0.0157246    0.0157246 
0.101937    0    2.36604e-10    0    6.75784e-12    0    3.02369e-12    0    2.84942e-19    0    3.70271e-14    0.0157305    0.0157305 
0.10174    0    2.366e-10    0    6.75781e-12    0    3.02362e-12    0    2.84843e-19    0    3.70261e-14    0.0157362    0.0157362 
0.101543    0    2.36596e-10    0    6.75778e-12    0    3.02356e-12    0    2.84744e-19    0    3.70252e-14    0.0157422    0.0157422 
0.101348    0    2.36593e-10    0    6.75775e-12    0    3.0235e-12    0    2.84646e-19    0    3.70243e-14    0.0157478    0.0157478 
0.101153    0    2.36589e-10    0    6.75772e-12    0    3.02344e-12    0    2.84548e-19    0    3.70233e-14    0.0157529    0.0157529 
0.100959    0    2.36585e-10    0    6.75769e-12    0    3.02337e-12    0    2.84451e-19    0    3.70224e-14    0.0157587    0.0157587 
0.100766    0    2.36581e-10    0    6.75766e-12    0    3.02331e-12    0    2.84354e-19    0    3.70215e-14    0.0157638    0.0157638 
0.100573    0    2.36577e-10    0    6.75763e-12    0    3.02325e-12    0    2.84258e-19    0    3.70206e-14    0.015769    0.015769 
0.100381    0    2.36574e-10    0    6.7576e-12    0    3.02319e-12    0    2.84162e-19    0    3.70197e-14    0.0157747    0.0157747 
0.10019    0    2.3657e-10    0    6.75757e-12    0    3.02313e-12    0    2.84066e-19    0    3.70188e-14    0.0157801    0.0157801 
