100    0.00362557    0.00362557    0.0026822    0.0026822 
33.3778    0.00138182    0.00138182    0.00299262    0.00299262 
20.0321    0.000348702    0.000348702    0.00313896    0.00313896 
14.3102    7.29191e-05    7.29191e-05    0.00319413    0.00319413 
11.1309    1.37934e-05    1.37934e-05    0.00321524    0.00321524 
9.10747    2.45333e-06    2.45333e-06    0.00322377    0.00322377 
7.70654    4.1866e-07    4.1866e-07    0.00322857    0.00322857 
6.67913    6.93361e-08    6.93361e-08    0.00323253    0.00323253 
5.89345    1.12245e-08    1.12245e-08    0.00323659    0.00323659 
5.27315    1.78482e-09    1.80354e-09    0.00324111    0.00323898 
4.77099    2.79709e-10    3.04263e-10    0.00324606    0.00323898 
4.35616    4.33129e-11    6.87794e-11    0.00325154    0.00323898 
4.00769    6.64001e-12    2.77735e-11    0.00325762    0.00323898 
3.71085    1.0092e-12    1.71702e-11    0.00326405    0.00323898 
3.45495    1.52254e-13    1.28594e-11    0.00327086    0.00323898 
3.23206    2.2823e-14    1.05521e-11    0.00327816    0.00323898 
3.03619    3.40217e-15    9.11635e-12    0.00328614    0.00323898 
2.8627    5.04575e-16    8.13692e-12    0.0032942    0.00323898 
2.70797    7.4504e-17    7.42623e-12    0.0033028    0.00323898 
2.56911    1.09564e-17    6.8871e-12    0.00331155    0.00323898 
2.44379    1.60545e-18    6.46418e-12    0.0033207    0.00323898 
2.33013    2.34482e-19    6.1236e-12    0.00333022    0.00323898 
2.22658    3.41448e-20    5.8435e-12    0.00334002    0.00323898 
2.13183    4.95848e-21    5.60911e-12    0.00335006    0.00323898 
2.04482    7.18237e-22    5.41012e-12    0.00336025    0.00323898 
1.96464    1.03809e-22    5.2391e-12    0.00337108    0.00323898 
1.8905    1.49683e-23    5.09055e-12    0.00338138    0.00323898 
1.82176    2.15423e-24    4.96035e-12    0.00339223    0.00323898 
1.75784    3.09434e-25    4.84529e-12    0.00340297    0.00323898 
1.69825    4.43747e-26    4.74291e-12    0.00341419    0.00323898 
1.64258    6.35261e-27    4.65121e-12    0.00342521    0.00323898 
1.59043    9.08128e-28    4.56863e-12    0.00343666    0.00323898 
1.5415    1.29618e-28    4.49387e-12    0.00344778    0.00323898 
1.49548    1.84728e-29    4.42588e-12    0.0034585    0.00323898 
1.45214    2.62953e-30    4.36379e-12    0.00346953    0.00323898 
1.41123    3.73878e-31    4.30687e-12    0.00348089    0.00323898 
1.37257    5.31027e-32    4.25449e-12    0.00349254    0.00323898 
1.33597    7.53277e-33    4.20614e-12    0.00350364    0.00323898 
1.30127    1.06724e-33    4.16138e-12    0.00351409    0.00323898 
1.26833    1.51104e-34    4.11983e-12    0.00352566    0.00323898 
1.23701    2.13697e-35    4.08114e-12    0.00353654    0.00323898 
1.2072    3.01962e-36    4.04505e-12    0.0035476    0.00323898 
1.1788    4.26228e-37    4.01129e-12    0.00355791    0.00323898 
1.1517    6.01168e-38    3.97966e-12    0.00356835    0.00323898 
1.12582    8.47282e-39    3.94995e-12    0.00357894    0.00323898 
1.10108    1.19331e-39    3.922e-12    0.00358965    0.00323898 
1.0774    1.67904e-40    3.89566e-12    0.0035995    0.00323898 
1.05472    2.3616e-41    3.87079e-12    0.00361044    0.00323898 
1.03297    3.31861e-42    3.84728e-12    0.00362049    0.00323898 
1.0121    4.66063e-43    3.82501e-12    0.00363061    0.00323898 
0.992063    6.53968e-44    3.8039e-12    0.00363979    0.00323898 
0.9728    9.17374e-45    3.78385e-12    0.00365006    0.00323898 
0.954271    1.28581e-45    3.76479e-12    0.00365936    0.00323898 
0.936435    1.80129e-46    3.74664e-12    0.00366871    0.00323898 
0.919253    2.52213e-47    3.72935e-12    0.00367811    0.00323898 
0.90269    3.52971e-48    3.71285e-12    0.00368755    0.00323898 
0.886713    4.93609e-49    3.6971e-12    0.00369597    0.00323898 
0.871293    6.90164e-50    3.68203e-12    0.00370549    0.00323898 
0.856399    9.64286e-51    3.66762e-12    0.00371398    0.00323898 
0.842006    1.35023e-51    3.65382e-12    0.00373222    0.00323898 
0.828089    1.88959e-52    3.6406e-12    0.00375003    0.00323898 
0.814624    2.64196e-53    3.62794e-12    0.00376595    0.00323898 
0.80159    3.68973e-54    3.61579e-12    0.00377913    0.00323898 
0.788967    5.14762e-55    3.60412e-12    0.00378981    0.00323898 
0.776735    7.17426e-56    3.59289e-12    0.00379804    0.00323898 
0.764877    9.99887e-57    3.58209e-12    0.00380767    0.00323898 
0.753375    1.39314e-57    3.57168e-12    0.00381748    0.00323898 
0.742214    1.94144e-58    3.56166e-12    0.00382936    0.00323898 
0.731379    2.70625e-59    3.552e-12    0.00384351    0.00323898 
0.720856    3.77299e-60    3.54268e-12    0.0038596    0.00323898 
0.710631    5.26015e-61    3.5337e-12    0.00387688    0.00323898 
0.700692    7.33154e-62    3.52503e-12    0.00389436    0.00323898 
0.691028    1.02135e-62    3.51665e-12    0.00391111    0.00323898 
0.681626    1.42115e-63    3.50856e-12    0.00392436    0.00323898 
0.672477    1.97724e-64    3.50074e-12    0.00393831    0.00323898 
0.66357    2.74798e-65    3.49316e-12    0.00394913    0.00323898 
0.654896    3.81912e-66    3.48583e-12    0.00396097    0.00323898 
0.646446    5.30413e-67    3.47873e-12    0.00397112    0.00323898 
0.638211    7.3659e-68    3.47184e-12    0.0039819    0.00323898 
0.630183    1.02296e-68    3.46517e-12    0.00399388    0.00323898 
0.622355    1.42089e-69    3.45869e-12    0.00400744    0.00323898 
0.614719    1.97397e-70    3.45241e-12    0.00402271    0.00323898 
0.607268    2.74278e-71    3.44631e-12    0.00403959    0.00323898 
0.599995    3.81128e-72    3.4404e-12    0.0040577    0.00323898 
0.592895    5.2957e-73    3.43465e-12    0.00407649    0.00323898 
0.58596    7.35106e-74    3.42907e-12    0.00409219    0.00323898 
0.579186    1.02085e-74    3.42365e-12    0.00411054    0.00323898 
0.572567    1.41698e-75    3.41838e-12    0.00412781    0.00323898 
0.566098    1.96454e-76    3.41325e-12    0.00414113    0.00323898 
0.559773    2.72246e-77    3.40827e-12    0.00415339    0.00323898 
0.553587    3.77312e-78    3.40341e-12    0.00416682    0.00323898 
0.547537    5.22444e-79    3.39868e-12    0.00417721    0.00323898 
0.541618    7.23201e-80    3.39407e-12    0.0041872    0.00323898 
0.535825    1.00141e-80    3.38958e-12    0.00419925    0.00323898 
0.530155    1.38592e-81    3.3852e-12    0.00420982    0.00323898 
0.524604    1.91813e-82    3.38092e-12    0.00422127    0.00323898 
0.519168    2.655e-83    3.37675e-12    0.0042339    0.00323898 
0.513843    3.67552e-84    3.37269e-12    0.00424789    0.00323898 
0.508626    5.08912e-85    3.36872e-12    0.00426328    0.00323898 
0.503515    7.04737e-86    3.36485e-12    0.00427998    0.00323898 
0.498504    9.75173e-87    3.36107e-12    0.00429412    0.00323898 
0.493593    1.3505e-87    3.35738e-12    0.0043125    0.00323898 
0.488778    1.87015e-88    3.35378e-12    0.00433126    0.00323898 
0.484055    2.58929e-89    3.35026e-12    0.00434995    0.00323898 
0.479423    3.58106e-90    3.34683e-12    0.00436456    0.00323898 
0.474879    4.95524e-91    3.34347e-12    0.00438206    0.00323898 
0.47042    6.84903e-92    3.34019e-12    0.00439526    0.00323898 
0.466044    9.46991e-93    3.33698e-12    0.00441063    0.00323898 
0.461749    1.308e-93    3.33384e-12    0.00442199    0.00323898 
0.457532    1.80713e-94    3.33077e-12    0.00443515    0.00323898 
0.453391    2.49453e-95    3.32776e-12    0.00444499    0.00323898 
0.449325    3.44268e-96    3.32482e-12    0.00445445    0.00323898 
0.445331    4.75294e-97    3.32193e-12    0.0044661    0.00323898 
0.441408    6.55794e-98    3.31911e-12    0.00447561    0.00323898 
0.437553    9.04825e-99    3.31634e-12    0.00448557    0.00323898 
0.433764    1.24847e-99    3.31363e-12    0.00449624    0.00323898 
0.430041    1.72395e-100    3.31097e-12    0.00451089    0.00323898 
0.426381    2.37934e-101    3.30837e-12    0.00452384    0.00323898 
0.422783    3.28436e-102    3.30581e-12    0.00453797    0.00323898 
0.419245    4.53426e-103    3.30331e-12    0.00455327    0.00323898 
0.415766    6.2606e-104    3.30086e-12    0.00456966    0.00323898 
0.412344    8.64496e-105    3.29846e-12    0.00458698    0.00323898 
0.408978    1.19378e-105    3.2961e-12    0.004605    0.00323898 
0.405666    1.64845e-106    3.29379e-12    0.00462341    0.00323898 
0.402408    2.27606e-107    3.29152e-12    0.00464188    0.00323898 
0.399202    3.14206e-108    3.2893e-12    0.00466006    0.00323898 
0.396046    4.3325e-109    3.28712e-12    0.00467329    0.00323898 
0.39294    5.97794e-110    3.28498e-12    0.00469012    0.00323898 
0.389882    8.24537e-111    3.28288e-12    0.00470575    0.00323898 
0.386871    1.13683e-111    3.28081e-12    0.00471999    0.00323898 
0.383907    1.56574e-112    3.27879e-12    0.00472965    0.00323898 
0.380987    2.15711e-113    3.2768e-12    0.00474116    0.00323898 
0.378112    2.9706e-114    3.27484e-12    0.00475113    0.00323898 
0.37528    4.08759e-115    3.27292e-12    0.00475769    0.00323898 
0.372489    5.62545e-116    3.27103e-12    0.0047654    0.00323898 
0.36974    7.73979e-117    3.26917e-12    0.00477222    0.00323898 
0.367032    1.06433e-117    3.26734e-12    0.00477696    0.00323898 
0.364362    1.46393e-118    3.26555e-12    0.00478314    0.00323898 
0.361732    2.01279e-119    3.26378e-12    0.00478789    0.00323898 
0.359139    2.76842e-120    3.26203e-12    0.00479473    0.00323898 
0.356583    3.80655e-121    3.26032e-12    0.00480046    0.00323898 
0.354063    5.23431e-122    3.25864e-12    0.00480688    0.00323898 
0.351578    7.20218e-123    3.25698e-12    0.00481672    0.00323898 
0.349128    9.90631e-124    3.25534e-12    0.0048252    0.00323898 
0.346712    1.36371e-124    3.25373e-12    0.00483809    0.00323898 
0.344329    1.87638e-125    3.25215e-12    0.00484898    0.00323898 
0.341979    2.58212e-126    3.2506e-12    0.00486089    0.00323898 
0.33966    3.55703e-127    3.24906e-12    0.00487827    0.00323898 
0.337373    4.8963e-128    3.24756e-12    0.00489231    0.00323898 
0.335116    6.74029e-129    3.24607e-12    0.00490708    0.00323898 
0.332889    9.27912e-130    3.24461e-12    0.00492241    0.00323898 
0.330692    1.27743e-130    3.24317e-12    0.00493814    0.00323898 
0.328524    1.76043e-131    3.24176e-12    0.00495939    0.00323898 
0.326384    2.42323e-132    3.24036e-12    0.00497527    0.00323898 
0.324271    3.33517e-133    3.23899e-12    0.00499089    0.00323898 
0.322186    4.58955e-134    3.23764e-12    0.00500606    0.00323898 
0.320127    6.31447e-135    3.23631e-12    0.00502061    0.00323898 
0.318094    8.68575e-136    3.235e-12    0.00503437    0.00323898 
0.316088    1.19446e-136    3.23371e-12    0.00504725    0.00323898 
0.314106    1.64219e-137    3.23244e-12    0.00505915    0.00323898 
0.312149    2.25715e-138    3.23118e-12    0.00507004    0.00323898 
0.310216    3.10159e-139    3.22995e-12    0.00507991    0.00323898 
0.308307    4.26087e-140    3.22873e-12    0.0050888    0.00323898 
0.306421    5.85209e-141    3.22753e-12    0.00509681    0.00323898 
0.304559    8.03586e-142    3.22634e-12    0.00510405    0.00323898 
0.302718    1.10326e-142    3.22517e-12    0.00511066    0.00323898 
0.3009    1.51446e-143    3.22402e-12    0.00511684    0.00323898 
0.299104    2.07872e-144    3.22288e-12    0.00512278    0.00323898 
0.297329    2.85304e-145    3.22175e-12    0.00512867    0.00323898 
0.295575    3.9157e-146    3.22065e-12    0.00513473    0.00323898 
0.293841    5.37197e-147    3.21955e-12    0.00513897    0.00323898 
0.292128    7.37311e-148    3.21847e-12    0.00514576    0.00323898 
0.290434    1.01205e-148    3.2174e-12    0.00515321    0.00323898 
0.28876    1.3893e-149    3.21635e-12    0.00516148    0.00323898 
0.287106    1.90743e-150    3.21531e-12    0.00517066    0.00323898 
0.28547    2.61737e-151    3.21428e-12    0.00517733    0.00323898 
0.283852    3.59427e-152    3.21327e-12    0.00518818    0.00323898 
0.282253    4.93649e-153    3.21227e-12    0.00520004    0.00323898 
0.280672    6.78083e-154    3.21128e-12    0.00521286    0.00323898 
0.279108    9.30702e-155    3.21031e-12    0.00522191    0.00323898 
0.277562    1.27863e-155    3.20935e-12    0.00523611    0.00323898 
0.276033    1.75674e-156    3.2084e-12    0.00525094    0.00323898 
0.27452    2.41135e-157    3.20746e-12    0.00526107    0.00323898 
0.273024    3.31304e-158    3.20653e-12    0.00527649    0.00323898 
0.271544    4.5517e-159    3.20562e-12    0.00529194    0.00323898 
0.27008    6.24695e-160    3.20472e-12    0.00530214    0.00323898 
0.268632    8.58084e-161    3.20383e-12    0.0053171    0.00323898 
0.2672    1.17743e-161    3.20295e-12    0.00532673    0.00323898 
0.265782    1.61681e-162    3.20208e-12    0.00534049    0.00323898 
0.26438    2.21791e-163    3.20122e-12    0.00534912    0.00323898 
0.262992    3.04424e-164    3.20037e-12    0.00536108    0.00323898 
0.261618    4.1746e-165    3.19953e-12    0.00536835    0.00323898 
0.260259    5.72709e-166    3.1987e-12    0.00537811    0.00323898 
0.258914    7.85069e-167    3.19789e-12    0.00538382    0.00323898 
0.257583    1.07646e-167    3.19708e-12    0.00539121    0.00323898 
0.256266    1.47506e-168    3.19628e-12    0.00539536    0.00323898 
0.254962    2.02157e-169    3.19548e-12    0.00540053    0.00323898 
0.253671    2.76922e-170    3.1947e-12    0.00540333    0.00323898 
0.252393    3.79369e-171    3.19393e-12    0.00540676    0.00323898 
0.251128    5.19546e-172    3.19316e-12    0.00540865    0.00323898 
0.249875    7.11571e-173    3.1924e-12    0.00541112    0.00323898 
0.248635    9.74372e-174    3.19165e-12    0.00541271    0.00323898 
0.247407    1.3342e-174    3.19091e-12    0.00541438    0.00323898 
0.246191    1.82729e-175    3.19018e-12    0.00541734    0.00323898 
0.244988    2.50229e-176    3.18945e-12    0.00541983    0.00323898 
0.243795    3.42801e-177    3.18873e-12    0.00542467    0.00323898 
0.242615    4.69546e-178    3.18802e-12    0.00542885    0.00323898 
0.241446    6.4324e-179    3.18732e-12    0.00543397    0.00323898 
0.240288    8.81906e-180    3.18662e-12    0.00544372    0.00323898 
0.239141    1.20871e-180    3.18593e-12    0.00545181    0.00323898 
0.238005    1.65699e-181    3.18525e-12    0.00546131    0.00323898 
0.236879    2.27209e-182    3.18458e-12    0.00547237    0.00323898 
0.235765    3.12034e-183    3.18391e-12    0.00549212    0.00323898 
0.23466    4.28173e-184    3.18325e-12    0.00550756    0.00323898 
0.233566    5.8772e-185    3.1826e-12    0.00552494    0.00323898 
0.232482    8.06978e-186    3.18196e-12    0.00554433    0.00323898 
0.231409    1.1107e-186    3.18132e-12    0.00557738    0.00323898 
0.230345    1.52638e-187    3.18069e-12    0.00560212    0.00323898 
0.22929    2.09834e-188    3.18007e-12    0.0056291    0.00323898 
0.228246    2.88563e-189    3.17945e-12    0.00565834    0.00323898 
0.227211    3.98125e-190    3.17885e-12    0.00570646    0.00323898 
0.226185    5.4797e-191    3.17825e-12    0.00574139    0.00323898 
0.225168    7.54456e-192    3.17766e-12    0.00577856    0.00323898 
0.224161    1.03907e-192    3.17707e-12    0.00581794    0.00323898 
0.223162    1.43147e-193    3.1765e-12    0.00585948    0.00323898 
0.222173    1.9726e-194    3.17593e-12    0.0059031    0.00323898 
0.221192    2.71898e-195    3.17537e-12    0.00594872    0.00323898 
0.22022    3.76389e-196    3.17481e-12    0.00602068    0.00323898 
0.219256    5.19083e-197    3.17427e-12    0.00607082    0.00323898 
0.218301    7.15988e-198    3.17373e-12    0.00612253    0.00323898 
0.217354    9.87715e-199    3.1732e-12    0.00617567    0.00323898 
0.216415    1.3627e-199    3.17267e-12    0.00623007    0.00323898 
0.215484    1.88018e-200    3.17215e-12    0.00628554    0.00323898 
0.214561    2.59426e-201    3.17164e-12    0.00634192    0.00323898 
0.213646    3.57956e-202    3.17114e-12    0.006399    0.00323898 
0.212739    4.93895e-203    3.17064e-12    0.00645659    0.00323898 
0.211839    6.81417e-204    3.17015e-12    0.00651449    0.00323898 
0.210947    9.40055e-205    3.16967e-12    0.00657251    0.00323898 
0.210063    1.29671e-205    3.16919e-12    0.00663046    0.00323898 
0.209186    1.78843e-206    3.16872e-12    0.00668815    0.00323898 
0.208316    2.46621e-207    3.16825e-12    0.00674541    0.00323898 
0.207453    3.40023e-208    3.16779e-12    0.00680208    0.00323898 
0.206598    4.68704e-209    3.16734e-12    0.00685802    0.00323898 
0.205749    6.45945e-210    3.16689e-12    0.00691311    0.00323898 
0.204908    8.90009e-211    3.16645e-12    0.00696724    0.00323898 
0.204073    1.226e-211    3.16601e-12    0.00702035    0.00323898 
0.203245    1.68845e-212    3.16558e-12    0.00707237    0.00323898 
0.202424    2.32479e-213    3.16516e-12    0.0071233    0.00323898 
0.20161    3.20021e-214    3.16473e-12    0.00717313    0.00323898 
0.200802    4.40433e-215    3.16432e-12    0.00722189    0.00323898 
0.2    6.06025e-216    3.1639e-12    0.00726966    0.00323898 
0.199205    8.33715e-217    3.1635e-12    0.00731652    0.00323898 
0.198416    1.14675e-217    3.16309e-12    0.00736259    0.00323898 
0.197633    1.57709e-218    3.1627e-12    0.00740799    0.00323898 
0.196857    2.16865e-219    3.1623e-12    0.0074529    0.00323898 
0.196086    2.98178e-220    3.16191e-12    0.00749748    0.00323898 
0.195322    4.08741e-221    3.16153e-12    0.00751972    0.00323898 
0.194563    5.61934e-222    3.16115e-12    0.00756419    0.00323898 
0.19381    7.72518e-223    3.16077e-12    0.00760884    0.00323898 
0.193064    1.06201e-223    3.1604e-12    0.00765389    0.00323898 
0.192322    1.46003e-224    3.16003e-12    0.00769957    0.00323898 
0.191587    2.00732e-225    3.15966e-12    0.0077461    0.00323898 
0.190857    2.75998e-226    3.1593e-12    0.0077937    0.00323898 
0.190133    3.78334e-227    3.15894e-12    0.00781797    0.00323898 
0.189414    5.20274e-228    3.15859e-12    0.00786757    0.00323898 
0.188701    7.15566e-229    3.15824e-12    0.00791877    0.00323898 
0.187993    9.84321e-230    3.15789e-12    0.00797174    0.00323898 
0.18729    1.35426e-230    3.15755e-12    0.00802666    0.00323898 
0.186592    1.86358e-231    3.15721e-12    0.00808369    0.00323898 
0.1859    2.55557e-232    3.15688e-12    0.00811303    0.00323898 
0.185213    3.51775e-233    3.15655e-12    0.00817346    0.00323898 
0.18453    4.84326e-234    3.15622e-12    0.00823629    0.00323898 
0.183853    6.66968e-235    3.15589e-12    0.00830159    0.00323898 
0.183181    9.14929e-236    3.15557e-12    0.00833518    0.00323898 
0.182514    1.26035e-236    3.15526e-12    0.00840426    0.00323898 
0.181851    1.73656e-237    3.15494e-12    0.00847587    0.00323898 
0.181194    2.39317e-238    3.15463e-12    0.00854999    0.00323898 
0.180541    3.28392e-239    3.15432e-12    0.00858797    0.00323898 
0.179892    4.52681e-240    3.15402e-12    0.00866571    0.00323898 
0.179249    6.24113e-241    3.15372e-12    0.00874575    0.00323898 
0.17861    8.60588e-242    3.15343e-12    0.00882794    0.00323898 
0.177975    1.18116e-242    3.15313e-12    0.00886978    0.00323898 
0.177345    1.62896e-243    3.15284e-12    0.00895486    0.00323898 
0.17672    2.24668e-244    3.15256e-12    0.00904159    0.00323898 
0.176099    3.08376e-245    3.15227e-12    0.0090855    0.00323898 
0.175482    4.25335e-246    3.15199e-12    0.00917423    0.00323898 
0.174869    5.86649e-247    3.15171e-12    0.00926394    0.00323898 
0.174261    8.09111e-248    3.15144e-12    0.00935433    0.00323898 
0.173657    1.11049e-248    3.15117e-12    0.00939966    0.00323898 
0.173057    1.53138e-249    3.1509e-12    0.00949041    0.00323898 
0.172461    2.11153e-250    3.15064e-12    0.00958097    0.00323898 
0.17187    2.89747e-251    3.15038e-12    0.00962606    0.00323898 
0.171282    3.99407e-252    3.15012e-12    0.00971564    0.00323898 
0.170699    5.50453e-253    3.14986e-12    0.00980412    0.00323898 
0.170119    7.55112e-254    3.14961e-12    0.00984783    0.00323898 
0.169543    1.04027e-254    3.14935e-12    0.009934    0.00323898 
0.168971    1.42672e-255    3.14911e-12    0.00997637    0.00323898 
0.168403    1.96462e-256    3.14886e-12    0.0100595    0.00323898 
0.167839    2.70445e-257    3.14862e-12    0.0101402    0.00323898 
0.167279    3.70752e-258    3.14838e-12    0.0101795    0.00323898 
0.166722    5.10099e-259    3.14814e-12    0.0102561    0.00323898 
0.166169    6.99092e-260    3.1479e-12    0.0102933    0.00323898 
0.16562    9.61312e-261    3.14767e-12    0.0103654    0.00323898 
0.165074    1.3214e-261    3.14744e-12    0.0104342    0.00323898 
0.164532    1.81009e-262    3.14721e-12    0.0104674    0.00323898 
0.163994    2.48669e-263    3.14698e-12    0.0105313    0.00323898 
0.163459    3.40532e-264    3.14675e-12    0.010562    0.00323898 
0.162927    4.67563e-265    3.14653e-12    0.0106209    0.00323898 
0.162399    6.41759e-266    3.14631e-12    0.0106766    0.00323898 
0.161874    8.78433e-267    3.14609e-12    0.0107033    0.00323898 
0.161353    1.20511e-267    3.14587e-12    0.0107545    0.00323898 
0.160835    1.64912e-268    3.14566e-12    0.010779    0.00323898 
0.16032    2.26139e-269    3.14544e-12    0.0108261    0.00323898 
0.159809    3.09391e-270    3.14523e-12    0.0108487    0.00323898 
0.159301    4.24097e-271    3.14502e-12    0.0108922    0.00323898 
0.158796    5.80116e-272    3.14481e-12    0.0109132    0.00323898 
0.158294    7.94948e-273    3.1446e-12    0.010954    0.00323898 
0.157795    1.08723e-273    3.1444e-12    0.0109738    0.00323898 
0.1573    1.48952e-274    3.14419e-12    0.0110125    0.00323898 
0.156808    2.03697e-275    3.14399e-12    0.0110316    0.00323898 
0.156318    2.79025e-276    3.14379e-12    0.0110692    0.00323898 
0.155832    3.81548e-277    3.14359e-12    0.0110879    0.00323898 
0.155349    5.22611e-278    3.14339e-12    0.0111253    0.00323898 
0.154869    7.14617e-279    3.1432e-12    0.0111441    0.00323898 
0.154392    9.78831e-280    3.143e-12    0.0111821    0.00323898 
0.153917    1.33846e-280    3.14281e-12    0.0112015    0.00323898 
0.153446    1.83349e-281    3.14262e-12    0.011241    0.00323898 
0.152977    2.50726e-282    3.14243e-12    0.0112613    0.00323898 
0.152512    3.43511e-283    3.14224e-12    0.0113031    0.00323898 
0.152049    4.6978e-284    3.14205e-12    0.0113247    0.00323898 
0.151589    6.43767e-285    3.14186e-12    0.0113696    0.00323898 
0.151131    8.80499e-286    3.14168e-12    0.0113928    0.00323898 
0.150677    1.20692e-286    3.14149e-12    0.0114413    0.00323898 
0.150225    1.65095e-287    3.14131e-12    0.0114665    0.00323898 
0.149776    2.26368e-288    3.14113e-12    0.011519    0.00323898 
0.14933    3.09695e-289    3.14095e-12    0.0115464    0.00323898 
0.148886    4.23715e-290    3.14077e-12    0.0115745    0.00323898 
0.148445    5.81222e-291    3.1406e-12    0.011633    0.00323898 
0.148006    7.95334e-292    3.14042e-12    0.0116635    0.00323898 
0.14757    1.09135e-292    3.14025e-12    0.0117268    0.00323898 
0.147137    1.49363e-293    3.14008e-12    0.0117596    0.00323898 
0.146706    2.05023e-294    3.13991e-12    0.0118276    0.00323898 
0.146278    2.80635e-295    3.13974e-12    0.0118628    0.00323898 
0.145852    3.8415e-296    3.13957e-12    0.0118988    0.00323898 
0.145428    5.2752e-297    3.1394e-12    0.011973    0.00323898 
0.145007    7.22195e-298    3.13924e-12    0.0120112    0.00323898 
0.144589    9.91995e-299    3.13907e-12    0.0120896    0.00323898 
0.144173    1.35823e-299    3.13891e-12    0.0121299    0.00323898 
0.143759    1.85973e-300    3.13875e-12    0.0121706    0.00323898 
0.143348    2.55519e-301    3.13859e-12    0.012254    0.00323898 
0.142939    3.49891e-302    3.13843e-12    0.0122964    0.00323898 
0.142532    4.80804e-303    3.13827e-12    0.0123827    0.00323898 
0.142128    6.58407e-304    3.13811e-12    0.0124264    0.00323898 
0.141726    9.01614e-305    3.13796e-12    0.0124704    0.00323898 
0.141326    1.23905e-305    3.13781e-12    0.0125593    0.00323898 
0.140928    1.69673e-306    3.13765e-12    0.012604    0.00323898 
0.140533    2.32344e-307    3.1375e-12    0.0126488    0.00323898 
0.14014    3.19281e-308    3.13735e-12    0.0127386    0.00323898 
0.139749    4.37185e-309    3.1372e-12    0.0127835    0.00323898 
0.13936    5.98607e-310    3.13706e-12    0.0128282    0.00323898 
0.138974    8.22425e-311    3.13691e-12    0.0129172    0.00323898 
0.138589    1.12596e-311    3.13676e-12    0.0129612    0.00323898 
0.138207    1.54145e-312    3.13662e-12    0.0130049    0.00323898 
0.137827    2.11707e-313    3.13648e-12    0.013091    0.00323898 
0.137449    2.89782e-314    3.13633e-12    0.0131333    0.00323898 
0.137073    3.9662e-315    3.13619e-12    0.013175    0.00323898 
0.136699    5.44468e-316    3.13605e-12    0.0132564    0.00323898 
0.136327    7.45413e-317    3.13591e-12    0.013296    0.00323898 
0.135957    1.02001e-317    3.13578e-12    0.0133348    0.00323898 
0.135589    1.37909e-318    3.13564e-12    0.0134098    0.00323898 
0.135223    1.81342e-319    3.1355e-12    0.0134459    0.00323898 
0.134859    3.0469e-320    3.13537e-12    0.013481    0.00323898 
0.134497    0    3.13524e-12    0.0135483    0.00323898 
0.134137    0    3.1351e-12    0.0135801    0.00323898 
0.133779    0    3.13497e-12    0.0136111    0.00323898 
0.133422    0    3.13484e-12    0.0136408    0.00323898 
0.133068    0    3.13471e-12    0.0136969    0.00323898 
0.132715    0    3.13458e-12    0.0137231    0.00323898 
0.132365    0    3.13445e-12    0.0137482    0.00323898 
0.132016    0    3.13433e-12    0.0137948    0.00323898 
0.131669    0    3.1342e-12    0.0138164    0.00323898 
0.131324    0    3.13407e-12    0.0138367    0.00323898 
0.130981    0    3.13395e-12    0.0138559    0.00323898 
0.130639    0    3.13382e-12    0.013891    0.00323898 
0.130299    0    3.1337e-12    0.0139069    0.00323898 
0.129961    0    3.13358e-12    0.0139217    0.00323898 
0.129625    0    3.13345e-12    0.0139355    0.00323898 
0.129291    0    3.13333e-12    0.0139602    0.00323898 
0.128958    0    3.13321e-12    0.0139711    0.00323898 
0.128627    0    3.13309e-12    0.0139812    0.00323898 
0.128297    0    3.13297e-12    0.0139905    0.00323898 
0.12797    0    3.13285e-12    0.0140067    0.00323898 
0.127643    0    3.13274e-12    0.0140139    0.00323898 
0.127319    0    3.13262e-12    0.0140203    0.00323898 
0.126996    0    3.1325e-12    0.0140263    0.00323898 
0.126675    0    3.13239e-12    0.0140318    0.00323898 
0.126356    0    3.13227e-12    0.0140414    0.00323898 
0.126038    0    3.13216e-12    0.0140457    0.00323898 
0.125722    0    3.13204e-12    0.0140497    0.00323898 
0.125407    0    3.13193e-12    0.0140535    0.00323898 
0.125094    0    3.13181e-12    0.0140606    0.00323898 
0.124782    0    3.1317e-12    0.0140642    0.00323898 
0.124472    0    3.13159e-12    0.0140676    0.00323898 
0.124164    0    3.13148e-12    0.0140713    0.00323898 
0.123857    0    3.13137e-12    0.014075    0.00323898 
0.123551    0    3.13126e-12    0.014083    0.00323898 
0.123247    0    3.13115e-12    0.0140874    0.00323898 
0.122945    0    3.13104e-12    0.0140921    0.00323898 
0.122644    0    3.13093e-12    0.0140972    0.00323898 
0.122345    0    3.13082e-12    0.0141027    0.00323898 
0.122046    0    3.13072e-12    0.0141087    0.00323898 
0.12175    0    3.13061e-12    0.0141221    0.00323898 
0.121455    0    3.1305e-12    0.0141296    0.00323898 
0.121161    0    3.1304e-12    0.0141376    0.00323898 
0.120869    0    3.13029e-12    0.0141463    0.00323898 
0.120578    0    3.13019e-12    0.0141557    0.00323898 
0.120288    0    3.13008e-12    0.0141657    0.00323898 
0.12    0    3.12998e-12    0.0141877    0.00323898 
0.119713    0    3.12988e-12    0.0142    0.00323898 
0.119428    0    3.12977e-12    0.0142127    0.00323898 
0.119144    0    3.12967e-12    0.0142264    0.00323898 
0.118861    0    3.12957e-12    0.0142406    0.00323898 
0.11858    0    3.12947e-12    0.0142558    0.00323898 
0.1183    0    3.12937e-12    0.0142717    0.00323898 
0.118021    0    3.12927e-12    0.0143057    0.00323898 
0.117744    0    3.12917e-12    0.0143237    0.00323898 
0.117468    0    3.12907e-12    0.0143425    0.00323898 
0.117193    0    3.12897e-12    0.0143621    0.00323898 
0.11692    0    3.12888e-12    0.0143824    0.00323898 
0.116647    0    3.12878e-12    0.0144033    0.00323898 
0.116377    0    3.12868e-12    0.0144252    0.00323898 
0.116107    0    3.12859e-12    0.0144474    0.00323898 
0.115838    0    3.12849e-12    0.0144939    0.00323898 
0.115571    0    3.1284e-12    0.0145181    0.00323898 
0.115305    0    3.1283e-12    0.0145428    0.00323898 
0.11504    0    3.12821e-12    0.014568    0.00323898 
0.114777    0    3.12812e-12    0.0145937    0.00323898 
0.114514    0    3.12802e-12    0.0146199    0.00323898 
0.114253    0    3.12793e-12    0.0146466    0.00323898 
0.113993    0    3.12784e-12    0.0146735    0.00323898 
0.113735    0    3.12775e-12    0.0147007    0.00323898 
0.113477    0    3.12766e-12    0.0147563    0.00323898 
0.113221    0    3.12757e-12    0.0147841    0.00323898 
0.112965    0    3.12748e-12    0.0148126    0.00323898 
0.112711    0    3.12739e-12    0.0148408    0.00323898 
0.112458    0    3.1273e-12    0.0148695    0.00323898 
0.112206    0    3.12721e-12    0.0148981    0.00323898 
0.111956    0    3.12712e-12    0.0149265    0.00323898 
0.111706    0    3.12704e-12    0.0149551    0.00323898 
0.111457    0    3.12695e-12    0.0149833    0.00323898 
0.11121    0    3.12686e-12    0.0150115    0.00323898 
0.110964    0    3.12678e-12    0.0150398    0.00323898 
0.110718    0    3.12669e-12    0.0150675    0.00323898 
0.110474    0    3.12661e-12    0.0150951    0.00323898 
0.110231    0    3.12652e-12    0.0151493    0.00323898 
0.109989    0    3.12644e-12    0.0151758    0.00323898 
0.109748    0    3.12636e-12    0.0152019    0.00323898 
0.109508    0    3.12627e-12    0.0152276    0.00323898 
0.10927    0    3.12619e-12    0.0152528    0.00323898 
0.109032    0    3.12611e-12    0.0152776    0.00323898 
0.108795    0    3.12603e-12    0.0153019    0.00323898 
0.108559    0    3.12594e-12    0.0153251    0.00323898 
0.108325    0    3.12586e-12    0.015348    0.00323898 
0.108091    0    3.12578e-12    0.0153702    0.00323898 
0.107858    0    3.1257e-12    0.015392    0.00323898 
0.107626    0    3.12562e-12    0.0154131    0.00323898 
0.107396    0    3.12554e-12    0.0154333    0.00323898 
0.107166    0    3.12547e-12    0.0154531    0.00323898 
0.106937    0    3.12539e-12    0.0154718    0.00323898 
0.106709    0    3.12531e-12    0.01549    0.00323898 
0.106483    0    3.12523e-12    0.0155073    0.00323898 
0.106257    0    3.12515e-12    0.0155244    0.00323898 
0.106032    0    3.12508e-12    0.0155405    0.00323898 
0.105808    0    3.125e-12    0.0155557    0.00323898 
0.105585    0    3.12492e-12    0.0155704    0.00323898 
0.105363    0    3.12485e-12    0.0155843    0.00323898 
0.105142    0    3.12477e-12    0.0155976    0.00323898 
0.104922    0    3.1247e-12    0.0156101    0.00323898 
0.104702    0    3.12462e-12    0.0156221    0.00323898 
0.104484    0    3.12455e-12    0.0156335    0.00323898 
0.104267    0    3.12447e-12    0.0156444    0.00323898 
0.10405    0    3.1244e-12    0.0156543    0.00323898 
0.103834    0    3.12433e-12    0.0156639    0.00323898 
0.10362    0    3.12425e-12    0.0156728    0.00323898 
0.103406    0    3.12418e-12    0.0156817    0.00323898 
0.103193    0    3.12411e-12    0.0156898    0.00323898 
0.102981    0    3.12404e-12    0.0156975    0.00323898 
0.102769    0    3.12396e-12    0.0157047    0.00323898 
0.102559    0    3.12389e-12    0.0157116    0.00323898 
0.10235    0    3.12382e-12    0.0157182    0.00323898 
0.102141    0    3.12375e-12    0.0157246    0.00323898 
0.101933    0    3.12368e-12    0.0157305    0.00323898 
0.101726    0    3.12361e-12    0.0157362    0.00323898 
0.10152    0    3.12354e-12    0.0157422    0.00323898 
0.101315    0    3.12347e-12    0.0157478    0.00323898 
0.10111    0    3.1234e-12    0.0157529    0.00323898 
0.100907    0    3.12333e-12    0.0157587    0.00323898 
0.100704    0    3.12326e-12    0.0157638    0.00323898 
0.100502    0    3.12319e-12    0.015769    0.00323898 
0.100301    0    3.12313e-12    0.0157747    0.00323898 
