12.5    1.58227e-05    1.58227e-05    1.58227e-05    1.58227e-05    0.00320737    0.00320737 
11.1111    6.80311e-06    6.80332e-06    6.80311e-06    6.80312e-06    0.00321524    0.00321524 
10    2.88129e-06    2.88156e-06    2.88129e-06    2.88131e-06    0.00322036    0.00322036 
9.09091    1.20535e-06    1.20569e-06    1.20535e-06    1.20538e-06    0.00322383    0.00322383 
8.33333    4.99103e-07    4.99518e-07    4.99103e-07    4.99144e-07    0.00322643    0.00322643 
7.69231    2.04886e-07    2.05377e-07    2.04886e-07    2.04935e-07    0.00322863    0.00322863 
7.14286    8.3485e-08    8.40569e-08    8.3485e-08    8.35424e-08    0.00323064    0.00323064 
6.66667    3.37987e-08    3.44551e-08    3.37987e-08    3.38651e-08    0.00323259    0.00323259 
6.25    1.36061e-08    1.43426e-08    1.36061e-08    1.3682e-08    0.00323459    0.00323459 
5.88235    5.44995e-09    6.24758e-09    5.44995e-09    5.53551e-09    0.00323666    0.00323666 
5.55555    2.17329e-09    2.99302e-09    2.17329e-09    2.26811e-09    0.0032389    0.0032389 
5.26316    8.63173e-10    1.65581e-09    8.63173e-10    9.65289e-10    0.00324121    0.00324121 
5    3.41594e-10    1.06932e-09    3.41594e-10    4.46618e-10    0.00324367    0.00324367 
4.7619    1.34737e-10    7.82404e-10    1.34737e-10    2.36674e-10    0.00324617    0.00324617 
4.54545    5.29886e-11    6.23316e-10    5.29886e-11    1.46788e-10    0.00324893    0.00324893 
4.34782    2.07813e-11    5.2471e-10    2.07813e-11    1.04151e-10    0.00325168    0.00325168 
4.16666    8.12998e-12    4.58109e-10    8.12998e-12    8.12144e-11    0.00325468    0.00325468 
4    3.17305e-12    4.102e-10    3.17305e-12    6.73421e-11    0.00325762    0.00325762 
3.84615    1.23581e-12    3.74098e-10    1.23581e-12    5.81411e-11    0.0032608    0.0032608 
3.7037    4.80376e-13    3.45922e-10    4.80376e-13    5.16093e-11    0.00326424    0.00326424 
3.57142    1.86357e-13    3.23318e-10    1.86357e-13    4.67348e-11    0.00326754    0.00326754 
3.44825    7.21723e-14    3.04787e-10    7.21723e-14    4.29593e-11    0.00327107    0.00327107 
3.3333    2.79052e-14    2.89318e-10    2.79052e-14    3.99487e-11    0.00327462    0.00327462 
3.22576    1.07737e-14    2.76211e-10    1.07737e-14    3.74923e-11    0.0032784    0.0032784 
3.12495    4.1538e-15    2.64965e-10    4.1538e-15    3.54498e-11    0.00328241    0.00328241 
3.03026    1.59934e-15    2.5521e-10    1.59934e-15    3.37252e-11    0.00328614    0.00328614 
2.94113    6.151e-16    2.46668e-10    6.151e-16    3.22494e-11    0.00329035    0.00329035 
2.8571    2.36275e-16    2.39127e-10    2.36275e-16    3.09724e-11    0.0032945    0.0032945 
2.77774    9.06525e-17    2.3242e-10    9.06525e-17    2.98565e-11    0.00329855    0.00329855 
2.70267    3.4749e-17    2.26417e-10    3.4749e-17    2.88731e-11    0.00330313    0.00330313 
2.63154    1.33059e-17    2.21012e-10    1.33059e-17    2.79999e-11    0.0033076    0.0033076 
2.56407    5.0898e-18    2.16121e-10    5.0898e-18    2.72195e-11    0.00331191    0.00331191 
2.49997    1.94527e-18    2.11674e-10    1.94527e-18    2.65179e-11    0.00331641    0.00331641 
2.43899    7.42848e-19    2.07614e-10    7.42848e-19    2.58837e-11    0.0033211    0.0033211 
2.38092    2.83453e-19    2.03891e-10    2.83453e-19    2.53076e-11    0.00332599    0.00332599 
2.32555    1.08064e-19    2.00466e-10    1.08064e-19    2.47821e-11    0.00333065    0.00333065 
2.2727    4.11692e-20    1.97305e-10    4.11692e-20    2.43008e-11    0.00333548    0.00333548 
2.2222    1.56735e-20    1.94378e-10    1.56735e-20    2.38583e-11    0.00334049    0.00334049 
2.17389    5.9632e-21    1.91661e-10    5.9632e-21    2.34502e-11    0.00334568    0.00334568 
2.12764    2.26704e-21    1.89131e-10    2.26704e-21    2.30726e-11    0.00335055    0.00335055 
2.08331    8.61347e-22    1.86771e-10    8.61347e-22    2.27223e-11    0.00335559    0.00335559 
2.0408    3.27075e-22    1.84563e-10    3.27075e-22    2.23963e-11    0.00336078    0.00336078 
1.99998    1.24131e-22    1.82493e-10    1.24131e-22    2.20923e-11    0.00336613    0.00336613 
1.96077    4.7085e-23    1.8055e-10    4.7085e-23    2.18082e-11    0.00337164    0.00337164 
1.92306    1.78481e-23    1.78721e-10    1.78481e-23    2.15419e-11    0.00337674    0.00337674 
1.88677    6.76222e-24    1.76997e-10    6.76222e-24    2.1292e-11    0.00338197    0.00338197 
1.85183    2.56083e-24    1.7537e-10    2.56083e-24    2.10569e-11    0.00338734    0.00338734 
1.81817    9.6934e-25    1.73831e-10    9.6934e-25    2.08354e-11    0.00339284    0.00339284 
1.7857    3.66759e-25    1.72373e-10    3.66759e-25    2.06264e-11    0.00339848    0.00339848 
1.75437    1.38682e-25    1.70991e-10    1.38682e-25    2.04288e-11    0.00340361    0.00340361 
1.72412    5.24283e-26    1.69678e-10    5.24283e-26    2.02417e-11    0.00340951    0.00340951 
1.6949    1.98087e-26    1.6843e-10    1.98087e-26    2.00643e-11    0.00341487    0.00341487 
1.66665    7.48132e-27    1.67242e-10    7.48132e-27    1.98959e-11    0.00342034    0.00342034 
1.63933    2.82449e-27    1.66109e-10    2.82449e-27    1.97358e-11    0.00342591    0.00342591 
1.61289    1.06597e-27    1.65029e-10    1.06597e-27    1.95834e-11    0.0034316    0.0034316 
1.58729    4.02078e-28    1.63997e-10    4.02078e-28    1.94383e-11    0.00343666    0.00343666 
1.56249    1.51642e-28    1.6301e-10    1.51642e-28    1.92998e-11    0.00344254    0.00344254 
1.53845    5.71725e-29    1.62065e-10    5.71725e-29    1.91675e-11    0.00344853    0.00344853 
1.51514    2.15438e-29    1.6116e-10    2.15438e-29    1.90411e-11    0.00345386    0.00345386 
1.49253    8.11563e-30    1.60293e-10    8.11563e-30    1.89201e-11    0.00345927    0.00345927 
1.47058    3.05627e-30    1.5946e-10    3.05627e-30    1.88042e-11    0.00346476    0.00346476 
1.44926    1.15062e-30    1.58661e-10    1.15062e-30    1.86932e-11    0.00347033    0.00347033 
1.42856    4.33065e-31    1.57893e-10    4.33065e-31    1.85866e-11    0.00347598    0.00347598 
1.40844    1.62949e-31    1.57154e-10    1.62949e-31    1.84843e-11    0.00348171    0.00348171 
1.38888    6.12963e-32    1.56443e-10    6.12963e-32    1.8386e-11    0.00348751    0.00348751 
1.36985    2.30518e-32    1.55757e-10    2.30518e-32    1.82914e-11    0.00349339    0.00349339 
1.35134    8.66477e-33    1.55097e-10    8.66477e-33    1.82004e-11    0.00349848    0.00349848 
1.33332    3.25693e-33    1.5446e-10    3.25693e-33    1.81128e-11    0.0035045    0.0035045 
1.31578    1.22362e-33    1.53846e-10    1.22362e-33    1.80283e-11    0.00350971    0.00350971 
1.29869    4.59601e-34    1.53252e-10    4.59601e-34    1.79469e-11    0.00351498    0.00351498 
1.28204    1.72633e-34    1.52679e-10    1.72633e-34    1.78683e-11    0.00352118    0.00352118 
1.26581    6.48128e-35    1.52124e-10    6.48128e-35    1.77924e-11    0.00352656    0.00352656 
1.24999    2.43277e-35    1.51588e-10    2.43277e-35    1.77191e-11    0.00353198    0.00353198 
1.23456    9.1295e-36    1.51069e-10    9.1295e-36    1.76483e-11    0.00353745    0.00353745 
1.2195    3.42532e-36    1.50567e-10    3.42532e-36    1.75797e-11    0.00354297    0.00354297 
1.20481    1.28489e-36    1.5008e-10    1.28489e-36    1.75134e-11    0.00354853    0.00354853 
1.19047    4.81759e-37    1.49608e-10    4.81759e-37    1.74492e-11    0.0035532    0.0035532 
1.17646    1.80643e-37    1.49151e-10    1.80643e-37    1.7387e-11    0.00355885    0.00355885 
1.16278    6.7722e-38    1.48707e-10    6.7722e-38    1.73267e-11    0.00356454    0.00356454 
1.14942    2.5377e-38    1.48276e-10    2.5377e-38    1.72682e-11    0.00356931    0.00356931 
1.13636    9.51013e-39    1.47858e-10    9.51013e-39    1.72115e-11    0.00357507    0.00357507 
1.12359    3.56235e-39    1.47451e-10    3.56235e-39    1.71565e-11    0.00357991    0.00357991 
1.1111    1.33453e-39    1.47057e-10    1.33453e-39    1.71031e-11    0.00358574    0.00358574 
1.0989    4.99718e-40    1.46673e-10    4.99718e-40    1.70512e-11    0.00359063    0.00359063 
1.08695    1.87089e-40    1.46299e-10    1.87089e-40    1.70007e-11    0.00359555    0.00359555 
1.07526    7.00324e-41    1.45936e-10    7.00324e-41    1.69517e-11    0.00360049    0.00360049 
1.06382    2.62179e-41    1.45583e-10    2.62179e-41    1.6904e-11    0.00360645    0.00360645 
1.05263    9.81087e-42    1.45239e-10    9.81087e-42    1.68577e-11    0.00361144    0.00361144 
1.04166    3.6707e-42    1.44904e-10    3.6707e-42    1.68125e-11    0.00361646    0.00361646 
1.03092    1.37316e-42    1.44577e-10    1.37316e-42    1.67686e-11    0.00362149    0.00362149 
1.0204    5.13607e-43    1.44259e-10    5.13607e-43    1.67258e-11    0.00362655    0.00362655 
1.0101    1.92077e-43    1.43949e-10    1.92077e-43    1.66841e-11    0.00363163    0.00363163 
0.999995    7.18014e-44    1.43646e-10    7.18014e-44    1.66435e-11    0.0036357    0.0036357 
0.990094    2.68442e-44    1.43351e-10    2.68442e-44    1.66039e-11    0.00364081    0.00364081 
0.980387    1.00348e-44    1.43063e-10    1.00348e-44    1.65653e-11    0.00364594    0.00364594 
0.970869    3.75063e-45    1.42782e-10    3.75063e-45    1.65276e-11    0.00365109    0.00365109 
0.961534    1.40126e-45    1.42508e-10    1.40126e-45    1.64909e-11    0.00365522    0.00365522 
0.952376    5.236e-46    1.4224e-10    5.236e-46    1.6455e-11    0.00366039    0.00366039 
0.943392    1.95624e-46    1.41978e-10    1.95624e-46    1.642e-11    0.00366559    0.00366559 
0.934575    7.30579e-47    1.41722e-10    7.30579e-47    1.63858e-11    0.00366975    0.00366975 
0.925922    2.72885e-47    1.41472e-10    2.72885e-47    1.63524e-11    0.00367497    0.00367497 
0.917427    1.01886e-47    1.41228e-10    1.01886e-47    1.63197e-11    0.00367915    0.00367915 
0.909087    3.80362e-48    1.40989e-10    3.80362e-48    1.62878e-11    0.00368335    0.00368335 
0.900897    1.42021e-48    1.40755e-10    1.42021e-48    1.62567e-11    0.0036886    0.0036886 
0.892853    5.30066e-49    1.40527e-10    5.30066e-49    1.62262e-11    0.00369281    0.00369281 
0.884952    1.97815e-49    1.40303e-10    1.97815e-49    1.61963e-11    0.00369703    0.00369703 
0.877189    7.38348e-50    1.40084e-10    7.38348e-50    1.61672e-11    0.00370231    0.00370231 
0.869561    2.75481e-50    1.3987e-10    2.75481e-50    1.61386e-11    0.00370655    0.00370655 
0.862065    1.02772e-50    1.3966e-10    1.02772e-50    1.61107e-11    0.00371079    0.00371079 
0.854697    3.83361e-51    1.39454e-10    3.83361e-51    1.60833e-11    0.00371504    0.00371504 
0.847454    1.43221e-51    1.39253e-10    1.43221e-51    1.60566e-11    0.00372539    0.00372539 
0.840333    5.34827e-52    1.39056e-10    5.34827e-52    1.60304e-11    0.0037345    0.0037345 
0.83333    1.99691e-52    1.38863e-10    1.99691e-52    1.60047e-11    0.0037435    0.0037435 
0.826443    7.45449e-53    1.38674e-10    7.45449e-53    1.59796e-11    0.00375215    0.00375215 
0.819669    2.78208e-53    1.38488e-10    2.78208e-53    1.5955e-11    0.00376028    0.00376028 
0.813005    1.03801e-53    1.38307e-10    1.03801e-53    1.59309e-11    0.00376775    0.00376775 
0.806448    3.87176e-54    1.38129e-10    3.87176e-54    1.59073e-11    0.00377452    0.00377452 
0.799997    1.44375e-54    1.37954e-10    1.44375e-54    1.58841e-11    0.00378058    0.00378058 
0.793648    5.38224e-55    1.37783e-10    5.38224e-55    1.58614e-11    0.00378604    0.00378604 
0.787398    2.00604e-55    1.37615e-10    2.00604e-55    1.58391e-11    0.00379103    0.00379103 
0.781247    7.47555e-56    1.3745e-10    7.47555e-56    1.58173e-11    0.00379573    0.00379573 
0.775191    2.78462e-56    1.37288e-10    2.78462e-56    1.57959e-11    0.0037992    0.0037992 
0.769228    1.03752e-56    1.37129e-10    1.03752e-56    1.57748e-11    0.00380393    0.00380393 
0.763356    3.86562e-57    1.36973e-10    3.86562e-57    1.57542e-11    0.00380897    0.00380897 
0.757573    1.43978e-57    1.3682e-10    1.43978e-57    1.57339e-11    0.00381306    0.00381306 
0.751877    5.36482e-58    1.36669e-10    5.36482e-58    1.5714e-11    0.00381904    0.00381904 
0.746266    1.9992e-58    1.36521e-10    1.9992e-58    1.56945e-11    0.00382574    0.00382574 
0.740738    7.44706e-59    1.36376e-10    7.44706e-59    1.56753e-11    0.00383125    0.00383125 
0.735291    2.77562e-59    1.36233e-10    2.77562e-59    1.56564e-11    0.00383925    0.00383925 
0.729924    1.03401e-59    1.36093e-10    1.03401e-59    1.56379e-11    0.00384571    0.00384571 
0.724635    3.85439e-60    1.35956e-10    3.85439e-60    1.56197e-11    0.00385485    0.00385485 
0.719422    1.43592e-60    1.3582e-10    1.43592e-60    1.56019e-11    0.00386202    0.00386202 
0.714283    5.35268e-61    1.35687e-10    5.35268e-61    1.55844e-11    0.00387188    0.00387188 
0.709217    1.99395e-61    1.35557e-10    1.99395e-61    1.55671e-11    0.00387939    0.00387939 
0.704223    7.43195e-62    1.35428e-10    7.43195e-62    1.55502e-11    0.00388941    0.00388941 
0.699298    2.76801e-62    1.35302e-10    2.76801e-62    1.55335e-11    0.00389682    0.00389682 
0.694442    1.03082e-62    1.35178e-10    1.03082e-62    1.55172e-11    0.00390408    0.00390408 
0.689653    3.84054e-63    1.35056e-10    3.84054e-63    1.55011e-11    0.0039134    0.0039134 
0.684929    1.4298e-63    1.34936e-10    1.4298e-63    1.54853e-11    0.00392007    0.00392007 
0.68027    5.32227e-64    1.34817e-10    5.32227e-64    1.54697e-11    0.00392645    0.00392645 
0.675673    1.98185e-64    1.34701e-10    1.98185e-64    1.54544e-11    0.00393449    0.00393449 
0.671139    7.37485e-65    1.34587e-10    7.37485e-65    1.54394e-11    0.00394018    0.00394018 
0.666664    2.74397e-65    1.34474e-10    2.74397e-65    1.54245e-11    0.00394562    0.00394562 
0.662249    1.02083e-65    1.34363e-10    1.02083e-65    1.541e-11    0.00395085    0.00395085 
0.657893    3.79737e-66    1.34254e-10    3.79737e-66    1.53956e-11    0.00395595    0.00395595 
0.653593    1.41306e-66    1.34147e-10    1.41306e-66    1.53815e-11    0.00396264    0.00396264 
0.649349    5.25568e-67    1.34041e-10    5.25568e-67    1.53676e-11    0.00396769    0.00396769 
0.645159    1.9547e-67    1.33937e-10    1.9547e-67    1.53539e-11    0.00397285    0.00397285 
0.641024    7.26987e-68    1.33834e-10    7.26987e-68    1.53404e-11    0.0039782    0.0039782 
0.636941    2.70379e-68    1.33733e-10    2.70379e-68    1.53271e-11    0.0039838    0.0039838 
0.632909    1.00561e-68    1.33633e-10    1.00561e-68    1.5314e-11    0.00398973    0.00398973 
0.628929    3.74021e-69    1.33535e-10    3.74021e-69    1.53011e-11    0.00399603    0.00399603 
0.624998    1.39117e-69    1.33439e-10    1.39117e-69    1.52884e-11    0.00400273    0.00400273 
0.621116    5.17473e-70    1.33343e-10    5.17473e-70    1.52759e-11    0.00400986    0.00400986 
0.617282    1.92493e-70    1.33249e-10    1.92493e-70    1.52636e-11    0.00401743    0.00401743 
0.613495    7.1608e-71    1.33157e-10    7.1608e-71    1.52515e-11    0.00402542    0.00402542 
0.609754    2.66394e-71    1.33066e-10    2.66394e-71    1.52395e-11    0.0040338    0.0040338 
0.606059    9.91058e-72    1.32976e-10    9.91058e-72    1.52278e-11    0.00404253    0.00404253 
0.602408    3.68705e-72    1.32887e-10    3.68705e-72    1.52161e-11    0.00405155    0.00405155 
0.598801    1.3717e-72    1.328e-10    1.3717e-72    1.52047e-11    0.0040608    0.0040608 
0.595236    5.10301e-73    1.32714e-10    5.10301e-73    1.51934e-11    0.00407019    0.00407019 
0.591714    1.89835e-73    1.32629e-10    1.89835e-73    1.51823e-11    0.00407964    0.00407964 
0.588234    7.06156e-74    1.32546e-10    7.06156e-74    1.51714e-11    0.00408907    0.00408907 
0.584794    2.62459e-74    1.32463e-10    2.62459e-74    1.51606e-11    0.0040953    0.0040953 
0.581394    9.76143e-75    1.32382e-10    9.76143e-75    1.51499e-11    0.00410452    0.00410452 
0.578033    3.63009e-75    1.32302e-10    3.63009e-75    1.51394e-11    0.0041135    0.0041135 
0.574711    1.3498e-75    1.32223e-10    1.3498e-75    1.51291e-11    0.0041222    0.0041222 
0.571427    5.015e-76    1.32145e-10    5.015e-76    1.51189e-11    0.00412781    0.00412781 
0.56818    1.8643e-76    1.32068e-10    1.8643e-76    1.51088e-11    0.00413593    0.00413593 
0.56497    6.92943e-77    1.31992e-10    6.92943e-77    1.50988e-11    0.00414366    0.00414366 
0.561796    2.57524e-77    1.31917e-10    2.57524e-77    1.5089e-11    0.00415102    0.00415102 
0.558658    9.56397e-78    1.31843e-10    9.56397e-78    1.50794e-11    0.00415572    0.00415572 
0.555554    3.55348e-78    1.3177e-10    3.55348e-78    1.50698e-11    0.00416248    0.00416248 
0.552485    1.32013e-78    1.31698e-10    1.32013e-78    1.50604e-11    0.00416895    0.00416895 
0.549449    4.90143e-79    1.31627e-10    4.90143e-79    1.50511e-11    0.00417312    0.00417312 
0.546447    1.82057e-79    1.31557e-10    1.82057e-79    1.50419e-11    0.00417922    0.00417922 
0.543477    6.7618e-80    1.31487e-10    6.7618e-80    1.50329e-11    0.00418522    0.00418522 
0.540539    2.51008e-80    1.31419e-10    2.51008e-80    1.50239e-11    0.00418919    0.00418919 
0.537633    9.32186e-81    1.31351e-10    9.32186e-81    1.50151e-11    0.00419519    0.00419519 
0.534758    3.46017e-81    1.31284e-10    3.46017e-81    1.50063e-11    0.00419925    0.00419925 
0.531913    1.28499e-81    1.31218e-10    1.28499e-81    1.49977e-11    0.00420551    0.00420551 
0.529099    4.77214e-82    1.31153e-10    4.77214e-82    1.49892e-11    0.00421203    0.00421203 
0.526314    1.77134e-82    1.31089e-10    1.77134e-82    1.49808e-11    0.00421656    0.00421656 
0.523559    6.57866e-83    1.31025e-10    6.57866e-83    1.49725e-11    0.0042237    0.0042237 
0.520832    2.44195e-83    1.30962e-10    2.44195e-83    1.49643e-11    0.00422869    0.00422869 
0.518133    9.07014e-84    1.309e-10    9.07014e-84    1.49562e-11    0.00423659    0.00423659 
0.515463    3.36691e-84    1.30839e-10    3.36691e-84    1.49482e-11    0.00424212    0.00424212 
0.512819    1.25071e-84    1.30778e-10    1.25071e-84    1.49403e-11    0.00425086    0.00425086 
0.510203    4.64299e-85    1.30719e-10    4.64299e-85    1.49324e-11    0.00425696    0.00425696 
0.507613    1.72493e-85    1.30659e-10    1.72493e-85    1.49247e-11    0.00426652    0.00426652 
0.505049    6.40368e-86    1.30601e-10    6.40368e-86    1.49171e-11    0.00427315    0.00427315 
0.502511    2.37926e-86    1.30543e-10    2.37926e-86    1.49096e-11    0.00428345    0.00428345 
0.499999    8.83302e-87    1.30486e-10    8.83302e-87    1.49021e-11    0.00429053    0.00429053 
0.497511    3.27924e-87    1.3043e-10    3.27924e-87    1.48948e-11    0.00429774    0.00429774 
0.495048    1.21844e-87    1.30374e-10    1.21844e-87    1.48875e-11    0.00430878    0.00430878 
0.49261    4.52334e-88    1.30319e-10    4.52334e-88    1.48803e-11    0.00431623    0.00431623 
0.490195    1.67919e-88    1.30264e-10    1.67919e-88    1.48732e-11    0.00432374    0.00432374 
0.487804    6.23884e-89    1.30211e-10    6.23884e-89    1.48662e-11    0.00433502    0.00433502 
0.485436    2.31585e-89    1.30157e-10    2.31585e-89    1.48593e-11    0.00434251    0.00434251 
0.483091    8.60327e-90    1.30105e-10    8.60327e-90    1.48524e-11    0.00435365    0.00435365 
0.480768    3.19314e-90    1.30053e-10    3.19314e-90    1.48456e-11    0.00436095    0.00436095 
0.478468    1.18507e-90    1.30001e-10    1.18507e-90    1.48389e-11    0.00436814    0.00436814 
0.476189    4.39785e-91    1.29951e-10    4.39785e-91    1.48323e-11    0.00437518    0.00437518 
0.473933    1.6332e-91    1.299e-10    1.6332e-91    1.48258e-11    0.00438543    0.00438543 
0.471697    6.05982e-92    1.29851e-10    6.05982e-92    1.48193e-11    0.00439204    0.00439204 
0.469482    2.24826e-92    1.29802e-10    2.24826e-92    1.48129e-11    0.00439844    0.00439844 
0.467289    8.34631e-93    1.29753e-10    8.34631e-93    1.48066e-11    0.00440766    0.00440766 
0.465115    3.09598e-93    1.29705e-10    3.09598e-93    1.48003e-11    0.00441355    0.00441355 
0.462962    1.14833e-93    1.29657e-10    1.14833e-93    1.47941e-11    0.00441923    0.00441923 
0.460828    4.25897e-94    1.2961e-10    4.25897e-94    1.4788e-11    0.00442471    0.00442471 
0.458715    1.58038e-94    1.29564e-10    1.58038e-94    1.47819e-11    0.0044326    0.0044326 
0.45662    5.86039e-95    1.29518e-10    5.86039e-95    1.47759e-11    0.00443766    0.00443766 
0.454544    2.17302e-95    1.29472e-10    2.17302e-95    1.477e-11    0.00444258    0.00444258 
0.452488    8.05707e-96    1.29427e-10    8.05707e-96    1.47641e-11    0.00444738    0.00444738 
0.450449    2.98723e-96    1.29382e-10    2.98723e-96    1.47583e-11    0.00445211    0.00445211 
0.448429    1.10749e-96    1.29338e-10    1.10749e-96    1.47526e-11    0.00445678    0.00445678 
0.446428    4.10795e-97    1.29294e-10    4.10795e-97    1.47469e-11    0.00446377    0.00446377 
0.444443    1.5229e-97    1.29251e-10    1.5229e-97    1.47412e-11    0.00446845    0.00446845 
0.442477    5.64562e-98    1.29208e-10    5.64562e-98    1.47356e-11    0.0044732    0.0044732 
0.440528    2.0929e-98    1.29166e-10    2.0929e-98    1.47301e-11    0.00447805    0.00447805 
0.438596    7.7586e-99    1.29124e-10    7.7586e-99    1.47247e-11    0.00448302    0.00448302 
0.43668    2.87622e-99    1.29082e-10    2.87622e-99    1.47193e-11    0.00448816    0.00448816 
0.434782    1.06627e-99    1.29041e-10    1.06627e-99    1.47139e-11    0.00449349    0.00449349 
0.432899    3.95293e-100    1.29e-10    3.95293e-100    1.47086e-11    0.00449904    0.00449904 
0.431034    1.46646e-100    1.2896e-10    1.46646e-100    1.47033e-11    0.00450783    0.00450783 
0.429184    5.43699e-101    1.2892e-10    5.43699e-101    1.46981e-11    0.00451402    0.00451402 
0.42735    2.01586e-101    1.2888e-10    2.01586e-101    1.4693e-11    0.00452049    0.00452049 
0.425531    7.47446e-102    1.28841e-10    7.47446e-102    1.46879e-11    0.00452726    0.00452726 
0.423728    2.77149e-102    1.28802e-10    2.77149e-102    1.46829e-11    0.00453432    0.00453432 
0.42194    1.02769e-102    1.28764e-10    1.02769e-102    1.46779e-11    0.00454168    0.00454168 
0.420167    3.81092e-103    1.28725e-10    3.81092e-103    1.46729e-11    0.00454934    0.00454934 
0.418409    1.41322e-103    1.28688e-10    1.41322e-103    1.4668e-11    0.00455727    0.00455727 
0.416666    5.24084e-104    1.2865e-10    5.24084e-104    1.46632e-11    0.00456547    0.00456547 
0.414937    1.94359e-104    1.28614e-10    1.94359e-104    1.46584e-11    0.00457392    0.00457392 
0.413222    7.208e-105    1.28577e-10    7.208e-105    1.46536e-11    0.00458258    0.00458258 
0.411522    2.6732e-105    1.28541e-10    2.6732e-105    1.46489e-11    0.00459143    0.00459143 
0.409835    9.91402e-106    1.28505e-10    9.91402e-106    1.46443e-11    0.00460044    0.00460044 
0.408162    3.67678e-106    1.28469e-10    3.67678e-106    1.46396e-11    0.00460958    0.00460958 
0.406503    1.36358e-106    1.28434e-10    1.36358e-106    1.46351e-11    0.00461879    0.00461879 
0.404857    5.05689e-107    1.28399e-10    5.05689e-107    1.46306e-11    0.00462803    0.00462803 
0.403225    1.87531e-107    1.28365e-10    1.87531e-107    1.46261e-11    0.00463728    0.00463728 
0.401606    6.95421e-108    1.28331e-10    6.95421e-108    1.46216e-11    0.00464647    0.00464647 
0.399999    2.5787e-108    1.28297e-10    2.5787e-108    1.46172e-11    0.00465556    0.00465556 
0.398406    9.56155e-109    1.28263e-10    9.56155e-109    1.46129e-11    0.00466452    0.00466452 
0.396825    3.54178e-109    1.2823e-10    3.54178e-109    1.46086e-11    0.00466893    0.00466893 
0.395256    1.31311e-109    1.28197e-10    1.31311e-109    1.46043e-11    0.00467759    0.00467759 
0.3937    4.86792e-110    1.28164e-10    4.86792e-110    1.46001e-11    0.00468601    0.00468601 
0.392156    1.80447e-110    1.28132e-10    1.80447e-110    1.45959e-11    0.00469415    0.00469415 
0.390624    6.68829e-111    1.281e-10    6.68829e-111    1.45917e-11    0.00470197    0.00470197 
0.389104    2.47854e-111    1.28068e-10    2.47854e-111    1.45876e-11    0.00470945    0.00470945 
0.387596    9.18399e-112    1.28037e-10    9.18399e-112    1.45835e-11    0.00471657    0.00471657 
0.386099    3.40268e-112    1.28006e-10    3.40268e-112    1.45795e-11    0.00472331    0.00472331 
0.384614    1.26057e-112    1.27975e-10    1.26057e-112    1.45755e-11    0.00472965    0.00472965 
0.38314    4.66653e-113    1.27944e-10    4.66653e-113    1.45715e-11    0.00473268    0.00473268 
0.381678    1.72848e-113    1.27914e-10    1.72848e-113    1.45676e-11    0.00473843    0.00473843 
0.380226    6.40157e-114    1.27884e-10    6.40157e-114    1.45637e-11    0.00474379    0.00474379 
0.378786    2.37064e-114    1.27854e-10    2.37064e-114    1.45598e-11    0.00474878    0.00474878 
0.377356    8.77813e-115    1.27824e-10    8.77813e-115    1.45559e-11    0.0047534    0.0047534 
0.375938    3.25011e-115    1.27795e-10    3.25011e-115    1.45521e-11    0.00475769    0.00475769 
0.37453    1.20276e-115    1.27766e-10    1.20276e-115    1.45484e-11    0.00475972    0.00475972 
0.373132    4.45263e-116    1.27737e-10    4.45263e-116    1.45446e-11    0.00476357    0.00476357 
0.371745    1.64825e-116    1.27708e-10    1.64825e-116    1.45409e-11    0.00476718    0.00476718 
0.370368    6.10099e-117    1.2768e-10    6.10099e-117    1.45372e-11    0.00477058    0.00477058 
0.369001    2.25816e-117    1.27652e-10    2.25816e-117    1.45336e-11    0.00477382    0.00477382 
0.367644    8.35506e-118    1.27624e-10    8.35506e-118    1.453e-11    0.0047754    0.0047754 
0.366297    3.09225e-118    1.27596e-10    3.09225e-118    1.45264e-11    0.00477851    0.00477851 
0.36496    1.14442e-118    1.27569e-10    1.14442e-118    1.45228e-11    0.00478159    0.00478159 
0.363633    4.2354e-119    1.27541e-10    4.2354e-119    1.45193e-11    0.0047847    0.0047847 
0.362316    1.56694e-119    1.27514e-10    1.56694e-119    1.45158e-11    0.00478628    0.00478628 
0.361007    5.79904e-120    1.27488e-10    5.79904e-120    1.45123e-11    0.00478953    0.00478953 
0.359709    2.14618e-120    1.27461e-10    2.14618e-120    1.45088e-11    0.00479294    0.00479294 
0.358419    7.943e-121    1.27435e-10    7.943e-121    1.45054e-11    0.00479657    0.00479657 
0.357139    2.9386e-121    1.27408e-10    2.9386e-121    1.4502e-11    0.00479848    0.00479848 
0.355868    1.08763e-121    1.27382e-10    1.08763e-121    1.44987e-11    0.00480251    0.00480251 
0.354606    4.02569e-122    1.27357e-10    4.02569e-122    1.44953e-11    0.00480688    0.00480688 
0.353353    1.48939e-122    1.27331e-10    1.48939e-122    1.4492e-11    0.00480919    0.00480919 
0.352109    5.51317e-123    1.27306e-10    5.51317e-123    1.44887e-11    0.00481411    0.00481411 
0.350873    2.04091e-123    1.2728e-10    2.04091e-123    1.44855e-11    0.00481944    0.00481944 
0.349646    7.55574e-124    1.27255e-10    7.55574e-124    1.44822e-11    0.0048252    0.0048252 
0.348428    2.79562e-124    1.27231e-10    2.79562e-124    1.4479e-11    0.00482825    0.00482825 
0.347218    1.03508e-124    1.27206e-10    1.03508e-124    1.44758e-11    0.0048347    0.0048347 
0.346016    3.83271e-125    1.27182e-10    3.83271e-125    1.44727e-11    0.00484161    0.00484161 
0.344823    1.41819e-125    1.27157e-10    1.41819e-125    1.44695e-11    0.00484523    0.00484523 
0.343638    5.25182e-126    1.27133e-10    5.25182e-126    1.44664e-11    0.00485284    0.00485284 
0.342461    1.94499e-126    1.2711e-10    1.94499e-126    1.44633e-11    0.00486089    0.00486089 
0.341292    7.19734e-127    1.27086e-10    7.19734e-127    1.44603e-11    0.00486508    0.00486508 
0.340131    2.66575e-127    1.27062e-10    2.66575e-127    1.44572e-11    0.00487377    0.00487377 
0.338978    9.86473e-128    1.27039e-10    9.86473e-128    1.44542e-11    0.00487827    0.00487827 
0.337833    3.65399e-128    1.27016e-10    3.65399e-128    1.44512e-11    0.00488754    0.00488754 
0.336695    1.35354e-128    1.26993e-10    1.35354e-128    1.44483e-11    0.00489716    0.00489716 
0.335565    5.009e-129    1.26971e-10    5.009e-129    1.44453e-11    0.00490208    0.00490208 
0.334443    1.85556e-129    1.26948e-10    1.85556e-129    1.44424e-11    0.00491213    0.00491213 
0.333328    6.87403e-130    1.26926e-10    6.87403e-130    1.44395e-11    0.00492241    0.00492241 
0.33222    2.54385e-130    1.26903e-10    2.54385e-130    1.44367e-11    0.00492762    0.00492762 
0.33112    9.42393e-131    1.26881e-10    9.42393e-131    1.44338e-11    0.00493814    0.00493814 
0.330027    3.48742e-131    1.2686e-10    3.48742e-131    1.4431e-11    0.00494343    0.00494343 
0.328942    1.29193e-131    1.26838e-10    1.29193e-131    1.44282e-11    0.00495407    0.00495407 
0.327863    4.78588e-132    1.26816e-10    4.78588e-132    1.44254e-11    0.0049647    0.0049647 
0.326792    1.77097e-132    1.26795e-10    1.77097e-132    1.44226e-11    0.00497    0.00497 
0.325727    6.56007e-133    1.26774e-10    6.56007e-133    1.44199e-11    0.00498052    0.00498052 
0.324669    2.42736e-133    1.26753e-10    2.42736e-133    1.44172e-11    0.00498573    0.00498573 
0.323619    8.99072e-134    1.26732e-10    8.99072e-134    1.44145e-11    0.00499601    0.00499601 
0.322575    3.32654e-134    1.26711e-10    3.32654e-134    1.44118e-11    0.00500107    0.00500107 
0.321537    1.23198e-134    1.26691e-10    1.23198e-134    1.44091e-11    0.00501099    0.00501099 
0.320507    4.56229e-135    1.2667e-10    4.56229e-135    1.44065e-11    0.00502061    0.00502061 
0.319482    1.68782e-135    1.2665e-10    1.68782e-135    1.44039e-11    0.00502529    0.00502529 
0.318465    6.24946e-136    1.2663e-10    6.24946e-136    1.44013e-11    0.00503437    0.00503437 
0.317454    2.31178e-136    1.2661e-10    2.31178e-136    1.43987e-11    0.00503877    0.00503877 
0.316449    8.55847e-137    1.2659e-10    8.55847e-137    1.43961e-11    0.00504725    0.00504725 
0.315451    3.16563e-137    1.26571e-10    3.16563e-137    1.43936e-11    0.00505133    0.00505133 
0.314459    1.17176e-137    1.26551e-10    1.17176e-137    1.43911e-11    0.00505915    0.00505915 
0.313473    4.3337e-138    1.26532e-10    4.3337e-138    1.43886e-11    0.00506289    0.00506289 
0.312493    1.60385e-138    1.26512e-10    1.60385e-138    1.43861e-11    0.00507004    0.00507004 
0.31152    5.93119e-139    1.26493e-10    5.93119e-139    1.43836e-11    0.00507344    0.00507344 
0.310552    2.19471e-139    1.26474e-10    2.19471e-139    1.43812e-11    0.00507991    0.00507991 
0.309591    8.11546e-140    1.26456e-10    8.11546e-140    1.43787e-11    0.00508298    0.00508298 
0.308635    3.00247e-140    1.26437e-10    3.00247e-140    1.43763e-11    0.0050888    0.0050888 
0.307685    1.11014e-140    1.26418e-10    1.11014e-140    1.43739e-11    0.00509157    0.00509157 
0.306741    4.10657e-141    1.264e-10    4.10657e-141    1.43715e-11    0.00509681    0.00509681 
0.305803    1.51824e-141    1.26382e-10    1.51824e-141    1.43691e-11    0.0050993    0.0050993 
0.304871    5.61551e-142    1.26363e-10    5.61551e-142    1.43668e-11    0.00510405    0.00510405 
0.303944    2.07597e-142    1.26345e-10    2.07597e-142    1.43645e-11    0.00510631    0.00510631 
0.303023    7.67754e-143    1.26327e-10    7.67754e-143    1.43621e-11    0.00511066    0.00511066 
0.302108    2.83809e-143    1.26309e-10    2.83809e-143    1.43598e-11    0.00511276    0.00511276 
0.301197    1.04911e-143    1.26292e-10    1.04911e-143    1.43575e-11    0.00511482    0.00511482 
0.300293    3.8795e-144    1.26274e-10    3.8795e-144    1.43553e-11    0.00511884    0.00511884 
0.299394    1.43401e-144    1.26257e-10    1.43401e-144    1.4353e-11    0.00512081    0.00512081 
0.2985    5.30257e-145    1.26239e-10    5.30257e-145    1.43508e-11    0.00512473    0.00512473 
0.297612    1.95997e-145    1.26222e-10    1.95997e-145    1.43485e-11    0.0051267    0.0051267 
0.296728    7.2473e-146    1.26205e-10    7.2473e-146    1.43463e-11    0.00513066    0.00513066 
0.29585    2.67875e-146    1.26188e-10    2.67875e-146    1.43441e-11    0.00513268    0.00513268 
0.294978    9.90519e-147    1.26171e-10    9.90519e-147    1.43419e-11    0.00513683    0.00513683 
0.29411    3.66115e-147    1.26154e-10    3.66115e-147    1.43398e-11    0.00513897    0.00513897 
0.293247    1.35323e-147    1.26137e-10    1.35323e-147    1.43376e-11    0.00514117    0.00514117 
0.29239    5.00406e-148    1.26121e-10    5.00406e-148    1.43354e-11    0.00514576    0.00514576 
0.291537    1.84962e-148    1.26104e-10    1.84962e-148    1.43333e-11    0.00514816    0.00514816 
0.29069    6.84007e-149    1.26088e-10    6.84007e-149    1.43312e-11    0.00515321    0.00515321 
0.289847    2.52831e-149    1.26072e-10    2.52831e-149    1.43291e-11    0.00515587    0.00515587 
0.289009    9.34552e-150    1.26055e-10    9.34552e-150    1.4327e-11    0.00515862    0.00515862 
0.288176    3.45643e-150    1.26039e-10    3.45643e-150    1.43249e-11    0.00516443    0.00516443 
0.287348    1.27766e-150    1.26023e-10    1.27766e-150    1.43229e-11    0.00516749    0.00516749 
0.286525    4.72586e-151    1.26007e-10    4.72586e-151    1.43208e-11    0.00517394    0.00517394 
0.285706    1.74697e-151    1.25992e-10    1.74697e-151    1.43188e-11    0.00517733    0.00517733 
0.284892    6.45793e-152    1.25976e-10    6.45793e-152    1.43167e-11    0.00518083    0.00518083 
0.284083    2.38901e-152    1.2596e-10    2.38901e-152    1.43147e-11    0.00518818    0.00518818 
0.283278    8.83167e-153    1.25945e-10    8.83167e-153    1.43127e-11    0.00519202    0.00519202 
0.282478    3.26492e-153    1.2593e-10    3.26492e-153    1.43108e-11    0.00519598    0.00519598 
0.281682    1.20796e-153    1.25914e-10    1.20796e-153    1.43088e-11    0.00520421    0.00520421 
0.280891    4.46579e-154    1.25899e-10    4.46579e-154    1.43068e-11    0.00520849    0.00520849 
0.280104    1.65241e-154    1.25884e-10    1.65241e-154    1.43049e-11    0.00521734    0.00521734 
0.279321    6.1091e-155    1.25869e-10    6.1091e-155    1.43029e-11    0.00522191    0.00522191 
0.278543    2.25859e-155    1.25854e-10    2.25859e-155    1.4301e-11    0.00522656    0.00522656 
0.277769    8.35791e-156    1.25839e-10    8.35791e-156    1.42991e-11    0.00523611    0.00523611 
0.277    3.09005e-156    1.25825e-10    3.09005e-156    1.42972e-11    0.00524099    0.00524099 
0.276235    1.14244e-156    1.2581e-10    1.14244e-156    1.42953e-11    0.00524594    0.00524594 
0.275474    4.22783e-157    1.25796e-10    4.22783e-157    1.42934e-11    0.00525598    0.00525598 
0.274717    1.5631e-157    1.25781e-10    1.5631e-157    1.42916e-11    0.00526107    0.00526107 
0.273964    5.77898e-158    1.25767e-10    5.77898e-158    1.42897e-11    0.00526619    0.00526619 
0.273215    2.13864e-158    1.25753e-10    2.13864e-158    1.42879e-11    0.00527649    0.00527649 
0.272471    7.90672e-159    1.25738e-10    7.90672e-159    1.42861e-11    0.00528165    0.00528165 
0.27173    2.92313e-159    1.25724e-10    2.92313e-159    1.42843e-11    0.0052868    0.0052868 
0.270994    1.08067e-159    1.2571e-10    1.08067e-159    1.42825e-11    0.00529194    0.00529194 
0.270262    3.99899e-160    1.25696e-10    3.99899e-160    1.42807e-11    0.00530214    0.00530214 
0.269533    1.47835e-160    1.25683e-10    1.47835e-160    1.42789e-11    0.00530718    0.00530718 
0.268808    5.46507e-161    1.25669e-10    5.46507e-161    1.42771e-11    0.00531217    0.00531217 
0.268088    2.02209e-161    1.25655e-10    2.02209e-161    1.42754e-11    0.00532195    0.00532195 
0.267371    7.47463e-162    1.25642e-10    7.47463e-162    1.42736e-11    0.00532673    0.00532673 
0.266658    2.76292e-162    1.25628e-10    2.76292e-162    1.42719e-11    0.00533142    0.00533142 
0.265949    1.02211e-162    1.25615e-10    1.02211e-162    1.42701e-11    0.00534049    0.00534049 
0.265243    3.77781e-163    1.25602e-10    3.77781e-163    1.42684e-11    0.00534486    0.00534486 
0.264541    1.39626e-163    1.25588e-10    1.39626e-163    1.42667e-11    0.00534912    0.00534912 
0.263843    5.16036e-164    1.25575e-10    5.16036e-164    1.4265e-11    0.00535324    0.00535324 
0.263149    1.90848e-164    1.25562e-10    1.90848e-164    1.42633e-11    0.00536108    0.00536108 
0.262458    7.05274e-165    1.25549e-10    7.05274e-165    1.42617e-11    0.00536479    0.00536479 
0.261771    2.60621e-165    1.25536e-10    2.60621e-165    1.426e-11    0.00536835    0.00536835 
0.261088    9.63042e-166    1.25524e-10    9.63042e-166    1.42583e-11    0.00537176    0.00537176 
0.260408    3.56052e-166    1.25511e-10    3.56052e-166    1.42567e-11    0.00537811    0.00537811 
0.259731    1.31553e-166    1.25498e-10    1.31553e-166    1.42551e-11    0.00538104    0.00538104 
0.259058    4.8604e-167    1.25486e-10    4.8604e-167    1.42534e-11    0.00538382    0.00538382 
0.258389    1.79567e-167    1.25473e-10    1.79567e-167    1.42518e-11    0.00538644    0.00538644 
0.257723    6.63663e-168    1.25461e-10    6.63663e-168    1.42502e-11    0.00539121    0.00539121 
0.25706    2.45163e-168    1.25448e-10    2.45163e-168    1.42486e-11    0.00539336    0.00539336 
0.256401    9.05619e-169    1.25436e-10    9.05619e-169    1.4247e-11    0.00539536    0.00539536 
0.255745    3.34518e-169    1.25424e-10    3.34518e-169    1.42454e-11    0.00539722    0.00539722 
0.255093    1.23597e-169    1.25411e-10    1.23597e-169    1.42439e-11    0.00540053    0.00540053 
0.254444    4.565e-170    1.25399e-10    4.565e-170    1.42423e-11    0.00540199    0.00540199 
0.253798    1.68602e-170    1.25387e-10    1.68602e-170    1.42407e-11    0.00540333    0.00540333 
0.253155    6.22686e-171    1.25375e-10    6.22686e-171    1.42392e-11    0.00540457    0.00540457 
0.252516    2.30011e-171    1.25363e-10    2.30011e-171    1.42377e-11    0.00540676    0.00540676 
0.25188    8.4943e-172    1.25351e-10    8.4943e-172    1.42361e-11    0.00540773    0.00540773 
0.251247    3.13687e-172    1.2534e-10    3.13687e-172    1.42346e-11    0.00540865    0.00540865 
0.250617    1.1584e-172    1.25328e-10    1.1584e-172    1.42331e-11    0.0054095    0.0054095 
0.249991    4.27771e-173    1.25316e-10    4.27771e-173    1.42316e-11    0.00541033    0.00541033 
0.249367    1.57987e-173    1.25304e-10    1.57987e-173    1.42301e-11    0.00541191    0.00541191 
0.248747    5.83399e-174    1.25293e-10    5.83399e-174    1.42286e-11    0.00541271    0.00541271 
0.24813    2.1543e-174    1.25281e-10    2.1543e-174    1.42271e-11    0.00541352    0.00541352 
0.247515    7.95513e-175    1.2527e-10    7.95513e-175    1.42256e-11    0.00541438    0.00541438 
0.246904    2.93757e-175    1.25259e-10    2.93757e-175    1.42242e-11    0.00541529    0.00541529 
0.246296    1.08497e-175    1.25247e-10    1.08497e-175    1.42227e-11    0.00541734    0.00541734 
0.245691    4.00655e-176    1.25236e-10    4.00655e-176    1.42213e-11    0.00541852    0.00541852 
0.245089    1.47955e-176    1.25225e-10    1.47955e-176    1.42198e-11    0.00541983    0.00541983 
0.244489    5.46385e-177    1.25214e-10    5.46385e-177    1.42184e-11    0.00542127    0.00542127 
0.243893    2.01779e-177    1.25203e-10    2.01779e-177    1.42169e-11    0.00542288    0.00542288 
0.2433    7.45456e-178    1.25192e-10    7.45456e-178    1.42155e-11    0.00542665    0.00542665 
0.242709    2.75321e-178    1.25181e-10    2.75321e-178    1.42141e-11    0.00542885    0.00542885 
0.242121    1.01688e-178    1.2517e-10    1.01688e-178    1.42127e-11    0.00543129    0.00543129 
0.241536    3.75593e-179    1.25159e-10    3.75593e-179    1.42113e-11    0.00543397    0.00543397 
0.240954    1.38734e-179    1.25148e-10    1.38734e-179    1.42099e-11    0.00543693    0.00543693 
0.240375    5.12469e-180    1.25137e-10    5.12469e-180    1.42085e-11    0.00544017    0.00544017 
0.239799    1.89444e-180    1.25127e-10    1.89444e-180    1.42072e-11    0.00544759    0.00544759 
0.239225    6.99897e-181    1.25116e-10    6.99897e-181    1.42058e-11    0.00545181    0.00545181 
0.238654    2.5859e-181    1.25105e-10    2.5859e-181    1.42044e-11    0.00545637    0.00545637 
0.238086    9.55467e-182    1.25095e-10    9.55467e-182    1.42031e-11    0.00546131    0.00546131 
0.23752    3.53058e-182    1.25084e-10    3.53058e-182    1.42017e-11    0.00546664    0.00546664 
0.236957    1.30468e-182    1.25074e-10    1.30468e-182    1.42004e-11    0.00547237    0.00547237 
0.236397    4.8216e-183    1.25064e-10    4.8216e-183    1.4199e-11    0.00547852    0.00547852 
0.235839    1.78429e-183    1.25053e-10    1.78429e-183    1.41977e-11    0.00549212    0.00549212 
0.235284    6.5955e-184    1.25043e-10    6.5955e-184    1.41964e-11    0.00549961    0.00549961 
0.234732    2.43817e-184    1.25033e-10    2.43817e-184    1.41951e-11    0.00550756    0.00550756 
0.234182    9.01394e-185    1.25023e-10    9.01394e-185    1.41938e-11    0.005516    0.005516 
0.233635    3.33272e-185    1.25013e-10    3.33272e-185    1.41925e-11    0.00552494    0.00552494 
0.233091    1.23231e-185    1.25003e-10    1.23231e-185    1.41912e-11    0.00553438    0.00553438 
0.232548    4.55694e-186    1.24993e-10    4.55694e-186    1.41899e-11    0.00554433    0.00554433 
0.232009    1.68525e-186    1.24983e-10    1.68525e-186    1.41887e-11    0.00555481    0.00555481 
0.231472    6.24587e-187    1.24973e-10    6.24587e-187    1.41874e-11    0.00557738    0.00557738 
0.230937    2.31046e-187    1.24964e-10    2.31046e-187    1.41861e-11    0.00558947    0.00558947 
0.230405    8.54752e-188    1.24954e-10    8.54752e-188    1.41849e-11    0.00560212    0.00560212 
0.229875    3.16242e-188    1.24944e-10    3.16242e-188    1.41836e-11    0.00561533    0.00561533 
0.229348    1.17014e-188    1.24935e-10    1.17014e-188    1.41824e-11    0.0056291    0.0056291 
0.228823    4.33005e-189    1.24925e-10    4.33005e-189    1.41812e-11    0.00564344    0.00564344 
0.228301    1.60245e-189    1.24916e-10    1.60245e-189    1.418e-11    0.00565834    0.00565834 
0.227781    5.93081e-190    1.24906e-10    5.93081e-190    1.41787e-11    0.00567381    0.00567381 
0.227263    2.19523e-190    1.24897e-10    2.19523e-190    1.41775e-11    0.00568985    0.00568985 
0.226748    8.15058e-191    1.24888e-10    8.15058e-191    1.41763e-11    0.00572364    0.00572364 
0.226235    3.01763e-191    1.24878e-10    3.01763e-191    1.41752e-11    0.00574139    0.00574139 
0.225724    1.11732e-191    1.24869e-10    1.11732e-191    1.4174e-11    0.00575969    0.00575969 
0.225215    4.13739e-192    1.2486e-10    4.13739e-192    1.41728e-11    0.00577856    0.00577856 
0.224709    1.53217e-192    1.24851e-10    1.53217e-192    1.41716e-11    0.00579797    0.00579797 
0.224205    5.6744e-193    1.24842e-10    5.6744e-193    1.41705e-11    0.00581794    0.00581794 
0.223704    2.10167e-193    1.24833e-10    2.10167e-193    1.41693e-11    0.00583844    0.00583844 
0.223204    7.78468e-194    1.24824e-10    7.78468e-194    1.41682e-11    0.00585948    0.00585948 
0.222707    2.88367e-194    1.24815e-10    2.88367e-194    1.4167e-11    0.00588103    0.00588103 
0.222212    1.06827e-194    1.24807e-10    1.06827e-194    1.41659e-11    0.0059031    0.0059031 
0.22172    3.95768e-195    1.24798e-10    3.95768e-195    1.41648e-11    0.00592567    0.00592567 
0.221229    1.46632e-195    1.24789e-10    1.46632e-195    1.41637e-11    0.00594872    0.00594872 
0.220741    5.43301e-196    1.24781e-10    5.43301e-196    1.41626e-11    0.00597225    0.00597225 
0.220254    2.02136e-196    1.24772e-10    2.02136e-196    1.41615e-11    0.00602068    0.00602068 
0.21977    7.49073e-197    1.24764e-10    7.49073e-197    1.41604e-11    0.00604554    0.00604554 
0.219288    2.77603e-197    1.24755e-10    2.77603e-197    1.41593e-11    0.00607082    0.00607082 
0.218809    1.02883e-197    1.24747e-10    1.02883e-197    1.41582e-11    0.00609649    0.00609649 
0.218331    3.81308e-198    1.24739e-10    3.81308e-198    1.41571e-11    0.00612253    0.00612253 
0.217855    1.41327e-198    1.2473e-10    1.41327e-198    1.41561e-11    0.00614893    0.00614893 
0.217381    5.23823e-199    1.24722e-10    5.23823e-199    1.4155e-11    0.00617567    0.00617567 
0.21691    1.94158e-199    1.24714e-10    1.94158e-199    1.4154e-11    0.00620272    0.00620272 
0.21644    7.19674e-200    1.24706e-10    7.19674e-200    1.41529e-11    0.00623007    0.00623007 
0.215973    2.66762e-200    1.24698e-10    2.66762e-200    1.41519e-11    0.00625768    0.00625768 
0.215507    9.88819e-201    1.2469e-10    9.88819e-201    1.41509e-11    0.00628554    0.00628554 
0.215044    3.66534e-201    1.24682e-10    3.66534e-201    1.41499e-11    0.00631363    0.00631363 
0.214582    1.35867e-201    1.24674e-10    1.35867e-201    1.41488e-11    0.00634192    0.00634192 
0.214123    5.03632e-202    1.24666e-10    5.03632e-202    1.41478e-11    0.00637038    0.00637038 
0.213665    1.86686e-202    1.24658e-10    1.86686e-202    1.41468e-11    0.006399    0.006399 
0.21321    6.92001e-203    1.24651e-10    6.92001e-203    1.41458e-11    0.00642774    0.00642774 
0.212756    2.56506e-203    1.24643e-10    2.56506e-203    1.41449e-11    0.00645659    0.00645659 
0.212304    9.50784e-204    1.24636e-10    9.50784e-204    1.41439e-11    0.00648551    0.00648551 
0.211854    3.52418e-204    1.24628e-10    3.52418e-204    1.41429e-11    0.00651449    0.00651449 
0.211407    1.30625e-204    1.2462e-10    1.30625e-204    1.41419e-11    0.0065435    0.0065435 
0.210961    4.84151e-205    1.24613e-10    4.84151e-205    1.4141e-11    0.00657251    0.00657251 
0.210516    1.79442e-205    1.24606e-10    1.79442e-205    1.414e-11    0.00660151    0.00660151 
0.210074    6.65048e-206    1.24598e-10    6.65048e-206    1.41391e-11    0.00663046    0.00663046 
0.209634    2.46471e-206    1.24591e-10    2.46471e-206    1.41381e-11    0.00665935    0.00665935 
0.209195    9.13406e-207    1.24584e-10    9.13406e-207    1.41372e-11    0.00668815    0.00668815 
0.208758    3.38488e-207    1.24576e-10    3.38488e-207    1.41363e-11    0.00671684    0.00671684 
0.208323    1.25431e-207    1.24569e-10    1.25431e-207    1.41353e-11    0.00674541    0.00674541 
0.20789    4.64776e-208    1.24562e-10    4.64776e-208    1.41344e-11    0.00677383    0.00677383 
0.207459    1.72212e-208    1.24555e-10    1.72212e-208    1.41335e-11    0.00680208    0.00680208 
0.207029    6.38058e-209    1.24548e-10    6.38058e-209    1.41326e-11    0.00683015    0.00683015 
0.206602    2.36393e-209    1.24541e-10    2.36393e-209    1.41317e-11    0.00685802    0.00685802 
0.206176    8.75761e-210    1.24534e-10    8.75761e-210    1.41308e-11    0.00688568    0.00688568 
0.205751    3.24424e-210    1.24527e-10    3.24424e-210    1.41299e-11    0.00691311    0.00691311 
0.205329    1.20175e-210    1.2452e-10    1.20175e-210    1.4129e-11    0.0069403    0.0069403 
0.204908    4.45137e-211    1.24513e-10    4.45137e-211    1.41281e-11    0.00696724    0.00696724 
0.204489    1.64872e-211    1.24507e-10    1.64872e-211    1.41273e-11    0.00699393    0.00699393 
0.204072    6.10623e-212    1.245e-10    6.10623e-212    1.41264e-11    0.00702035    0.00702035 
0.203656    2.26138e-212    1.24493e-10    2.26138e-212    1.41255e-11    0.0070465    0.0070465 
0.203242    8.37434e-213    1.24487e-10    8.37434e-213    1.41247e-11    0.00707237    0.00707237 
0.20283    3.101e-213    1.2448e-10    3.101e-213    1.41238e-11    0.00709797    0.00709797 
0.202419    1.14822e-213    1.24473e-10    1.14822e-213    1.4123e-11    0.0071233    0.0071233 
0.20201    4.25136e-214    1.24467e-10    4.25136e-214    1.41221e-11    0.00714835    0.00714835 
0.201603    1.574e-214    1.2446e-10    1.574e-214    1.41213e-11    0.00717313    0.00717313 
0.201197    5.82715e-215    1.24454e-10    5.82715e-215    1.41205e-11    0.00719764    0.00719764 
0.200793    2.15718e-215    1.24447e-10    2.15718e-215    1.41196e-11    0.00722189    0.00722189 
0.200391    7.98533e-216    1.24441e-10    7.98533e-216    1.41188e-11    0.0072459    0.0072459 
0.19999    2.94477e-216    1.24435e-10    2.94477e-216    1.4118e-11    0.00726966    0.00726966 
0.199591    1.08998e-216    1.24428e-10    1.08998e-216    1.41172e-11    0.0072932    0.0072932 
0.199193    4.03428e-217    1.24422e-10    4.03428e-217    1.41164e-11    0.00731652    0.00731652 
0.198797    1.49312e-217    1.24416e-10    1.49312e-217    1.41156e-11    0.00733965    0.00733965 
0.198403    5.52594e-218    1.2441e-10    5.52594e-218    1.41148e-11    0.00736259    0.00736259 
0.19801    2.04504e-218    1.24403e-10    2.04504e-218    1.4114e-11    0.00738536    0.00738536 
0.197618    7.568e-219    1.24397e-10    7.568e-219    1.41132e-11    0.00740799    0.00740799 
0.197229    2.80057e-219    1.24391e-10    2.80057e-219    1.41124e-11    0.0074305    0.0074305 
0.19684    1.03633e-219    1.24385e-10    1.03633e-219    1.41116e-11    0.0074529    0.0074529 
0.196454    3.83479e-220    1.24379e-10    3.83479e-220    1.41108e-11    0.00747522    0.00747522 
0.196068    1.41897e-220    1.24373e-10    1.41897e-220    1.41101e-11    0.00749748    0.00749748 
0.195685    5.25047e-221    1.24367e-10    5.25047e-221    1.41093e-11    0.00751972    0.00751972 
0.195303    1.94274e-221    1.24361e-10    1.94274e-221    1.41085e-11    0.00754194    0.00754194 
0.194922    7.16719e-222    1.24355e-10    7.16719e-222    1.41078e-11    0.00754194    0.00754194 
0.194543    2.65191e-222    1.24349e-10    2.65191e-222    1.4107e-11    0.00756419    0.00756419 
0.194165    9.81216e-223    1.24343e-10    9.81216e-223    1.41063e-11    0.00758647    0.00758647 
0.193788    3.63052e-223    1.24338e-10    3.63052e-223    1.41055e-11    0.00760884    0.00760884 
0.193414    1.3433e-223    1.24332e-10    1.3433e-223    1.41048e-11    0.0076313    0.0076313 
0.19304    4.97024e-224    1.24326e-10    4.97024e-224    1.4104e-11    0.00765389    0.00765389 
0.192668    1.83901e-224    1.2432e-10    1.83901e-224    1.41033e-11    0.00767664    0.00767664 
0.192298    6.8045e-225    1.24315e-10    6.8045e-225    1.41025e-11    0.00769957    0.00769957 
0.191929    2.51776e-225    1.24309e-10    2.51776e-225    1.41018e-11    0.00772272    0.00772272 
0.191561    9.31618e-226    1.24303e-10    9.31618e-226    1.41011e-11    0.0077461    0.0077461 
0.191195    3.44724e-226    1.24298e-10    3.44724e-226    1.41004e-11    0.00776976    0.00776976 
0.19083    1.2756e-226    1.24292e-10    1.2756e-226    1.40997e-11    0.0077937    0.0077937 
0.190466    4.72029e-227    1.24286e-10    4.72029e-227    1.40989e-11    0.00781797    0.00781797 
0.190104    1.74677e-227    1.24281e-10    1.74677e-227    1.40982e-11    0.00784258    0.00784258 
0.189743    6.44369e-228    1.24275e-10    6.44369e-228    1.40975e-11    0.00784258    0.00784258 
0.189384    2.38459e-228    1.2427e-10    2.38459e-228    1.40968e-11    0.00786757    0.00786757 
0.189026    8.82485e-229    1.24265e-10    8.82485e-229    1.40961e-11    0.00789296    0.00789296 
0.188669    3.26601e-229    1.24259e-10    3.26601e-229    1.40954e-11    0.00791877    0.00791877 
0.188314    1.20877e-229    1.24254e-10    1.20877e-229    1.40947e-11    0.00794502    0.00794502 
0.18796    4.47395e-230    1.24248e-10    4.47395e-230    1.4094e-11    0.00797174    0.00797174 
0.187607    1.65598e-230    1.24243e-10    1.65598e-230    1.40934e-11    0.00799894    0.00799894 
0.187256    6.12973e-231    1.24238e-10    6.12973e-231    1.40927e-11    0.00802666    0.00802666 
0.186906    2.26907e-231    1.24233e-10    2.26907e-231    1.4092e-11    0.0080549    0.0080549 
0.186557    8.39993e-232    1.24227e-10    8.39993e-232    1.40913e-11    0.00808369    0.00808369 
0.18621    3.10975e-232    1.24222e-10    3.10975e-232    1.40907e-11    0.00811303    0.00811303 
0.185864    1.1471e-232    1.24217e-10    1.1471e-232    1.409e-11    0.00811303    0.00811303 
0.185519    4.24689e-233    1.24212e-10    4.24689e-233    1.40893e-11    0.00814296    0.00814296 
0.185175    1.57241e-233    1.24207e-10    1.57241e-233    1.40887e-11    0.00817346    0.00817346 
0.184833    5.82213e-234    1.24202e-10    5.82213e-234    1.4088e-11    0.00820457    0.00820457 
0.184492    2.15587e-234    1.24197e-10    2.15587e-234    1.40874e-11    0.00823629    0.00823629 
0.184152    7.98339e-235    1.24191e-10    7.98339e-235    1.40867e-11    0.00826863    0.00826863 
0.183814    2.95649e-235    1.24186e-10    2.95649e-235    1.40861e-11    0.00830159    0.00830159 
0.183476    1.09493e-235    1.24181e-10    1.09493e-235    1.40854e-11    0.00833518    0.00833518 
0.18314    4.05531e-236    1.24177e-10    4.05531e-236    1.40848e-11    0.00836941    0.00836941 
0.182805    1.49582e-236    1.24172e-10    1.49582e-236    1.40842e-11    0.00836941    0.00836941 
0.182472    5.54033e-237    1.24167e-10    5.54033e-237    1.40835e-11    0.00840426    0.00840426 
0.182139    2.05218e-237    1.24162e-10    2.05218e-237    1.40829e-11    0.00843975    0.00843975 
0.181808    7.60182e-238    1.24157e-10    7.60182e-238    1.40823e-11    0.00847587    0.00847587 
0.181478    2.81606e-238    1.24152e-10    2.81606e-238    1.40817e-11    0.00851262    0.00851262 
0.18115    1.04325e-238    1.24147e-10    1.04325e-238    1.4081e-11    0.00854999    0.00854999 
0.180822    3.86504e-239    1.24143e-10    3.86504e-239    1.40804e-11    0.00858797    0.00858797 
0.180496    1.43199e-239    1.24138e-10    1.43199e-239    1.40798e-11    0.00862655    0.00862655 
0.18017    5.28173e-240    1.24133e-10    5.28173e-240    1.40792e-11    0.00862655    0.00862655 
0.179846    1.95694e-240    1.24128e-10    1.95694e-240    1.40786e-11    0.00866571    0.00866571 
0.179523    7.25101e-241    1.24124e-10    7.25101e-241    1.4078e-11    0.00870545    0.00870545 
0.179202    2.6868e-241    1.24119e-10    2.6868e-241    1.40774e-11    0.00874575    0.00874575 
0.178881    9.95603e-242    1.24115e-10    9.95603e-242    1.40768e-11    0.00878659    0.00878659 
0.178562    3.68937e-242    1.2411e-10    3.68937e-242    1.40762e-11    0.00882794    0.00882794 
0.178243    1.36719e-242    1.24105e-10    1.36719e-242    1.40756e-11    0.00886978    0.00886978 
0.177926    5.06663e-243    1.24101e-10    5.06663e-243    1.40751e-11    0.0089121    0.0089121 
0.17761    1.8687e-243    1.24096e-10    1.8687e-243    1.40745e-11    0.0089121    0.0089121 
0.177295    6.92526e-244    1.24092e-10    6.92526e-244    1.40739e-11    0.00895486    0.00895486 
0.176981    2.5665e-244    1.24087e-10    2.5665e-244    1.40733e-11    0.00899803    0.00899803 
0.176669    9.51158e-245    1.24083e-10    9.51158e-245    1.40728e-11    0.00904159    0.00904159 
0.176357    3.52508e-245    1.24079e-10    3.52508e-245    1.40722e-11    0.0090855    0.0090855 
0.176047    1.30643e-245    1.24074e-10    1.30643e-245    1.40716e-11    0.00912972    0.00912972 
0.175737    4.81832e-246    1.2407e-10    4.81832e-246    1.40711e-11    0.00912972    0.00912972 
0.175429    1.78572e-246    1.24066e-10    1.78572e-246    1.40705e-11    0.00917423    0.00917423 
0.175122    6.61807e-247    1.24061e-10    6.61807e-247    1.407e-11    0.00921898    0.00921898 
0.174815    2.45271e-247    1.24057e-10    2.45271e-247    1.40694e-11    0.00926394    0.00926394 
0.17451    9.08985e-248    1.24053e-10    9.08985e-248    1.40689e-11    0.00930907    0.00930907 
0.174206    3.36869e-248    1.24049e-10    3.36869e-248    1.40683e-11    0.00935433    0.00935433 
0.173903    1.24841e-248    1.24044e-10    1.24841e-248    1.40678e-11    0.00939966    0.00939966 
0.173601    4.60416e-249    1.2404e-10    4.60416e-249    1.40673e-11    0.00939966    0.00939966 
0.1733    1.70622e-249    1.24036e-10    1.70622e-249    1.40667e-11    0.00944504    0.00944504 
0.173001    6.32275e-250    1.24032e-10    6.32275e-250    1.40662e-11    0.00949041    0.00949041 
0.172702    2.34295e-250    1.24028e-10    2.34295e-250    1.40657e-11    0.00953574    0.00953574 
0.172404    8.6817e-251    1.24024e-10    8.6817e-251    1.40651e-11    0.00958097    0.00958097 
0.172107    3.21683e-251    1.2402e-10    3.21683e-251    1.40646e-11    0.00962606    0.00962606 
0.171812    1.18634e-251    1.24016e-10    1.18634e-251    1.40641e-11    0.00962606    0.00962606 
0.171517    4.39554e-252    1.24012e-10    4.39554e-252    1.40636e-11    0.00967096    0.00967096 
0.171223    1.62852e-252    1.24008e-10    1.62852e-252    1.40631e-11    0.00971564    0.00971564 
0.17093    6.03322e-253    1.24004e-10    6.03322e-253    1.40625e-11    0.00976004    0.00976004 
0.170639    2.23502e-253    1.24e-10    2.23502e-253    1.4062e-11    0.00980412    0.00980412 
0.170348    8.27916e-254    1.23996e-10    8.27916e-254    1.40615e-11    0.00984783    0.00984783 
0.170058    3.05321e-254    1.23992e-10    3.05321e-254    1.4061e-11    0.00984783    0.00984783 
0.16977    1.13092e-254    1.23988e-10    1.13092e-254    1.40605e-11    0.00989114    0.00989114 
0.169482    4.18868e-255    1.23984e-10    4.18868e-255    1.406e-11    0.009934    0.009934 
0.169195    1.55128e-255    1.2398e-10    1.55128e-255    1.40595e-11    0.00997637    0.00997637 
0.168909    5.74475e-256    1.23976e-10    5.74475e-256    1.4059e-11    0.0100182    0.0100182 
0.168624    2.11852e-256    1.23972e-10    2.11852e-256    1.40585e-11    0.0100182    0.0100182 
0.16834    7.84473e-257    1.23969e-10    7.84473e-257    1.4058e-11    0.0100595    0.0100595 
0.168058    2.90461e-257    1.23965e-10    2.90461e-257    1.40576e-11    0.0101001    0.0101001 
0.167776    1.07538e-257    1.23961e-10    1.07538e-257    1.40571e-11    0.0101402    0.0101402 
0.167494    3.98106e-258    1.23957e-10    3.98106e-258    1.40566e-11    0.0101795    0.0101795 
0.167214    1.46808e-258    1.23954e-10    1.46808e-258    1.40561e-11    0.0101795    0.0101795 
0.166935    5.43436e-259    1.2395e-10    5.43436e-259    1.40556e-11    0.0102182    0.0102182 
0.166657    2.01144e-259    1.23946e-10    2.01144e-259    1.40552e-11    0.0102561    0.0102561 
0.16638    7.44432e-260    1.23943e-10    7.44432e-260    1.40547e-11    0.0102933    0.0102933 
0.166103    2.75489e-260    1.23939e-10    2.75489e-260    1.40542e-11    0.0103297    0.0103297 
0.165828    1.01589e-260    1.23935e-10    1.01589e-260    1.40538e-11    0.0103297    0.0103297 
0.165553    3.75911e-261    1.23932e-10    3.75911e-261    1.40533e-11    0.0103654    0.0103654 
0.16528    1.39085e-261    1.23928e-10    1.39085e-261    1.40528e-11    0.0104002    0.0104002 
0.165007    5.14561e-262    1.23924e-10    5.14561e-262    1.40524e-11    0.0104342    0.0104342 
0.164735    1.9035e-262    1.23921e-10    1.9035e-262    1.40519e-11    0.0104674    0.0104674 
0.164464    7.01919e-263    1.23917e-10    7.01919e-263    1.40515e-11    0.0104674    0.0104674 
0.164194    2.59633e-263    1.23914e-10    2.59633e-263    1.4051e-11    0.0104998    0.0104998 
0.163925    9.6027e-264    1.2391e-10    9.6027e-264    1.40505e-11    0.0105313    0.0105313 
0.163656    3.5513e-264    1.23907e-10    3.5513e-264    1.40501e-11    0.010562    0.010562 
0.163389    1.31323e-264    1.23903e-10    1.31323e-264    1.40497e-11    0.0105919    0.0105919 
0.163123    4.84247e-265    1.239e-10    4.84247e-265    1.40492e-11    0.0105919    0.0105919 
0.162857    1.79053e-265    1.23896e-10    1.79053e-265    1.40488e-11    0.0106209    0.0106209 
0.162592    6.61999e-266    1.23893e-10    6.61999e-266    1.40483e-11    0.0106492    0.0106492 
0.162328    2.44735e-266    1.2389e-10    2.44735e-266    1.40479e-11    0.0106766    0.0106766 
0.162065    9.04688e-267    1.23886e-10    9.04688e-267    1.40474e-11    0.0107033    0.0107033 
0.161803    3.33592e-267    1.23883e-10    3.33592e-267    1.4047e-11    0.0107033    0.0107033 
0.161541    1.23306e-267    1.23879e-10    1.23306e-267    1.40466e-11    0.0107293    0.0107293 
0.161281    4.55739e-268    1.23876e-10    4.55739e-268    1.40461e-11    0.0107545    0.0107545 
0.161021    1.68429e-268    1.23873e-10    1.68429e-268    1.40457e-11    0.010779    0.010779 
0.160762    6.21051e-269    1.23869e-10    6.21051e-269    1.40453e-11    0.010779    0.010779 
0.160504    2.29507e-269    1.23866e-10    2.29507e-269    1.40448e-11    0.0108029    0.0108029 
0.160247    8.48075e-270    1.23863e-10    8.48075e-270    1.40444e-11    0.0108261    0.0108261 
0.15999    3.13361e-270    1.23859e-10    3.13361e-270    1.4044e-11    0.0108487    0.0108487 
0.159735    1.15779e-270    1.23856e-10    1.15779e-270    1.40436e-11    0.0108707    0.0108707 
0.15948    4.26906e-271    1.23853e-10    4.26906e-271    1.40432e-11    0.0108707    0.0108707 
0.159226    1.57722e-271    1.2385e-10    1.57722e-271    1.40427e-11    0.0108922    0.0108922 
0.158973    5.82675e-272    1.23846e-10    5.82675e-272    1.40423e-11    0.0109132    0.0109132 
0.158721    2.15249e-272    1.23843e-10    2.15249e-272    1.40419e-11    0.0109338    0.0109338 
0.158469    7.93664e-273    1.2384e-10    7.93664e-273    1.40415e-11    0.0109338    0.0109338 
0.158218    2.93178e-273    1.23837e-10    2.93178e-273    1.40411e-11    0.010954    0.010954 
0.157968    1.08295e-273    1.23833e-10    1.08295e-273    1.40407e-11    0.0109738    0.0109738 
0.157719    4.00009e-274    1.2383e-10    4.00009e-274    1.40403e-11    0.0109933    0.0109933 
0.157471    1.47489e-274    1.23827e-10    1.47489e-274    1.40398e-11    0.0109933    0.0109933 
0.157223    5.44761e-275    1.23824e-10    5.44761e-275    1.40394e-11    0.0110125    0.0110125 
0.156976    2.01206e-275    1.23821e-10    2.01206e-275    1.4039e-11    0.0110316    0.0110316 
0.15673    7.43136e-276    1.23818e-10    7.43136e-276    1.40386e-11    0.0110505    0.0110505 
0.156485    2.74e-276    1.23814e-10    2.74e-276    1.40382e-11    0.0110505    0.0110505 
0.156241    1.01197e-276    1.23811e-10    1.01197e-276    1.40378e-11    0.0110692    0.0110692 
0.155997    3.73749e-277    1.23808e-10    3.73749e-277    1.40374e-11    0.0110879    0.0110879 
0.155754    1.38035e-277    1.23805e-10    1.38035e-277    1.4037e-11    0.0111066    0.0111066 
0.155512    5.08937e-278    1.23802e-10    5.08937e-278    1.40366e-11    0.0111066    0.0111066 
0.15527    1.87962e-278    1.23799e-10    1.87962e-278    1.40362e-11    0.0111253    0.0111253 
0.155029    6.94187e-279    1.23796e-10    6.94187e-279    1.40359e-11    0.0111441    0.0111441 
0.154789    2.5638e-279    1.23793e-10    2.5638e-279    1.40355e-11    0.011163    0.011163 
0.15455    9.45268e-280    1.2379e-10    9.45268e-280    1.40351e-11    0.011163    0.011163 
0.154312    3.49113e-280    1.23787e-10    3.49113e-280    1.40347e-11    0.0111821    0.0111821 
0.154074    1.28938e-280    1.23784e-10    1.28938e-280    1.40343e-11    0.0112015    0.0112015 
0.153837    4.7622e-281    1.23781e-10    4.7622e-281    1.40339e-11    0.0112211    0.0112211 
0.1536    1.75579e-281    1.23778e-10    1.75579e-281    1.40335e-11    0.0112211    0.0112211 
0.153365    6.4849e-282    1.23775e-10    6.4849e-282    1.40331e-11    0.011241    0.011241 
0.15313    2.39523e-282    1.23772e-10    2.39523e-282    1.40328e-11    0.0112613    0.0112613 
0.152896    8.84716e-283    1.23769e-10    8.84716e-283    1.40324e-11    0.011282    0.011282 
0.152662    3.26183e-283    1.23766e-10    3.26183e-283    1.4032e-11    0.011282    0.011282 
0.15243    1.20484e-283    1.23763e-10    1.20484e-283    1.40316e-11    0.0113031    0.0113031 
0.152198    4.45055e-284    1.2376e-10    4.45055e-284    1.40313e-11    0.0113247    0.0113247 
0.151966    1.64405e-284    1.23757e-10    1.64405e-284    1.40309e-11    0.0113469    0.0113469 
0.151736    6.06131e-285    1.23754e-10    6.06131e-285    1.40305e-11    0.0113469    0.0113469 
0.151506    2.23915e-285    1.23752e-10    2.23915e-285    1.40301e-11    0.0113696    0.0113696 
0.151277    8.27217e-286    1.23749e-10    8.27217e-286    1.40298e-11    0.0113928    0.0113928 
0.151048    3.05616e-286    1.23746e-10    3.05616e-286    1.40294e-11    0.0114167    0.0114167 
0.15082    1.12674e-286    1.23743e-10    1.12674e-286    1.4029e-11    0.0114167    0.0114167 
0.150593    4.16292e-287    1.2374e-10    4.16292e-287    1.40287e-11    0.0114413    0.0114413 
0.150367    1.53814e-287    1.23737e-10    1.53814e-287    1.40283e-11    0.0114665    0.0114665 
0.150141    5.67071e-288    1.23734e-10    5.67071e-288    1.40279e-11    0.0114665    0.0114665 
0.149916    2.09535e-288    1.23732e-10    2.09535e-288    1.40276e-11    0.0114924    0.0114924 
0.149691    7.74284e-289    1.23729e-10    7.74284e-289    1.40272e-11    0.011519    0.011519 
0.149467    2.86133e-289    1.23726e-10    2.86133e-289    1.40269e-11    0.0115464    0.0115464 
0.149244    1.05488e-289    1.23723e-10    1.05488e-289    1.40265e-11    0.0115464    0.0115464 
0.149022    3.89845e-290    1.23721e-10    3.89845e-290    1.40262e-11    0.0115745    0.0115745 
0.1488    1.44081e-290    1.23718e-10    1.44081e-290    1.40258e-11    0.0116034    0.0116034 
0.148579    5.31176e-291    1.23715e-10    5.31176e-291    1.40255e-11    0.0116034    0.0116034 
0.148359    1.96325e-291    1.23712e-10    1.96325e-291    1.40251e-11    0.011633    0.011633 
0.148139    7.25669e-292    1.2371e-10    7.25669e-292    1.40248e-11    0.0116635    0.0116635 
0.14792    2.68243e-292    1.23707e-10    2.68243e-292    1.40244e-11    0.0116947    0.0116947 
0.147701    9.88901e-293    1.23704e-10    9.88901e-293    1.40241e-11    0.0116947    0.0116947 
0.147483    3.65565e-293    1.23702e-10    3.65565e-293    1.40237e-11    0.0117268    0.0117268 
0.147266    1.35146e-293    1.23699e-10    1.35146e-293    1.40234e-11    0.0117596    0.0117596 
0.14705    4.98222e-294    1.23696e-10    4.98222e-294    1.4023e-11    0.0117596    0.0117596 
0.146834    1.84197e-294    1.23694e-10    1.84197e-294    1.40227e-11    0.0117932    0.0117932 
0.146618    6.81028e-295    1.23691e-10    6.81028e-295    1.40223e-11    0.0118276    0.0118276 
0.146404    2.51809e-295    1.23688e-10    2.51809e-295    1.4022e-11    0.0118628    0.0118628 
0.14619    9.28297e-296    1.23686e-10    9.28297e-296    1.40217e-11    0.0118628    0.0118628 
0.145976    3.43254e-296    1.23683e-10    3.43254e-296    1.40213e-11    0.0118988    0.0118988 
0.145763    1.26931e-296    1.2368e-10    1.26931e-296    1.4021e-11    0.0119355    0.0119355 
0.145551    4.67927e-297    1.23678e-10    4.67927e-297    1.40207e-11    0.0119355    0.0119355 
0.14534    1.73041e-297    1.23675e-10    1.73041e-297    1.40203e-11    0.011973    0.011973 
0.145129    6.39941e-298    1.23673e-10    6.39941e-298    1.402e-11    0.0120112    0.0120112 
0.144918    2.36674e-298    1.2367e-10    2.36674e-298    1.40197e-11    0.0120501    0.0120501 
0.144709    8.72482e-299    1.23668e-10    8.72482e-299    1.40193e-11    0.0120501    0.0120501 
0.144499    3.22689e-299    1.23665e-10    3.22689e-299    1.4019e-11    0.0120896    0.0120896 
0.144291    1.19352e-299    1.23662e-10    1.19352e-299    1.40187e-11    0.0121299    0.0121299 
0.144083    4.39978e-300    1.2366e-10    4.39978e-300    1.40184e-11    0.0121299    0.0121299 
0.143876    1.62738e-300    1.23657e-10    1.62738e-300    1.4018e-11    0.0121706    0.0121706 
0.143669    6.01953e-301    1.23655e-10    6.01953e-301    1.40177e-11    0.012212    0.012212 
0.143463    2.21901e-301    1.23652e-10    2.21901e-301    1.40174e-11    0.012212    0.012212 
0.143257    8.20813e-302    1.2365e-10    8.20813e-302    1.40171e-11    0.012254    0.012254 
0.143052    3.03628e-302    1.23647e-10    3.03628e-302    1.40168e-11    0.0122964    0.0122964 
0.142848    1.11927e-302    1.23645e-10    1.11927e-302    1.40165e-11    0.0122964    0.0122964 
0.142644    4.14038e-303    1.23643e-10    4.14038e-303    1.40161e-11    0.0123393    0.0123393 
0.142441    1.53163e-303    1.2364e-10    1.53163e-303    1.40158e-11    0.0123827    0.0123827 
0.142238    5.66595e-304    1.23638e-10    5.66595e-304    1.40155e-11    0.0124264    0.0124264 
0.142036    2.08863e-304    1.23635e-10    2.08863e-304    1.40152e-11    0.0124264    0.0124264 
0.141835    7.72651e-305    1.23633e-10    7.72651e-305    1.40149e-11    0.0124704    0.0124704 
0.141634    2.85831e-305    1.2363e-10    2.85831e-305    1.40146e-11    0.0125147    0.0125147 
0.141434    1.05364e-305    1.23628e-10    1.05364e-305    1.40143e-11    0.0125147    0.0125147 
0.141234    3.89781e-306    1.23626e-10    3.89781e-306    1.4014e-11    0.0125593    0.0125593 
0.141035    1.44194e-306    1.23623e-10    1.44194e-306    1.40137e-11    0.012604    0.012604 
0.140836    5.31528e-307    1.23621e-10    5.31528e-307    1.40134e-11    0.012604    0.012604 
0.140638    1.96629e-307    1.23619e-10    1.96629e-307    1.40131e-11    0.0126488    0.0126488 
0.14044    7.27384e-308    1.23616e-10    7.27384e-308    1.40128e-11    0.0126937    0.0126937 
0.140243    2.68127e-308    1.23614e-10    2.68127e-308    1.40125e-11    0.0126937    0.0126937 
0.140047    9.91856e-309    1.23612e-10    9.91856e-309    1.40122e-11    0.0127386    0.0127386 
0.139851    3.66902e-309    1.23609e-10    3.66902e-309    1.40119e-11    0.0127835    0.0127835 
0.139656    1.35245e-309    1.23607e-10    1.35245e-309    1.40116e-11    0.0127835    0.0127835 
0.139461    5.00277e-310    1.23605e-10    5.00277e-310    1.40113e-11    0.0128282    0.0128282 
0.139267    1.8505e-310    1.23602e-10    1.8505e-310    1.4011e-11    0.0128728    0.0128728 
0.139073    6.82114e-311    1.236e-10    6.82114e-311    1.40107e-11    0.0128728    0.0128728 
0.13888    2.523e-311    1.23598e-10    2.523e-311    1.40104e-11    0.0129172    0.0129172 
0.138687    9.33171e-312    1.23596e-10    9.33171e-312    1.40101e-11    0.0129612    0.0129612 
0.138495    3.43975e-312    1.23593e-10    3.43975e-312    1.40098e-11    0.0129612    0.0129612 
0.138304    1.27219e-312    1.23591e-10    1.27219e-312    1.40095e-11    0.0130049    0.0130049 
0.138113    4.70498e-313    1.23589e-10    4.70498e-313    1.40092e-11    0.0130482    0.0130482 
0.137922    1.73428e-313    1.23587e-10    1.73428e-313    1.4009e-11    0.0130482    0.0130482 
0.137732    6.4136e-314    1.23584e-10    6.4136e-314    1.40087e-11    0.013091    0.013091 
0.137543    2.3717e-314    1.23582e-10    2.3717e-314    1.40084e-11    0.0131333    0.0131333 
0.137354    8.74214e-315    1.2358e-10    8.74214e-315    1.40081e-11    0.0131333    0.0131333 
0.137165    3.23261e-315    1.23578e-10    3.23261e-315    1.40078e-11    0.013175    0.013175 
0.136977    1.19525e-315    1.23576e-10    1.19525e-315    1.40075e-11    0.0132161    0.0132161 
0.13679    4.40567e-316    1.23574e-10    4.40567e-316    1.40073e-11    0.0132161    0.0132161 
0.136603    1.62889e-316    1.23571e-10    1.62889e-316    1.4007e-11    0.0132564    0.0132564 
0.136417    6.0219e-317    1.23569e-10    6.0219e-317    1.40067e-11    0.013296    0.013296 
0.136231    2.21964e-317    1.23567e-10    2.21964e-317    1.40064e-11    0.013296    0.013296 
0.136045    8.20534e-318    1.23565e-10    8.20534e-318    1.40062e-11    0.0133348    0.0133348 
0.135861    3.03325e-318    1.23563e-10    3.03325e-318    1.40059e-11    0.0133728    0.0133728 
0.135676    1.11791e-318    1.23561e-10    1.11791e-318    1.40056e-11    0.0133728    0.0133728 
0.135492    4.13439e-319    1.23559e-10    4.13439e-319    1.40053e-11    0.0134098    0.0134098 
0.135309    1.52385e-319    1.23556e-10    1.52385e-319    1.40051e-11    0.0134459    0.0134459 
0.135126    5.64766e-320    1.23554e-10    5.64766e-320    1.40048e-11    0.0134459    0.0134459 
0.134944    2.10126e-320    1.23552e-10    2.10126e-320    1.40045e-11    0.013481    0.013481 
0.134762    7.74201e-321    1.2355e-10    7.74201e-321    1.40043e-11    0.0135152    0.0135152 
0.134581    2.82111e-321    1.23548e-10    2.82111e-321    1.4004e-11    0.0135152    0.0135152 
0.1344    7.06514e-322    1.23546e-10    7.06514e-322    1.40037e-11    0.0135483    0.0135483 
0.134219    7.11455e-322    1.23544e-10    7.11455e-322    1.40035e-11    0.0135801    0.0135801 
0.134039    0    1.23542e-10    0    1.40032e-11    0.0135801    0.0135801 
0.13386    0    1.2354e-10    0    1.40029e-11    0.0136111    0.0136111 
0.133681    0    1.23538e-10    0    1.40027e-11    0.0136111    0.0136111 
0.133502    0    1.23536e-10    0    1.40024e-11    0.0136408    0.0136408 
0.133324    0    1.23534e-10    0    1.40021e-11    0.0136694    0.0136694 
0.133147    0    1.23532e-10    0    1.40019e-11    0.0136694    0.0136694 
0.13297    0    1.2353e-10    0    1.40016e-11    0.0136969    0.0136969 
0.132793    0    1.23528e-10    0    1.40014e-11    0.0137231    0.0137231 
0.132617    0    1.23526e-10    0    1.40011e-11    0.0137231    0.0137231 
0.132441    0    1.23524e-10    0    1.40009e-11    0.0137482    0.0137482 
0.132266    0    1.23522e-10    0    1.40006e-11    0.0137721    0.0137721 
0.132092    0    1.2352e-10    0    1.40003e-11    0.0137721    0.0137721 
0.131917    0    1.23518e-10    0    1.40001e-11    0.0137948    0.0137948 
0.131743    0    1.23516e-10    0    1.39998e-11    0.0138164    0.0138164 
0.13157    0    1.23514e-10    0    1.39996e-11    0.0138164    0.0138164 
0.131397    0    1.23512e-10    0    1.39993e-11    0.0138367    0.0138367 
0.131225    0    1.2351e-10    0    1.39991e-11    0.0138367    0.0138367 
0.131053    0    1.23508e-10    0    1.39988e-11    0.0138559    0.0138559 
0.130881    0    1.23506e-10    0    1.39986e-11    0.0138741    0.0138741 
0.13071    0    1.23504e-10    0    1.39983e-11    0.0138741    0.0138741 
0.13054    0    1.23502e-10    0    1.39981e-11    0.013891    0.013891 
0.130369    0    1.235e-10    0    1.39978e-11    0.0139069    0.0139069 
0.1302    0    1.23498e-10    0    1.39976e-11    0.0139069    0.0139069 
0.13003    0    1.23496e-10    0    1.39974e-11    0.0139217    0.0139217 
0.129861    0    1.23494e-10    0    1.39971e-11    0.0139217    0.0139217 
0.129693    0    1.23493e-10    0    1.39969e-11    0.0139355    0.0139355 
0.129525    0    1.23491e-10    0    1.39966e-11    0.0139483    0.0139483 
0.129357    0    1.23489e-10    0    1.39964e-11    0.0139483    0.0139483 
0.12919    0    1.23487e-10    0    1.39961e-11    0.0139602    0.0139602 
0.129024    0    1.23485e-10    0    1.39959e-11    0.0139711    0.0139711 
0.128857    0    1.23483e-10    0    1.39957e-11    0.0139711    0.0139711 
0.128691    0    1.23481e-10    0    1.39954e-11    0.0139812    0.0139812 
0.128526    0    1.23479e-10    0    1.39952e-11    0.0139812    0.0139812 
0.128361    0    1.23478e-10    0    1.39949e-11    0.0139905    0.0139905 
0.128196    0    1.23476e-10    0    1.39947e-11    0.013999    0.013999 
0.128032    0    1.23474e-10    0    1.39945e-11    0.013999    0.013999 
0.127869    0    1.23472e-10    0    1.39942e-11    0.0140067    0.0140067 
0.127705    0    1.2347e-10    0    1.3994e-11    0.0140139    0.0140139 
0.127542    0    1.23468e-10    0    1.39938e-11    0.0140139    0.0140139 
0.12738    0    1.23467e-10    0    1.39935e-11    0.0140203    0.0140203 
0.127218    0    1.23465e-10    0    1.39933e-11    0.0140203    0.0140203 
0.127056    0    1.23463e-10    0    1.39931e-11    0.0140263    0.0140263 
0.126895    0    1.23461e-10    0    1.39928e-11    0.0140318    0.0140318 
0.126734    0    1.23459e-10    0    1.39926e-11    0.0140318    0.0140318 
0.126574    0    1.23457e-10    0    1.39924e-11    0.0140367    0.0140367 
0.126414    0    1.23456e-10    0    1.39921e-11    0.0140367    0.0140367 
0.126254    0    1.23454e-10    0    1.39919e-11    0.0140414    0.0140414 
0.126095    0    1.23452e-10    0    1.39917e-11    0.0140457    0.0140457 
0.125936    0    1.2345e-10    0    1.39914e-11    0.0140457    0.0140457 
0.125778    0    1.23449e-10    0    1.39912e-11    0.0140497    0.0140497 
0.12562    0    1.23447e-10    0    1.3991e-11    0.0140497    0.0140497 
0.125462    0    1.23445e-10    0    1.39908e-11    0.0140535    0.0140535 
0.125305    0    1.23443e-10    0    1.39905e-11    0.0140571    0.0140571 
0.125148    0    1.23441e-10    0    1.39903e-11    0.0140571    0.0140571 
0.124991    0    1.2344e-10    0    1.39901e-11    0.0140606    0.0140606 
0.124835    0    1.23438e-10    0    1.39898e-11    0.0140642    0.0140642 
0.12468    0    1.23436e-10    0    1.39896e-11    0.0140642    0.0140642 
0.124524    0    1.23434e-10    0    1.39894e-11    0.0140676    0.0140676 
0.12437    0    1.23433e-10    0    1.39892e-11    0.0140676    0.0140676 
0.124215    0    1.23431e-10    0    1.3989e-11    0.0140713    0.0140713 
0.124061    0    1.23429e-10    0    1.39887e-11    0.014075    0.014075 
0.123907    0    1.23428e-10    0    1.39885e-11    0.014075    0.014075 
0.123754    0    1.23426e-10    0    1.39883e-11    0.014079    0.014079 
0.123601    0    1.23424e-10    0    1.39881e-11    0.014079    0.014079 
0.123448    0    1.23422e-10    0    1.39879e-11    0.014083    0.014083 
0.123296    0    1.23421e-10    0    1.39876e-11    0.0140874    0.0140874 
0.123144    0    1.23419e-10    0    1.39874e-11    0.0140874    0.0140874 
0.122993    0    1.23417e-10    0    1.39872e-11    0.0140921    0.0140921 
0.122842    0    1.23416e-10    0    1.3987e-11    0.0140921    0.0140921 
0.122691    0    1.23414e-10    0    1.39868e-11    0.0140972    0.0140972 
0.122541    0    1.23412e-10    0    1.39865e-11    0.0140972    0.0140972 
0.122391    0    1.23411e-10    0    1.39863e-11    0.0141027    0.0141027 
0.122241    0    1.23409e-10    0    1.39861e-11    0.0141087    0.0141087 
0.122092    0    1.23407e-10    0    1.39859e-11    0.0141087    0.0141087 
0.121943    0    1.23406e-10    0    1.39857e-11    0.014115    0.014115 
0.121794    0    1.23404e-10    0    1.39855e-11    0.014115    0.014115 
0.121646    0    1.23402e-10    0    1.39853e-11    0.0141221    0.0141221 
0.121498    0    1.23401e-10    0    1.3985e-11    0.0141296    0.0141296 
0.121351    0    1.23399e-10    0    1.39848e-11    0.0141296    0.0141296 
0.121204    0    1.23397e-10    0    1.39846e-11    0.0141376    0.0141376 
0.121057    0    1.23396e-10    0    1.39844e-11    0.0141376    0.0141376 
0.120911    0    1.23394e-10    0    1.39842e-11    0.0141463    0.0141463 
0.120765    0    1.23392e-10    0    1.3984e-11    0.0141557    0.0141557 
0.120619    0    1.23391e-10    0    1.39838e-11    0.0141557    0.0141557 
0.120474    0    1.23389e-10    0    1.39836e-11    0.0141657    0.0141657 
0.120329    0    1.23387e-10    0    1.39834e-11    0.0141657    0.0141657 
0.120184    0    1.23386e-10    0    1.39832e-11    0.0141764    0.0141764 
0.12004    0    1.23384e-10    0    1.3983e-11    0.0141764    0.0141764 
0.119896    0    1.23383e-10    0    1.39827e-11    0.0141877    0.0141877 
0.119752    0    1.23381e-10    0    1.39825e-11    0.0142    0.0142 
0.119609    0    1.23379e-10    0    1.39823e-11    0.0142    0.0142 
0.119466    0    1.23378e-10    0    1.39821e-11    0.0142127    0.0142127 
0.119323    0    1.23376e-10    0    1.39819e-11    0.0142127    0.0142127 
0.119181    0    1.23375e-10    0    1.39817e-11    0.0142264    0.0142264 
0.119039    0    1.23373e-10    0    1.39815e-11    0.0142264    0.0142264 
0.118898    0    1.23372e-10    0    1.39813e-11    0.0142406    0.0142406 
0.118757    0    1.2337e-10    0    1.39811e-11    0.0142558    0.0142558 
0.118616    0    1.23368e-10    0    1.39809e-11    0.0142558    0.0142558 
0.118475    0    1.23367e-10    0    1.39807e-11    0.0142717    0.0142717 
0.118335    0    1.23365e-10    0    1.39805e-11    0.0142717    0.0142717 
0.118195    0    1.23364e-10    0    1.39803e-11    0.0142882    0.0142882 
0.118055    0    1.23362e-10    0    1.39801e-11    0.0142882    0.0142882 
0.117916    0    1.23361e-10    0    1.39799e-11    0.0143057    0.0143057 
0.117777    0    1.23359e-10    0    1.39797e-11    0.0143237    0.0143237 
0.117639    0    1.23358e-10    0    1.39795e-11    0.0143237    0.0143237 
0.117501    0    1.23356e-10    0    1.39793e-11    0.0143425    0.0143425 
0.117363    0    1.23354e-10    0    1.39791e-11    0.0143425    0.0143425 
0.117225    0    1.23353e-10    0    1.39789e-11    0.0143621    0.0143621 
0.117088    0    1.23351e-10    0    1.39787e-11    0.0143621    0.0143621 
0.116951    0    1.2335e-10    0    1.39785e-11    0.0143824    0.0143824 
0.116814    0    1.23348e-10    0    1.39783e-11    0.0144033    0.0144033 
0.116678    0    1.23347e-10    0    1.39782e-11    0.0144033    0.0144033 
0.116542    0    1.23345e-10    0    1.3978e-11    0.0144252    0.0144252 
0.116406    0    1.23344e-10    0    1.39778e-11    0.0144252    0.0144252 
0.116271    0    1.23342e-10    0    1.39776e-11    0.0144474    0.0144474 
0.116136    0    1.23341e-10    0    1.39774e-11    0.0144474    0.0144474 
0.116001    0    1.23339e-10    0    1.39772e-11    0.0144704    0.0144704 
0.115867    0    1.23338e-10    0    1.3977e-11    0.0144704    0.0144704 
0.115733    0    1.23336e-10    0    1.39768e-11    0.0144939    0.0144939 
0.115599    0    1.23335e-10    0    1.39766e-11    0.0145181    0.0145181 
0.115465    0    1.23334e-10    0    1.39764e-11    0.0145181    0.0145181 
0.115332    0    1.23332e-10    0    1.39762e-11    0.0145428    0.0145428 
0.115199    0    1.23331e-10    0    1.39761e-11    0.0145428    0.0145428 
0.115067    0    1.23329e-10    0    1.39759e-11    0.014568    0.014568 
0.114934    0    1.23328e-10    0    1.39757e-11    0.014568    0.014568 
0.114802    0    1.23326e-10    0    1.39755e-11    0.0145937    0.0145937 
0.114671    0    1.23325e-10    0    1.39753e-11    0.0145937    0.0145937 
0.114539    0    1.23323e-10    0    1.39751e-11    0.0146199    0.0146199 
0.114408    0    1.23322e-10    0    1.39749e-11    0.0146466    0.0146466 
0.114278    0    1.2332e-10    0    1.39748e-11    0.0146466    0.0146466 
0.114147    0    1.23319e-10    0    1.39746e-11    0.0146735    0.0146735 
0.114017    0    1.23318e-10    0    1.39744e-11    0.0146735    0.0146735 
0.113887    0    1.23316e-10    0    1.39742e-11    0.0147007    0.0147007 
0.113758    0    1.23315e-10    0    1.3974e-11    0.0147007    0.0147007 
0.113628    0    1.23313e-10    0    1.39738e-11    0.0147284    0.0147284 
0.113499    0    1.23312e-10    0    1.39737e-11    0.0147284    0.0147284 
0.113371    0    1.23311e-10    0    1.39735e-11    0.0147563    0.0147563 
0.113242    0    1.23309e-10    0    1.39733e-11    0.0147841    0.0147841 
0.113114    0    1.23308e-10    0    1.39731e-11    0.0147841    0.0147841 
0.112986    0    1.23306e-10    0    1.39729e-11    0.0148126    0.0148126 
0.112859    0    1.23305e-10    0    1.39728e-11    0.0148126    0.0148126 
0.112731    0    1.23304e-10    0    1.39726e-11    0.0148408    0.0148408 
0.112605    0    1.23302e-10    0    1.39724e-11    0.0148408    0.0148408 
0.112478    0    1.23301e-10    0    1.39722e-11    0.0148695    0.0148695 
0.112351    0    1.23299e-10    0    1.39721e-11    0.0148695    0.0148695 
0.112225    0    1.23298e-10    0    1.39719e-11    0.0148981    0.0148981 
0.1121    0    1.23297e-10    0    1.39717e-11    0.0148981    0.0148981 
0.111974    0    1.23295e-10    0    1.39715e-11    0.0149265    0.0149265 
0.111849    0    1.23294e-10    0    1.39714e-11    0.0149551    0.0149551 
0.111724    0    1.23293e-10    0    1.39712e-11    0.0149551    0.0149551 
0.111599    0    1.23291e-10    0    1.3971e-11    0.0149833    0.0149833 
0.111475    0    1.2329e-10    0    1.39708e-11    0.0149833    0.0149833 
0.111351    0    1.23289e-10    0    1.39707e-11    0.0150115    0.0150115 
0.111227    0    1.23287e-10    0    1.39705e-11    0.0150115    0.0150115 
0.111103    0    1.23286e-10    0    1.39703e-11    0.0150398    0.0150398 
0.11098    0    1.23285e-10    0    1.39701e-11    0.0150398    0.0150398 
0.110857    0    1.23283e-10    0    1.397e-11    0.0150675    0.0150675 
0.110734    0    1.23282e-10    0    1.39698e-11    0.0150675    0.0150675 
0.110611    0    1.23281e-10    0    1.39696e-11    0.0150951    0.0150951 
0.110489    0    1.23279e-10    0    1.39695e-11    0.0150951    0.0150951 
0.110367    0    1.23278e-10    0    1.39693e-11    0.0151225    0.0151225 
0.110246    0    1.23277e-10    0    1.39691e-11    0.0151225    0.0151225 
0.110124    0    1.23275e-10    0    1.3969e-11    0.0151493    0.0151493 
0.110003    0    1.23274e-10    0    1.39688e-11    0.0151758    0.0151758 
0.109882    0    1.23273e-10    0    1.39686e-11    0.0151758    0.0151758 
0.109762    0    1.23271e-10    0    1.39685e-11    0.0152019    0.0152019 
0.109641    0    1.2327e-10    0    1.39683e-11    0.0152019    0.0152019 
0.109521    0    1.23269e-10    0    1.39681e-11    0.0152276    0.0152276 
0.109401    0    1.23268e-10    0    1.3968e-11    0.0152276    0.0152276 
0.109282    0    1.23266e-10    0    1.39678e-11    0.0152528    0.0152528 
0.109162    0    1.23265e-10    0    1.39676e-11    0.0152528    0.0152528 
0.109043    0    1.23264e-10    0    1.39675e-11    0.0152776    0.0152776 
0.108925    0    1.23262e-10    0    1.39673e-11    0.0152776    0.0152776 
0.108806    0    1.23261e-10    0    1.39671e-11    0.0153019    0.0153019 
0.108688    0    1.2326e-10    0    1.3967e-11    0.0153019    0.0153019 
0.10857    0    1.23259e-10    0    1.39668e-11    0.0153251    0.0153251 
0.108452    0    1.23257e-10    0    1.39666e-11    0.0153251    0.0153251 
0.108334    0    1.23256e-10    0    1.39665e-11    0.015348    0.015348 
0.108217    0    1.23255e-10    0    1.39663e-11    0.015348    0.015348 
0.1081    0    1.23254e-10    0    1.39662e-11    0.0153702    0.0153702 
0.107983    0    1.23252e-10    0    1.3966e-11    0.0153702    0.0153702 
0.107867    0    1.23251e-10    0    1.39658e-11    0.015392    0.015392 
0.107751    0    1.2325e-10    0    1.39657e-11    0.0154131    0.0154131 
0.107635    0    1.23249e-10    0    1.39655e-11    0.0154131    0.0154131 
0.107519    0    1.23247e-10    0    1.39654e-11    0.0154333    0.0154333 
0.107404    0    1.23246e-10    0    1.39652e-11    0.0154333    0.0154333 
0.107288    0    1.23245e-10    0    1.39651e-11    0.0154531    0.0154531 
0.107173    0    1.23244e-10    0    1.39649e-11    0.0154531    0.0154531 
0.107059    0    1.23242e-10    0    1.39647e-11    0.0154718    0.0154718 
0.106944    0    1.23241e-10    0    1.39646e-11    0.0154718    0.0154718 
0.10683    0    1.2324e-10    0    1.39644e-11    0.01549    0.01549 
0.106716    0    1.23239e-10    0    1.39643e-11    0.01549    0.01549 
0.106602    0    1.23238e-10    0    1.39641e-11    0.0155073    0.0155073 
0.106488    0    1.23236e-10    0    1.3964e-11    0.0155073    0.0155073 
0.106375    0    1.23235e-10    0    1.39638e-11    0.0155244    0.0155244 
0.106262    0    1.23234e-10    0    1.39636e-11    0.0155244    0.0155244 
0.106149    0    1.23233e-10    0    1.39635e-11    0.0155405    0.0155405 
0.106037    0    1.23232e-10    0    1.39633e-11    0.0155405    0.0155405 
0.105924    0    1.2323e-10    0    1.39632e-11    0.0155557    0.0155557 
0.105812    0    1.23229e-10    0    1.3963e-11    0.0155557    0.0155557 
0.1057    0    1.23228e-10    0    1.39629e-11    0.0155704    0.0155704 
0.105589    0    1.23227e-10    0    1.39627e-11    0.0155704    0.0155704 
0.105477    0    1.23226e-10    0    1.39626e-11    0.0155843    0.0155843 
0.105366    0    1.23224e-10    0    1.39624e-11    0.0155843    0.0155843 
0.105255    0    1.23223e-10    0    1.39623e-11    0.0155976    0.0155976 
0.105145    0    1.23222e-10    0    1.39621e-11    0.0155976    0.0155976 
0.105034    0    1.23221e-10    0    1.3962e-11    0.0156101    0.0156101 
0.104924    0    1.2322e-10    0    1.39618e-11    0.0156101    0.0156101 
0.104814    0    1.23219e-10    0    1.39617e-11    0.0156221    0.0156221 
0.104704    0    1.23217e-10    0    1.39615e-11    0.0156221    0.0156221 
0.104595    0    1.23216e-10    0    1.39614e-11    0.0156335    0.0156335 
0.104485    0    1.23215e-10    0    1.39612e-11    0.0156335    0.0156335 
0.104376    0    1.23214e-10    0    1.39611e-11    0.0156444    0.0156444 
0.104268    0    1.23213e-10    0    1.39609e-11    0.0156444    0.0156444 
0.104159    0    1.23212e-10    0    1.39608e-11    0.0156543    0.0156543 
0.104051    0    1.2321e-10    0    1.39606e-11    0.0156543    0.0156543 
0.103942    0    1.23209e-10    0    1.39605e-11    0.0156639    0.0156639 
0.103834    0    1.23208e-10    0    1.39603e-11    0.0156639    0.0156639 
0.103727    0    1.23207e-10    0    1.39602e-11    0.0156728    0.0156728 
0.103619    0    1.23206e-10    0    1.396e-11    0.0156728    0.0156728 
0.103512    0    1.23205e-10    0    1.39599e-11    0.0156817    0.0156817 
0.103405    0    1.23204e-10    0    1.39598e-11    0.0156817    0.0156817 
0.103298    0    1.23203e-10    0    1.39596e-11    0.0156898    0.0156898 
0.103192    0    1.23201e-10    0    1.39595e-11    0.0156898    0.0156898 
0.103085    0    1.232e-10    0    1.39593e-11    0.0156975    0.0156975 
0.102979    0    1.23199e-10    0    1.39592e-11    0.0156975    0.0156975 
0.102873    0    1.23198e-10    0    1.3959e-11    0.0157047    0.0157047 
0.102767    0    1.23197e-10    0    1.39589e-11    0.0157047    0.0157047 
0.102662    0    1.23196e-10    0    1.39587e-11    0.0157116    0.0157116 
0.102556    0    1.23195e-10    0    1.39586e-11    0.0157116    0.0157116 
0.102451    0    1.23194e-10    0    1.39585e-11    0.0157182    0.0157182 
0.102347    0    1.23192e-10    0    1.39583e-11    0.0157182    0.0157182 
0.102242    0    1.23191e-10    0    1.39582e-11    0.0157246    0.0157246 
0.102137    0    1.2319e-10    0    1.3958e-11    0.0157246    0.0157246 
0.102033    0    1.23189e-10    0    1.39579e-11    0.0157305    0.0157305 
0.101929    0    1.23188e-10    0    1.39578e-11    0.0157305    0.0157305 
0.101825    0    1.23187e-10    0    1.39576e-11    0.0157362    0.0157362 
0.101722    0    1.23186e-10    0    1.39575e-11    0.0157362    0.0157362 
0.101618    0    1.23185e-10    0    1.39573e-11    0.0157422    0.0157422 
0.101515    0    1.23184e-10    0    1.39572e-11    0.0157422    0.0157422 
0.101412    0    1.23183e-10    0    1.39571e-11    0.0157478    0.0157478 
0.10131    0    1.23181e-10    0    1.39569e-11    0.0157478    0.0157478 
0.101207    0    1.2318e-10    0    1.39568e-11    0.0157529    0.0157529 
0.101105    0    1.23179e-10    0    1.39566e-11    0.0157529    0.0157529 
0.101003    0    1.23178e-10    0    1.39565e-11    0.0157587    0.0157587 
0.100901    0    1.23177e-10    0    1.39564e-11    0.0157587    0.0157587 
0.100799    0    1.23176e-10    0    1.39562e-11    0.0157638    0.0157638 
0.100697    0    1.23175e-10    0    1.39561e-11    0.0157638    0.0157638 
0.100596    0    1.23174e-10    0    1.39559e-11    0.015769    0.015769 
0.100495    0    1.23173e-10    0    1.39558e-11    0.015769    0.015769 
0.100394    0    1.23172e-10    0    1.39557e-11    0.0157747    0.0157747 
0.100293    0    1.23171e-10    0    1.39555e-11    0.0157747    0.0157747 
0.100193    0    1.2317e-10    0    1.39554e-11    0.0157801    0.0157801 
0.100093    0    1.23169e-10    0    1.39553e-11    0.0157801    0.0157801 
