0.1    4.86719e-26
0.125893    4.92187e-26
0.158489    4.98438e-26
0.199526    5.03906e-26
0.251189    5.09375e-26
0.316228    5.14063e-26
0.398107    5.17188e-26
0.501187    5.17969e-26
0.630957    5.16406e-26
0.794328    5.125e-26
1    5.07031e-26
1.25893    5.00781e-26
1.58489    4.9375e-26
1.99526    4.84375e-26
2.51189    4.6875e-26
3.16228    4.4375e-26
3.98107    4.11719e-26
5.01187    3.74219e-26
6.30957    3.41406e-26
7.94328    3.16797e-26
10    2.97656e-26
12.5893    2.82031e-26
15.8489    2.69531e-26
19.9526    2.59375e-26
25.1189    2.51563e-26
31.6228    2.45703e-26
39.8107    2.41016e-26
50.1187    2.375e-26
63.0957    2.35156e-26
79.4328    2.33594e-26
100    2.32422e-26
125.893    2.32031e-26
158.489    2.32422e-26
199.526    2.33203e-26
251.189    2.34375e-26
316.228    2.35547e-26
398.107    2.36719e-26
501.187    2.37891e-26
630.957    2.39063e-26
794.328    2.39844e-26
1000    2.40234e-26
1258.93    2.40234e-26
1584.89    2.40234e-26
1995.26    2.40234e-26
2511.89    2.39844e-26
3162.28    2.39844e-26
3981.07    2.40234e-26
5011.87    2.41016e-26
6309.57    2.41406e-26
7943.28    2.42578e-26
10000    2.4375e-26
