0.1    4.61719e-26
0.125893    4.67188e-26
0.158489    4.73438e-26
0.199526    4.78906e-26
0.251189    4.83594e-26
0.316228    4.88281e-26
0.398107    4.90625e-26
0.501187    4.91406e-26
0.630957    4.89844e-26
0.794328    4.86719e-26
1    4.8125e-26
1.25893    4.75781e-26
1.58489    4.6875e-26
1.99526    4.60156e-26
2.51189    4.44531e-26
3.16228    4.21094e-26
3.98107    3.90625e-26
5.01187    3.54688e-26
6.30957    3.24219e-26
7.94328    3.00781e-26
10    2.82422e-26
12.5893    2.67969e-26
15.8489    2.55859e-26
19.9526    2.46484e-26
25.1189    2.39063e-26
31.6228    2.33594e-26
39.8107    2.28906e-26
50.1187    2.25781e-26
63.0957    2.23438e-26
79.4328    2.21875e-26
100    2.21094e-26
125.893    2.20703e-26
158.489    2.20703e-26
199.526    2.21484e-26
251.189    2.22656e-26
316.228    2.23828e-26
398.107    2.25e-26
501.187    2.26172e-26
630.957    2.27344e-26
794.328    2.27734e-26
1000    2.28125e-26
1258.93    2.28516e-26
1584.89    2.28125e-26
1995.26    2.28125e-26
2511.89    2.28125e-26
3162.28    2.28125e-26
3981.07    2.28516e-26
5011.87    2.28906e-26
6309.57    2.29688e-26
7943.28    2.30469e-26
10000    2.31641e-26
