14.2857    3.61057e-05    3.61057e-05    3.61057e-05    3.61057e-05    0.00319437    0.00319437 
12.5    1.58227e-05    1.58227e-05    1.58227e-05    1.58227e-05    0.00320737    0.00320737 
11.1111    6.80311e-06    6.80316e-06    6.80311e-06    6.80315e-06    0.00321524    0.00321524 
10    2.88129e-06    2.88134e-06    2.88129e-06    2.88134e-06    0.00322036    0.00322036 
9.09091    1.20535e-06    1.20541e-06    1.20535e-06    1.20541e-06    0.00322383    0.00322383 
8.33333    4.99103e-07    4.99181e-07    4.99103e-07    4.99178e-07    0.00322643    0.00322643 
7.69231    2.04886e-07    2.04977e-07    2.04886e-07    2.04975e-07    0.00322863    0.00322863 
7.14286    8.3485e-08    8.35901e-08    8.3485e-08    8.35894e-08    0.00323064    0.00323064 
6.66667    3.37987e-08    3.39196e-08    3.37987e-08    3.39193e-08    0.00323259    0.00323259 
6.25    1.36061e-08    1.37438e-08    1.36061e-08    1.37436e-08    0.00323459    0.00323459 
5.88235    5.44996e-09    5.60442e-09    5.44996e-09    5.60433e-09    0.00323666    0.00323666 
5.55556    2.1733e-09    2.34255e-09    2.1733e-09    2.34251e-09    0.0032389    0.0032389 
5.26316    8.63177e-10    1.04158e-09    8.63177e-10    1.04156e-09    0.00324121    0.00324121 
5    3.41597e-10    5.19565e-10    3.41597e-10    5.19557e-10    0.00324367    0.00324367 
4.7619    1.34738e-10    3.0228e-10    1.34738e-10    3.02275e-10    0.00324617    0.00324617 
4.54545    5.29891e-11    2.03937e-10    5.29891e-11    2.03935e-10    0.00324893    0.00324893 
4.34783    2.07816e-11    1.53759e-10    2.07816e-11    1.53758e-10    0.00325168    0.00325168 
4.16667    8.13009e-12    1.24785e-10    8.13009e-12    1.24784e-10    0.00325468    0.00325468 
4    3.1731e-12    1.06234e-10    3.1731e-12    1.06233e-10    0.00325762    0.00325762 
3.84615    1.23583e-12    9.34008e-11    1.23583e-12    9.34001e-11    0.0032608    0.0032608 
3.7037    4.80381e-13    8.40056e-11    4.80381e-13    8.40051e-11    0.00326424    0.00326424 
3.57143    1.86371e-13    7.68323e-11    1.86371e-13    7.68319e-11    0.00326754    0.00326754 
3.44827    7.21841e-14    7.11766e-11    7.21841e-14    7.11762e-11    0.00327107    0.00327107 
3.33333    2.79122e-14    6.66032e-11    2.79122e-14    6.66028e-11    0.00327462    0.00327462 
3.2258    1.07773e-14    6.28288e-11    1.07773e-14    6.28284e-11    0.0032784    0.0032784 
3.12499    4.15556e-15    5.96609e-11    4.15556e-15    5.96606e-11    0.00328241    0.00328241 
3.0303    1.60002e-15    5.69644e-11    1.60002e-15    5.69641e-11    0.00328614    0.00328614 
2.94117    6.15361e-16    5.46415e-11    6.15361e-16    5.46412e-11    0.00329035    0.00329035 
2.85714    2.36375e-16    5.26196e-11    2.36375e-16    5.26193e-11    0.0032945    0.0032945 
2.77777    9.0691e-17    5.08439e-11    9.0691e-17    5.08436e-11    0.00329855    0.00329855 
2.7027    3.47637e-17    4.9272e-11    3.47637e-17    4.92718e-11    0.00330313    0.00330313 
2.63157    1.33115e-17    4.78709e-11    1.33115e-17    4.78707e-11    0.0033076    0.0033076 
2.5641    5.09197e-18    4.66142e-11    5.09197e-18    4.6614e-11    0.00331191    0.00331191 
2.5    1.9461e-18    4.54807e-11    1.9461e-18    4.54805e-11    0.00331641    0.00331641 
2.43902    7.43165e-19    4.44532e-11    7.43165e-19    4.4453e-11    0.0033211    0.0033211 
2.38095    2.83574e-19    4.35176e-11    2.83574e-19    4.35173e-11    0.00332599    0.00332599 
2.32558    1.0811e-19    4.2662e-11    1.0811e-19    4.26618e-11    0.00333065    0.00333065 
2.27272    4.11868e-20    4.18766e-11    4.11868e-20    4.18764e-11    0.00333548    0.00333548 
2.22222    1.56802e-20    4.11533e-11    1.56802e-20    4.11531e-11    0.00334049    0.00334049 
2.17391    5.96576e-21    4.04849e-11    5.96576e-21    4.04847e-11    0.00334568    0.00334568 
2.12766    2.26801e-21    3.98654e-11    2.26801e-21    3.98652e-11    0.00335055    0.00335055 
2.08333    8.61716e-22    3.92897e-11    8.61716e-22    3.92895e-11    0.00335559    0.00335559 
2.04081    3.27216e-22    3.87533e-11    3.27216e-22    3.87531e-11    0.00336078    0.00336078 
2    1.24184e-22    3.82524e-11    1.24184e-22    3.82522e-11    0.00336613    0.00336613 
1.96078    4.71052e-23    3.77835e-11    4.71052e-23    3.77833e-11    0.00337164    0.00337164 
1.92307    1.78558e-23    3.73437e-11    1.78558e-23    3.73435e-11    0.00337674    0.00337674 
1.88679    6.76513e-24    3.69303e-11    6.76513e-24    3.69302e-11    0.00338197    0.00338197 
1.85185    2.56193e-24    3.65412e-11    2.56193e-24    3.6541e-11    0.00338734    0.00338734 
1.81818    9.69757e-25    3.61742e-11    9.69757e-25    3.6174e-11    0.00339284    0.00339284 
1.78571    3.66917e-25    3.58274e-11    3.66917e-25    3.58272e-11    0.00339848    0.00339848 
1.75438    1.38742e-25    3.54994e-11    1.38742e-25    3.54992e-11    0.00340361    0.00340361 
1.72414    5.24509e-26    3.51885e-11    5.24509e-26    3.51883e-11    0.00340951    0.00340951 
1.69491    1.98172e-26    3.48936e-11    1.98172e-26    3.48934e-11    0.00341487    0.00341487 
1.66666    7.48455e-27    3.46133e-11    7.48455e-27    3.46131e-11    0.00342034    0.00342034 
1.63934    2.82571e-27    3.43468e-11    2.82571e-27    3.43466e-11    0.00342591    0.00342591 
1.6129    1.06643e-27    3.40929e-11    1.06643e-27    3.40927e-11    0.0034316    0.0034316 
1.5873    4.02251e-28    3.38508e-11    4.02251e-28    3.38506e-11    0.00343666    0.00343666 
1.5625    1.51707e-28    3.36197e-11    1.51707e-28    3.36195e-11    0.00344254    0.00344254 
1.53846    5.71972e-29    3.33989e-11    5.71972e-29    3.33987e-11    0.00344853    0.00344853 
1.51515    2.15531e-29    3.31877e-11    2.15531e-29    3.31875e-11    0.00345386    0.00345386 
1.49254    8.11914e-30    3.29855e-11    8.11914e-30    3.29853e-11    0.00345927    0.00345927 
1.47059    3.05759e-30    3.27918e-11    3.05759e-30    3.27916e-11    0.00346476    0.00346476 
1.44927    1.15112e-30    3.2606e-11    1.15112e-30    3.26058e-11    0.00347033    0.00347033 
1.42857    4.33252e-31    3.24276e-11    4.33252e-31    3.24274e-11    0.00347598    0.00347598 
1.40845    1.6302e-31    3.22563e-11    1.6302e-31    3.22561e-11    0.00348171    0.00348171 
1.38889    6.13229e-32    3.20916e-11    6.13229e-32    3.20914e-11    0.00348751    0.00348751 
1.36986    2.30617e-32    3.19331e-11    2.30617e-32    3.19329e-11    0.00349339    0.00349339 
1.35135    8.66853e-33    3.17806e-11    8.66853e-33    3.17804e-11    0.00349848    0.00349848 
1.33333    3.25834e-33    3.16336e-11    3.25834e-33    3.16334e-11    0.0035045    0.0035045 
1.31579    1.22415e-33    3.14919e-11    1.22415e-33    3.14917e-11    0.00350971    0.00350971 
1.2987    4.59801e-34    3.13552e-11    4.59801e-34    3.1355e-11    0.00351498    0.00351498 
1.28205    1.72708e-34    3.12232e-11    1.72708e-34    3.1223e-11    0.00352118    0.00352118 
1.26582    6.48409e-35    3.10958e-11    6.48409e-35    3.10956e-11    0.00352656    0.00352656 
1.25    2.43382e-35    3.09726e-11    2.43382e-35    3.09724e-11    0.00353198    0.00353198 
1.23457    9.13346e-36    3.08535e-11    9.13346e-36    3.08533e-11    0.00353745    0.00353745 
1.21951    3.42681e-36    3.07382e-11    3.42681e-36    3.0738e-11    0.00354297    0.00354297 
1.20482    1.28545e-36    3.06267e-11    1.28545e-36    3.06265e-11    0.00354853    0.00354853 
1.19048    4.81968e-37    3.05187e-11    4.81968e-37    3.05185e-11    0.0035532    0.0035532 
1.17647    1.80722e-37    3.0414e-11    1.80722e-37    3.04138e-11    0.00355885    0.00355885 
1.16279    6.77514e-38    3.03125e-11    6.77514e-38    3.03123e-11    0.00356454    0.00356454 
1.14942    2.5388e-38    3.02141e-11    2.5388e-38    3.02139e-11    0.00356931    0.00356931 
1.13636    9.51426e-39    3.01186e-11    9.51426e-39    3.01184e-11    0.00357507    0.00357507 
1.12359    3.5639e-39    3.00259e-11    3.5639e-39    3.00257e-11    0.00357991    0.00357991 
1.11111    1.33511e-39    2.99359e-11    1.33511e-39    2.99357e-11    0.00358574    0.00358574 
1.0989    4.99936e-40    2.98485e-11    4.99936e-40    2.98483e-11    0.00359063    0.00359063 
1.08696    1.8717e-40    2.97635e-11    1.8717e-40    2.97633e-11    0.00359555    0.00359555 
1.07527    7.00628e-41    2.96808e-11    7.00628e-41    2.96806e-11    0.00360049    0.00360049 
1.06383    2.62293e-41    2.96004e-11    2.62293e-41    2.96002e-11    0.00360645    0.00360645 
1.05263    9.81514e-42    2.95222e-11    9.81514e-42    2.9522e-11    0.00361144    0.00361144 
1.04167    3.6723e-42    2.94461e-11    3.6723e-42    2.94459e-11    0.00361646    0.00361646 
1.03093    1.37376e-42    2.93719e-11    1.37376e-42    2.93717e-11    0.00362149    0.00362149 
1.02041    5.1383e-43    2.92997e-11    5.1383e-43    2.92995e-11    0.00362655    0.00362655 
1.0101    1.9216e-43    2.92294e-11    1.9216e-43    2.92292e-11    0.00363163    0.00363163 
0.999999    7.18326e-44    2.91608e-11    7.18326e-44    2.91606e-11    0.0036357    0.0036357 
0.990098    2.68559e-44    2.90939e-11    2.68559e-44    2.90937e-11    0.00364081    0.00364081 
0.980392    1.00391e-44    2.90287e-11    1.00391e-44    2.90285e-11    0.00364594    0.00364594 
0.970873    3.75226e-45    2.89651e-11    3.75226e-45    2.89649e-11    0.00365109    0.00365109 
0.961538    1.40187e-45    2.8903e-11    1.40187e-45    2.89028e-11    0.00365522    0.00365522 
0.95238    5.23828e-46    2.88424e-11    5.23828e-46    2.88422e-11    0.00366039    0.00366039 
0.943396    1.9571e-46    2.87832e-11    1.9571e-46    2.8783e-11    0.00366559    0.00366559 
0.934579    7.30898e-47    2.87254e-11    7.30898e-47    2.87252e-11    0.00366975    0.00366975 
0.925925    2.73004e-47    2.8669e-11    2.73004e-47    2.86687e-11    0.00367497    0.00367497 
0.917431    1.01931e-47    2.86138e-11    1.01931e-47    2.86136e-11    0.00367915    0.00367915 
0.90909    3.80528e-48    2.85598e-11    3.80528e-48    2.85596e-11    0.00368335    0.00368335 
0.9009    1.42083e-48    2.85071e-11    1.42083e-48    2.85069e-11    0.0036886    0.0036886 
0.892857    5.30297e-49    2.84555e-11    5.30297e-49    2.84553e-11    0.00369281    0.00369281 
0.884955    1.97901e-49    2.84051e-11    1.97901e-49    2.84049e-11    0.00369703    0.00369703 
0.877193    7.3867e-50    2.83557e-11    7.3867e-50    2.83555e-11    0.00370231    0.00370231 
0.869565    2.75601e-50    2.83074e-11    2.75601e-50    2.83072e-11    0.00370655    0.00370655 
0.862069    1.02816e-50    2.82601e-11    1.02816e-50    2.82599e-11    0.00371079    0.00371079 
0.8547    3.83528e-51    2.82139e-11    3.83528e-51    2.82136e-11    0.00371504    0.00371504 
0.847457    1.43284e-51    2.81685e-11    1.43284e-51    2.81683e-11    0.00372539    0.00372539 
0.840336    5.3506e-52    2.81242e-11    5.3506e-52    2.8124e-11    0.0037345    0.0037345 
0.833333    1.99778e-52    2.80808e-11    1.99778e-52    2.80805e-11    0.0037435    0.0037435 
0.826446    7.45774e-53    2.80382e-11    7.45774e-53    2.8038e-11    0.00375215    0.00375215 
0.819672    2.7833e-53    2.79966e-11    2.7833e-53    2.79964e-11    0.00376028    0.00376028 
0.813008    1.03846e-53    2.79558e-11    1.03846e-53    2.79555e-11    0.00376775    0.00376775 
0.806451    3.87345e-54    2.79158e-11    3.87345e-54    2.79155e-11    0.00377452    0.00377452 
0.8    1.44438e-54    2.78765e-11    1.44438e-54    2.78763e-11    0.00378058    0.00378058 
0.79365    5.38459e-55    2.78381e-11    5.38459e-55    2.78379e-11    0.00378604    0.00378604 
0.787401    2.00691e-55    2.78004e-11    2.00691e-55    2.78001e-11    0.00379103    0.00379103 
0.78125    7.47882e-56    2.77633e-11    7.47882e-56    2.77631e-11    0.00379573    0.00379573 
0.775193    2.78584e-56    2.7727e-11    2.78584e-56    2.77268e-11    0.0037992    0.0037992 
0.76923    1.03797e-56    2.76914e-11    1.03797e-56    2.76911e-11    0.00380393    0.00380393 
0.763358    3.86731e-57    2.76564e-11    3.86731e-57    2.76561e-11    0.00380897    0.00380897 
0.757575    1.44041e-57    2.7622e-11    1.44041e-57    2.76218e-11    0.00381306    0.00381306 
0.751879    5.36716e-58    2.75883e-11    5.36716e-58    2.7588e-11    0.00381904    0.00381904 
0.746268    2.00007e-58    2.75551e-11    2.00007e-58    2.75549e-11    0.00382574    0.00382574 
0.74074    7.45031e-59    2.75226e-11    7.45031e-59    2.75224e-11    0.00383125    0.00383125 
0.735294    2.77683e-59    2.74907e-11    2.77683e-59    2.74904e-11    0.00383925    0.00383925 
0.729927    1.03446e-59    2.74593e-11    1.03446e-59    2.7459e-11    0.00384571    0.00384571 
0.724637    3.85608e-60    2.74284e-11    3.85608e-60    2.74282e-11    0.00385485    0.00385485 
0.719424    1.43655e-60    2.73982e-11    1.43655e-60    2.73979e-11    0.00386202    0.00386202 
0.714285    5.35502e-61    2.73684e-11    5.35502e-61    2.73682e-11    0.00387188    0.00387188 
0.70922    1.99482e-61    2.73392e-11    1.99482e-61    2.73389e-11    0.00387939    0.00387939 
0.704225    7.4352e-62    2.73104e-11    7.4352e-62    2.73102e-11    0.00388941    0.00388941 
0.6993    2.76922e-62    2.72822e-11    2.76922e-62    2.7282e-11    0.00389682    0.00389682 
0.694444    1.03127e-62    2.72545e-11    1.03127e-62    2.72542e-11    0.00390408    0.00390408 
0.689655    3.84222e-63    2.72272e-11    3.84222e-63    2.72269e-11    0.0039134    0.0039134 
0.684931    1.43043e-63    2.72003e-11    1.43043e-63    2.72001e-11    0.00392007    0.00392007 
0.680272    5.3246e-64    2.71739e-11    5.3246e-64    2.71737e-11    0.00392645    0.00392645 
0.675675    1.98271e-64    2.7148e-11    1.98271e-64    2.71477e-11    0.00393449    0.00393449 
0.671141    7.37807e-65    2.71224e-11    7.37807e-65    2.71221e-11    0.00394018    0.00394018 
0.666666    2.74517e-65    2.70973e-11    2.74517e-65    2.7097e-11    0.00394562    0.00394562 
0.662251    1.02128e-65    2.70725e-11    1.02128e-65    2.70723e-11    0.00395085    0.00395085 
0.657894    3.79904e-66    2.70481e-11    3.79904e-66    2.70479e-11    0.00395595    0.00395595 
0.653595    1.41368e-66    2.70242e-11    1.41368e-66    2.70239e-11    0.00396264    0.00396264 
0.64935    5.25798e-67    2.70005e-11    5.25798e-67    2.70003e-11    0.00396769    0.00396769 
0.645161    1.95556e-67    2.69773e-11    1.95556e-67    2.6977e-11    0.00397285    0.00397285 
0.641025    7.27305e-68    2.69544e-11    7.27305e-68    2.69541e-11    0.0039782    0.0039782 
0.636942    2.70497e-68    2.69318e-11    2.70497e-68    2.69316e-11    0.0039838    0.0039838 
0.632911    1.00605e-68    2.69096e-11    1.00605e-68    2.69094e-11    0.00398973    0.00398973 
0.628931    3.74184e-69    2.68877e-11    3.74184e-69    2.68875e-11    0.00399603    0.00399603 
0.625    1.39178e-69    2.68662e-11    1.39178e-69    2.68659e-11    0.00400273    0.00400273 
0.621118    5.177e-70    2.68449e-11    5.177e-70    2.68447e-11    0.00400986    0.00400986 
0.617284    1.92577e-70    2.6824e-11    1.92577e-70    2.68238e-11    0.00401743    0.00401743 
0.613497    7.16393e-71    2.68034e-11    7.16393e-71    2.68031e-11    0.00402542    0.00402542 
0.609756    2.66511e-71    2.67831e-11    2.66511e-71    2.67828e-11    0.0040338    0.0040338 
0.60606    9.91492e-72    2.67631e-11    9.91492e-72    2.67628e-11    0.00404253    0.00404253 
0.602409    3.68867e-72    2.67434e-11    3.68867e-72    2.67431e-11    0.00405155    0.00405155 
0.598802    1.3723e-72    2.67239e-11    1.3723e-72    2.67237e-11    0.0040608    0.0040608 
0.595238    5.10525e-73    2.67048e-11    5.10525e-73    2.67045e-11    0.00407019    0.00407019 
0.591716    1.89919e-73    2.66859e-11    1.89919e-73    2.66856e-11    0.00407964    0.00407964 
0.588235    7.05924e-74    2.66673e-11    7.05924e-74    2.6667e-11    0.00408593    0.00408593 
0.584795    2.62574e-74    2.66489e-11    2.62574e-74    2.66487e-11    0.0040953    0.0040953 
0.581395    9.7657e-75    2.66308e-11    9.7657e-75    2.66306e-11    0.00410452    0.00410452 
0.578034    3.63168e-75    2.6613e-11    3.63168e-75    2.66127e-11    0.0041135    0.0041135 
0.574712    1.35039e-75    2.65954e-11    1.35039e-75    2.65951e-11    0.0041222    0.0041222 
0.571428    5.0172e-76    2.6578e-11    5.0172e-76    2.65778e-11    0.00412781    0.00412781 
0.568182    1.86511e-76    2.65609e-11    1.86511e-76    2.65607e-11    0.00413593    0.00413593 
0.564972    6.93246e-77    2.6544e-11    6.93246e-77    2.65438e-11    0.00414366    0.00414366 
0.561798    2.57637e-77    2.65274e-11    2.57637e-77    2.65271e-11    0.00415102    0.00415102 
0.558659    9.56816e-78    2.65109e-11    9.56816e-78    2.65107e-11    0.00415572    0.00415572 
0.555555    3.55504e-78    2.64947e-11    3.55504e-78    2.64944e-11    0.00416248    0.00416248 
0.552486    1.32071e-78    2.64787e-11    1.32071e-78    2.64784e-11    0.00416895    0.00416895 
0.54945    4.90358e-79    2.64629e-11    4.90358e-79    2.64626e-11    0.00417312    0.00417312 
0.546448    1.82137e-79    2.64473e-11    1.82137e-79    2.6447e-11    0.00417922    0.00417922 
0.543478    6.76476e-80    2.64318e-11    6.76476e-80    2.64316e-11    0.00418522    0.00418522 
0.54054    2.51118e-80    2.64166e-11    2.51118e-80    2.64163e-11    0.00418919    0.00418919 
0.537634    9.32594e-81    2.64016e-11    9.32594e-81    2.64013e-11    0.00419519    0.00419519 
0.534759    3.46169e-81    2.63867e-11    3.46169e-81    2.63865e-11    0.00419925    0.00419925 
0.531915    1.28556e-81    2.63721e-11    1.28556e-81    2.63718e-11    0.00420551    0.00420551 
0.5291    4.77423e-82    2.63576e-11    4.77423e-82    2.63573e-11    0.00421203    0.00421203 
0.526316    1.77211e-82    2.63433e-11    1.77211e-82    2.6343e-11    0.00421656    0.00421656 
0.52356    6.58155e-83    2.63292e-11    6.58155e-83    2.63289e-11    0.0042237    0.0042237 
0.520833    2.44302e-83    2.63152e-11    2.44302e-83    2.63149e-11    0.00422869    0.00422869 
0.518135    9.07412e-84    2.63014e-11    9.07412e-84    2.63012e-11    0.00423659    0.00423659 
0.515464    3.36839e-84    2.62878e-11    3.36839e-84    2.62875e-11    0.00424212    0.00424212 
0.51282    1.25126e-84    2.62744e-11    1.25126e-84    2.62741e-11    0.00425086    0.00425086 
0.510204    4.64503e-85    2.62611e-11    4.64503e-85    2.62608e-11    0.00425696    0.00425696 
0.507614    1.72569e-85    2.62479e-11    1.72569e-85    2.62477e-11    0.00426652    0.00426652 
0.50505    6.40649e-86    2.6235e-11    6.40649e-86    2.62347e-11    0.00427315    0.00427315 
0.502512    2.3803e-86    2.62222e-11    2.3803e-86    2.62219e-11    0.00428345    0.00428345 
0.5    8.8369e-87    2.62095e-11    8.8369e-87    2.62092e-11    0.00429053    0.00429053 
0.497512    3.28068e-87    2.6197e-11    3.28068e-87    2.61967e-11    0.00429774    0.00429774 
0.495049    1.21898e-87    2.61846e-11    1.21898e-87    2.61843e-11    0.00430878    0.00430878 
0.492611    4.52532e-88    2.61724e-11    4.52532e-88    2.61721e-11    0.00431623    0.00431623 
0.490196    1.67993e-88    2.61603e-11    1.67993e-88    2.616e-11    0.00432374    0.00432374 
0.487805    6.24158e-89    2.61484e-11    6.24158e-89    2.61481e-11    0.00433502    0.00433502 
0.485437    2.31687e-89    2.61366e-11    2.31687e-89    2.61363e-11    0.00434251    0.00434251 
0.483092    8.60705e-90    2.61249e-11    8.60705e-90    2.61246e-11    0.00435365    0.00435365 
0.480769    3.19454e-90    2.61134e-11    3.19454e-90    2.61131e-11    0.00436095    0.00436095 
0.478469    1.18559e-90    2.6102e-11    1.18559e-90    2.61017e-11    0.00436814    0.00436814 
0.47619    4.39978e-91    2.60907e-11    4.39978e-91    2.60904e-11    0.00437518    0.00437518 
0.473934    1.63392e-91    2.60796e-11    1.63392e-91    2.60793e-11    0.00438543    0.00438543 
0.471698    6.06248e-92    2.60686e-11    6.06248e-92    2.60683e-11    0.00439204    0.00439204 
0.469483    2.24924e-92    2.60577e-11    2.24924e-92    2.60574e-11    0.00439844    0.00439844 
0.46729    8.34997e-93    2.60469e-11    8.34997e-93    2.60466e-11    0.00440766    0.00440766 
0.465116    3.09734e-93    2.60363e-11    3.09734e-93    2.6036e-11    0.00441355    0.00441355 
0.462963    1.14884e-93    2.60257e-11    1.14884e-93    2.60254e-11    0.00441923    0.00441923 
0.460829    4.26084e-94    2.60153e-11    4.26084e-94    2.6015e-11    0.00442471    0.00442471 
0.458715    1.58107e-94    2.6005e-11    1.58107e-94    2.60047e-11    0.0044326    0.0044326 
0.456621    5.86296e-95    2.59948e-11    5.86296e-95    2.59945e-11    0.00443766    0.00443766 
0.454545    2.17398e-95    2.59847e-11    2.17398e-95    2.59844e-11    0.00444258    0.00444258 
0.452489    8.06061e-96    2.59747e-11    8.06061e-96    2.59744e-11    0.00444738    0.00444738 
0.45045    2.98854e-96    2.59648e-11    2.98854e-96    2.59645e-11    0.00445211    0.00445211 
0.44843    1.10798e-96    2.5955e-11    1.10798e-96    2.59547e-11    0.00445678    0.00445678 
0.446428    4.10975e-97    2.59453e-11    4.10975e-97    2.5945e-11    0.00446377    0.00446377 
0.444444    1.52357e-97    2.59357e-11    1.52357e-97    2.59354e-11    0.00446845    0.00446845 
0.442478    5.6481e-98    2.59262e-11    5.6481e-98    2.59259e-11    0.0044732    0.0044732 
0.440529    2.09381e-98    2.59168e-11    2.09381e-98    2.59165e-11    0.00447805    0.00447805 
0.438596    7.76201e-99    2.59075e-11    7.76201e-99    2.59072e-11    0.00448302    0.00448302 
0.436681    2.87748e-99    2.58983e-11    2.87748e-99    2.5898e-11    0.00448816    0.00448816 
0.434782    1.06674e-99    2.58892e-11    1.06674e-99    2.58888e-11    0.00449349    0.00449349 
0.4329    3.95466e-100    2.58801e-11    3.95466e-100    2.58798e-11    0.00449904    0.00449904 
0.431034    1.4671e-100    2.58712e-11    1.4671e-100    2.58709e-11    0.00450783    0.00450783 
0.429184    5.43938e-101    2.58623e-11    5.43938e-101    2.5862e-11    0.00451402    0.00451402 
0.42735    2.01675e-101    2.58536e-11    2.01675e-101    2.58533e-11    0.00452049    0.00452049 
0.425532    7.47774e-102    2.58449e-11    7.47774e-102    2.58446e-11    0.00452726    0.00452726 
0.423729    2.77271e-102    2.58363e-11    2.77271e-102    2.5836e-11    0.00453432    0.00453432 
0.421941    1.02815e-102    2.58278e-11    1.02815e-102    2.58275e-11    0.00454168    0.00454168 
0.420168    3.81259e-103    2.58194e-11    3.81259e-103    2.58191e-11    0.00454934    0.00454934 
0.41841    1.41384e-103    2.5811e-11    1.41384e-103    2.58107e-11    0.00455727    0.00455727 
0.416667    5.24314e-104    2.58028e-11    5.24314e-104    2.58025e-11    0.00456547    0.00456547 
0.414938    1.94444e-104    2.57946e-11    1.94444e-104    2.57943e-11    0.00457392    0.00457392 
0.413223    7.21116e-105    2.57865e-11    7.21116e-105    2.57862e-11    0.00458258    0.00458258 
0.411523    2.67437e-105    2.57785e-11    2.67437e-105    2.57782e-11    0.00459143    0.00459143 
0.409836    9.91837e-106    2.57706e-11    9.91837e-106    2.57703e-11    0.00460044    0.00460044 
0.408163    3.67839e-106    2.57627e-11    3.67839e-106    2.57624e-11    0.00460958    0.00460958 
0.406504    1.36418e-106    2.57549e-11    1.36418e-106    2.57546e-11    0.00461879    0.00461879 
0.404858    5.05911e-107    2.57472e-11    5.05911e-107    2.57469e-11    0.00462803    0.00462803 
0.403226    1.87614e-107    2.57396e-11    1.87614e-107    2.57393e-11    0.00463728    0.00463728 
0.401606    6.95727e-108    2.5732e-11    6.95727e-108    2.57317e-11    0.00464647    0.00464647 
0.4    2.57983e-108    2.57245e-11    2.57983e-108    2.57242e-11    0.00465556    0.00465556 
0.398406    9.56575e-109    2.57171e-11    9.56575e-109    2.57168e-11    0.00466452    0.00466452 
0.396825    3.54334e-109    2.57098e-11    3.54334e-109    2.57095e-11    0.00466893    0.00466893 
0.395257    1.31368e-109    2.57025e-11    1.31368e-109    2.57022e-11    0.00467759    0.00467759 
0.393701    4.87005e-110    2.56953e-11    4.87005e-110    2.5695e-11    0.00468601    0.00468601 
0.392157    1.80526e-110    2.56882e-11    1.80526e-110    2.56878e-11    0.00469415    0.00469415 
0.390625    6.69123e-111    2.56811e-11    6.69123e-111    2.56808e-11    0.00470197    0.00470197 
0.389105    2.47985e-111    2.56741e-11    2.47985e-111    2.56737e-11    0.00470945    0.00470945 
0.387597    9.18967e-112    2.56671e-11    9.18967e-112    2.56668e-11    0.00471657    0.00471657 
0.3861    3.40509e-112    2.56602e-11    3.40509e-112    2.56599e-11    0.00472331    0.00472331 
0.384615    1.26157e-112    2.56534e-11    1.26157e-112    2.56531e-11    0.00472965    0.00472965 
0.383142    4.67067e-113    2.56466e-11    4.67067e-113    2.56463e-11    0.00473268    0.00473268 
0.381679    1.73016e-113    2.56399e-11    1.73016e-113    2.56396e-11    0.00473843    0.00473843 
0.380228    6.4084e-114    2.56333e-11    6.4084e-114    2.56329e-11    0.00474379    0.00474379 
0.378788    2.37338e-114    2.56267e-11    2.37338e-114    2.56263e-11    0.00474878    0.00474878 
0.377358    8.78906e-115    2.56201e-11    8.78906e-115    2.56198e-11    0.0047534    0.0047534 
0.37594    3.25445e-115    2.56137e-11    3.25445e-115    2.56133e-11    0.00475769    0.00475769 
0.374532    1.20447e-115    2.56072e-11    1.20447e-115    2.56069e-11    0.00475972    0.00475972 
0.373134    4.45937e-116    2.56008e-11    4.45937e-116    2.56005e-11    0.00476357    0.00476357 
0.371747    1.65089e-116    2.55945e-11    1.65089e-116    2.55942e-11    0.00476718    0.00476718 
0.37037    6.11132e-117    2.55883e-11    6.11132e-117    2.55879e-11    0.00477058    0.00477058 
0.369003    2.26219e-117    2.5582e-11    2.26219e-117    2.55817e-11    0.00477382    0.00477382 
0.367647    8.37071e-118    2.55759e-11    8.37071e-118    2.55755e-11    0.0047754    0.0047754 
0.3663    3.09832e-118    2.55698e-11    3.09832e-118    2.55694e-11    0.00477851    0.00477851 
0.364963    1.14677e-118    2.55637e-11    1.14677e-118    2.55633e-11    0.00478159    0.00478159 
0.363636    4.24447e-119    2.55577e-11    4.24447e-119    2.55573e-11    0.0047847    0.0047847 
0.362318    1.57044e-119    2.55517e-11    1.57044e-119    2.55514e-11    0.00478628    0.00478628 
0.36101    5.81251e-120    2.55458e-11    5.81251e-120    2.55454e-11    0.00478953    0.00478953 
0.359712    2.15135e-120    2.55399e-11    2.15135e-120    2.55396e-11    0.00479294    0.00479294 
0.358423    7.96287e-121    2.55341e-11    7.96287e-121    2.55337e-11    0.00479657    0.00479657 
0.357142    2.94621e-121    2.55283e-11    2.94621e-121    2.55279e-11    0.00479848    0.00479848 
0.355871    1.09054e-121    2.55225e-11    1.09054e-121    2.55222e-11    0.00480251    0.00480251 
0.35461    4.03684e-122    2.55168e-11    4.03684e-122    2.55165e-11    0.00480688    0.00480688 
0.353356    1.49365e-122    2.55112e-11    1.49365e-122    2.55109e-11    0.00480919    0.00480919 
0.352112    5.52944e-123    2.55056e-11    5.52944e-123    2.55053e-11    0.00481411    0.00481411 
0.350877    2.04712e-123    2.55e-11    2.04712e-123    2.54997e-11    0.00481944    0.00481944 
0.34965    7.57939e-124    2.54945e-11    7.57939e-124    2.54942e-11    0.0048252    0.0048252 
0.348432    2.80462e-124    2.54891e-11    2.80462e-124    2.54887e-11    0.00482825    0.00482825 
0.347222    1.03851e-124    2.54836e-11    1.03851e-124    2.54833e-11    0.0048347    0.0048347 
0.34602    3.84574e-125    2.54782e-11    3.84574e-125    2.54779e-11    0.00484161    0.00484161 
0.344827    1.42314e-125    2.54729e-11    1.42314e-125    2.54725e-11    0.00484523    0.00484523 
0.343642    5.27062e-126    2.54676e-11    5.27062e-126    2.54672e-11    0.00485284    0.00485284 
0.342465    1.95213e-126    2.54623e-11    1.95213e-126    2.5462e-11    0.00486089    0.00486089 
0.341296    7.2244e-127    2.54571e-11    7.2244e-127    2.54568e-11    0.00486508    0.00486508 
0.340136    2.67601e-127    2.54519e-11    2.67601e-127    2.54516e-11    0.00487377    0.00487377 
0.338983    9.90359e-128    2.54468e-11    9.90359e-128    2.54465e-11    0.00487827    0.00487827 
0.337837    3.66872e-128    2.54417e-11    3.66872e-128    2.54414e-11    0.00488754    0.00488754 
0.3367    1.35912e-128    2.54367e-11    1.35912e-128    2.54363e-11    0.00489716    0.00489716 
0.33557    5.03008e-129    2.54317e-11    5.03008e-129    2.54313e-11    0.00490208    0.00490208 
0.334448    1.86354e-129    2.54267e-11    1.86354e-129    2.54263e-11    0.00491213    0.00491213 
0.333333    6.90421e-130    2.54217e-11    6.90421e-130    2.54214e-11    0.00492241    0.00492241 
0.332225    2.55525e-130    2.54168e-11    2.55525e-130    2.54165e-11    0.00492762    0.00492762 
0.331125    9.467e-131    2.5412e-11    9.467e-131    2.54116e-11    0.00493814    0.00493814 
0.330032    3.50367e-131    2.54072e-11    3.50367e-131    2.54068e-11    0.00494343    0.00494343 
0.328947    1.29806e-131    2.54024e-11    1.29806e-131    2.5402e-11    0.00495407    0.00495407 
0.327868    4.80904e-132    2.53976e-11    4.80904e-132    2.53973e-11    0.0049647    0.0049647 
0.326797    1.7797e-132    2.53929e-11    1.7797e-132    2.53926e-11    0.00497    0.00497 
0.325732    6.593e-133    2.53883e-11    6.593e-133    2.53879e-11    0.00498052    0.00498052 
0.324675    2.43977e-133    2.53836e-11    2.43977e-133    2.53833e-11    0.00498573    0.00498573 
0.323624    9.03747e-134    2.5379e-11    9.03747e-134    2.53787e-11    0.00499601    0.00499601 
0.32258    3.34414e-134    2.53745e-11    3.34414e-134    2.53741e-11    0.00500107    0.00500107 
0.321543    1.23861e-134    2.53699e-11    1.23861e-134    2.53696e-11    0.00501099    0.00501099 
0.320512    4.58725e-135    2.53654e-11    4.58725e-135    2.53651e-11    0.00502061    0.00502061 
0.319488    1.69721e-135    2.5361e-11    1.69721e-135    2.53606e-11    0.00502529    0.00502529 
0.318471    6.28478e-136    2.53565e-11    6.28478e-136    2.53562e-11    0.00503437    0.00503437 
0.31746    2.32506e-136    2.53521e-11    2.32506e-136    2.53518e-11    0.00503877    0.00503877 
0.316455    8.60838e-137    2.53478e-11    8.60838e-137    2.53474e-11    0.00504725    0.00504725 
0.315457    3.18437e-137    2.53434e-11    3.18437e-137    2.53431e-11    0.00505133    0.00505133 
0.314465    1.1788e-137    2.53391e-11    1.1788e-137    2.53388e-11    0.00505915    0.00505915 
0.313479    4.36014e-138    2.53349e-11    4.36014e-138    2.53345e-11    0.00506289    0.00506289 
0.312499    1.61378e-138    2.53306e-11    1.61378e-138    2.53303e-11    0.00507004    0.00507004 
0.311526    5.96846e-139    2.53264e-11    5.96846e-139    2.53261e-11    0.00507344    0.00507344 
0.310558    2.20869e-139    2.53222e-11    2.20869e-139    2.53219e-11    0.00507991    0.00507991 
0.309597    8.16791e-140    2.53181e-11    8.16791e-140    2.53177e-11    0.00508298    0.00508298 
0.308641    3.02215e-140    2.5314e-11    3.02215e-140    2.53136e-11    0.0050888    0.0050888 
0.307692    1.11751e-140    2.53099e-11    1.11751e-140    2.53095e-11    0.00509157    0.00509157 
0.306748    4.13423e-141    2.53058e-11    4.13423e-141    2.53054e-11    0.00509681    0.00509681 
0.30581    1.5286e-141    2.53018e-11    1.5286e-141    2.53014e-11    0.0050993    0.0050993 
0.304877    5.65434e-142    2.52978e-11    5.65434e-142    2.52974e-11    0.00510405    0.00510405 
0.303951    2.09051e-142    2.52938e-11    2.09051e-142    2.52934e-11    0.00510631    0.00510631 
0.30303    7.73201e-143    2.52898e-11    7.73201e-143    2.52894e-11    0.00511066    0.00511066 
0.302114    2.85848e-143    2.52859e-11    2.85848e-143    2.52855e-11    0.00511276    0.00511276 
0.301204    1.05674e-143    2.5282e-11    1.05674e-143    2.52816e-11    0.00511482    0.00511482 
0.3003    3.90808e-144    2.52781e-11    3.90808e-144    2.52777e-11    0.00511884    0.00511884 
0.2994    1.4447e-144    2.52742e-11    1.4447e-144    2.52739e-11    0.00512081    0.00512081 
0.298507    5.34259e-145    2.52704e-11    5.34259e-145    2.527e-11    0.00512473    0.00512473 
0.297618    1.97494e-145    2.52666e-11    1.97494e-145    2.52662e-11    0.0051267    0.0051267 
0.296735    7.3033e-146    2.52628e-11    7.3033e-146    2.52625e-11    0.00513066    0.00513066 
0.295857    2.69969e-146    2.52591e-11    2.69969e-146    2.52587e-11    0.00513268    0.00513268 
0.294984    9.98352e-147    2.52553e-11    9.98352e-147    2.5255e-11    0.00513683    0.00513683 
0.294117    3.69044e-147    2.52516e-11    3.69044e-147    2.52513e-11    0.00513897    0.00513897 
0.293254    1.36418e-147    2.5248e-11    1.36418e-147    2.52476e-11    0.00514117    0.00514117 
0.292397    5.04499e-148    2.52443e-11    5.04499e-148    2.52439e-11    0.00514576    0.00514576 
0.291544    1.86492e-148    2.52407e-11    1.86492e-148    2.52403e-11    0.00514816    0.00514816 
0.290697    6.89725e-149    2.52371e-11    6.89725e-149    2.52367e-11    0.00515321    0.00515321 
0.289854    2.54968e-149    2.52335e-11    2.54968e-149    2.52331e-11    0.00515587    0.00515587 
0.289017    9.42534e-150    2.52299e-11    9.42534e-150    2.52295e-11    0.00515862    0.00515862 
0.288184    3.48626e-150    2.52264e-11    3.48626e-150    2.5226e-11    0.00516443    0.00516443 
0.287356    1.2888e-150    2.52228e-11    1.2888e-150    2.52225e-11    0.00516749    0.00516749 
0.286532    4.76751e-151    2.52193e-11    4.76751e-151    2.5219e-11    0.00517394    0.00517394 
0.285713    1.76252e-151    2.52159e-11    1.76252e-151    2.52155e-11    0.00517733    0.00517733 
0.284899    6.51601e-152    2.52124e-11    6.51601e-152    2.5212e-11    0.00518083    0.00518083 
0.28409    2.41071e-152    2.5209e-11    2.41071e-152    2.52086e-11    0.00518818    0.00518818 
0.283285    8.9127e-153    2.52056e-11    8.9127e-153    2.52052e-11    0.00519202    0.00519202 
0.282485    3.29517e-153    2.52022e-11    3.29517e-153    2.52018e-11    0.00519598    0.00519598 
0.281689    1.21926e-153    2.51988e-11    1.21926e-153    2.51984e-11    0.00520421    0.00520421 
0.280898    4.50798e-154    2.51955e-11    4.50798e-154    2.51951e-11    0.00520849    0.00520849 
0.280111    1.66817e-154    2.51922e-11    1.66817e-154    2.51918e-11    0.00521734    0.00521734 
0.279329    6.16791e-155    2.51889e-11    6.16791e-155    2.51885e-11    0.00522191    0.00522191 
0.278551    2.28054e-155    2.51856e-11    2.28054e-155    2.51852e-11    0.00522656    0.00522656 
0.277777    8.43989e-156    2.51823e-11    8.43989e-156    2.51819e-11    0.00523611    0.00523611 
0.277007    3.12064e-156    2.51791e-11    3.12064e-156    2.51787e-11    0.00524099    0.00524099 
0.276242    1.15385e-156    2.51759e-11    1.15385e-156    2.51755e-11    0.00524594    0.00524594 
0.275481    4.27045e-157    2.51727e-11    4.27045e-157    2.51723e-11    0.00525598    0.00525598 
0.274724    1.579e-157    2.51695e-11    1.579e-157    2.51691e-11    0.00526107    0.00526107 
0.273972    5.83829e-158    2.51663e-11    5.83829e-158    2.5166e-11    0.00526619    0.00526619 
0.273223    2.16078e-158    2.51632e-11    2.16078e-158    2.51628e-11    0.00527649    0.00527649 
0.272479    7.98929e-159    2.51601e-11    7.98929e-159    2.51597e-11    0.00528165    0.00528165 
0.271738    2.95393e-159    2.5157e-11    2.95393e-159    2.51566e-11    0.0052868    0.0052868 
0.271002    1.09216e-159    2.51539e-11    1.09216e-159    2.51535e-11    0.00529194    0.00529194 
0.270269    4.04184e-160    2.51509e-11    4.04184e-160    2.51505e-11    0.00530214    0.00530214 
0.269541    1.49433e-160    2.51478e-11    1.49433e-160    2.51474e-11    0.00530718    0.00530718 
0.268816    5.52462e-161    2.51448e-11    5.52462e-161    2.51444e-11    0.00531217    0.00531217 
0.268096    2.04431e-161    2.51418e-11    2.04431e-161    2.51414e-11    0.00532195    0.00532195 
0.267379    7.55744e-162    2.51388e-11    7.55744e-162    2.51384e-11    0.00532673    0.00532673 
0.266666    2.79378e-162    2.51359e-11    2.79378e-162    2.51355e-11    0.00533142    0.00533142 
0.265957    1.03362e-162    2.51329e-11    1.03362e-162    2.51325e-11    0.00534049    0.00534049 
0.265251    3.82069e-163    2.513e-11    3.82069e-163    2.51296e-11    0.00534486    0.00534486 
0.264549    1.41224e-163    2.51271e-11    1.41224e-163    2.51267e-11    0.00534912    0.00534912 
0.263851    5.21987e-164    2.51242e-11    5.21987e-164    2.51238e-11    0.00535324    0.00535324 
0.263157    1.93067e-164    2.51213e-11    1.93067e-164    2.51209e-11    0.00536108    0.00536108 
0.262466    7.13535e-165    2.51185e-11    7.13535e-165    2.51181e-11    0.00536479    0.00536479 
0.261779    2.63698e-165    2.51156e-11    2.63698e-165    2.51152e-11    0.00536835    0.00536835 
0.261096    9.74498e-166    2.51128e-11    9.74498e-166    2.51124e-11    0.00537176    0.00537176 
0.260416    3.6032e-166    2.511e-11    3.6032e-166    2.51096e-11    0.00537811    0.00537811 
0.259739    1.33142e-166    2.51072e-11    1.33142e-166    2.51068e-11    0.00538104    0.00538104 
0.259066    4.91955e-167    2.51044e-11    4.91955e-167    2.5104e-11    0.00538382    0.00538382 
0.258397    1.81768e-167    2.51017e-11    1.81768e-167    2.51013e-11    0.00538644    0.00538644 
0.257731    6.7186e-168    2.50989e-11    6.7186e-168    2.50985e-11    0.00539121    0.00539121 
0.257068    2.48213e-168    2.50962e-11    2.48213e-168    2.50958e-11    0.00539336    0.00539336 
0.256409    9.16968e-169    2.50935e-11    9.16968e-169    2.50931e-11    0.00539536    0.00539536 
0.255754    3.38741e-169    2.50908e-11    3.38741e-169    2.50904e-11    0.00539722    0.00539722 
0.255101    1.25168e-169    2.50881e-11    1.25168e-169    2.50877e-11    0.00540053    0.00540053 
0.254452    4.62346e-170    2.50854e-11    4.62346e-170    2.5085e-11    0.00540199    0.00540199 
0.253806    1.70776e-170    2.50828e-11    1.70776e-170    2.50824e-11    0.00540333    0.00540333 
0.253164    6.30773e-171    2.50801e-11    6.30773e-171    2.50797e-11    0.00540457    0.00540457 
0.252524    2.33019e-171    2.50775e-11    2.33019e-171    2.50771e-11    0.00540676    0.00540676 
0.251888    8.60616e-172    2.50749e-11    8.60616e-172    2.50745e-11    0.00540773    0.00540773 
0.251255    3.17846e-172    2.50723e-11    3.17846e-172    2.50719e-11    0.00540865    0.00540865 
0.250626    1.17386e-172    2.50697e-11    1.17386e-172    2.50693e-11    0.0054095    0.0054095 
0.249999    4.33521e-173    2.50671e-11    4.33521e-173    2.50667e-11    0.00541033    0.00541033 
0.249376    1.60125e-173    2.50646e-11    1.60125e-173    2.50642e-11    0.00541191    0.00541191 
0.248755    5.91347e-174    2.5062e-11    5.91347e-174    2.50616e-11    0.00541271    0.00541271 
0.248138    2.18385e-174    2.50595e-11    2.18385e-174    2.50591e-11    0.00541352    0.00541352 
0.247524    8.06495e-175    2.5057e-11    8.06495e-175    2.50566e-11    0.00541438    0.00541438 
0.246913    2.97839e-175    2.50545e-11    2.97839e-175    2.50541e-11    0.00541529    0.00541529 
0.246304    1.10014e-175    2.5052e-11    1.10014e-175    2.50516e-11    0.00541734    0.00541734 
0.245699    4.06296e-176    2.50495e-11    4.06296e-176    2.50491e-11    0.00541852    0.00541852 
0.245097    1.50052e-176    2.50471e-11    1.50052e-176    2.50466e-11    0.00541983    0.00541983 
0.244498    5.54177e-177    2.50446e-11    5.54177e-177    2.50442e-11    0.00542127    0.00542127 
0.243901    2.04675e-177    2.50422e-11    2.04675e-177    2.50418e-11    0.00542288    0.00542288 
0.243308    7.55946e-178    2.50398e-11    7.55946e-178    2.50393e-11    0.00542467    0.00542467 
0.242717    2.79322e-178    2.50373e-11    2.79322e-178    2.50369e-11    0.00542885    0.00542885 
0.24213    1.03175e-178    2.50349e-11    1.03175e-178    2.50345e-11    0.00543129    0.00543129 
0.241545    3.81121e-179    2.50326e-11    3.81121e-179    2.50321e-11    0.00543397    0.00543397 
0.240963    1.40788e-179    2.50302e-11    1.40788e-179    2.50297e-11    0.00543693    0.00543693 
0.240384    5.20104e-180    2.50278e-11    5.20104e-180    2.50274e-11    0.00544017    0.00544017 
0.239807    1.92147e-180    2.50255e-11    1.92147e-180    2.5025e-11    0.00544372    0.00544372 
0.239233    7.10453e-181    2.50231e-11    7.10453e-181    2.50227e-11    0.00545181    0.00545181 
0.238663    2.62514e-181    2.50208e-11    2.62514e-181    2.50204e-11    0.00545637    0.00545637 
0.238094    9.7005e-182    2.50185e-11    9.7005e-182    2.50181e-11    0.00546131    0.00546131 
0.237529    3.58479e-182    2.50162e-11    3.58479e-182    2.50158e-11    0.00546664    0.00546664 
0.236966    1.32483e-182    2.50139e-11    1.32483e-182    2.50135e-11    0.00547237    0.00547237 
0.236406    4.89651e-183    2.50116e-11    4.89651e-183    2.50112e-11    0.00547852    0.00547852 
0.235848    1.81217e-183    2.50094e-11    1.81217e-183    2.50089e-11    0.00549212    0.00549212 
0.235293    6.69918e-184    2.50071e-11    6.69918e-184    2.50067e-11    0.00549961    0.00549961 
0.234741    2.47672e-184    2.50049e-11    2.47672e-184    2.50045e-11    0.00550756    0.00550756 
0.234191    9.15728e-185    2.50027e-11    9.15728e-185    2.50022e-11    0.005516    0.005516 
0.233644    3.38602e-185    2.50005e-11    3.38602e-185    2.5e-11    0.00552494    0.00552494 
0.233099    1.25213e-185    2.49983e-11    1.25213e-185    2.49978e-11    0.00553438    0.00553438 
0.232557    4.63065e-186    2.49961e-11    4.63065e-186    2.49956e-11    0.00554433    0.00554433 
0.232018    1.71267e-186    2.49939e-11    1.71267e-186    2.49935e-11    0.00555481    0.00555481 
0.231481    6.34804e-187    2.49917e-11    6.34804e-187    2.49913e-11    0.00557738    0.00557738 
0.230946    2.34846e-187    2.49896e-11    2.34846e-187    2.49892e-11    0.00558947    0.00558947 
0.230414    8.6889e-188    2.49875e-11    8.6889e-188    2.4987e-11    0.00560212    0.00560212 
0.229884    3.21502e-188    2.49853e-11    3.21502e-188    2.49849e-11    0.00561533    0.00561533 
0.229357    1.18971e-188    2.49832e-11    1.18971e-188    2.49828e-11    0.0056291    0.0056291 
0.228832    4.40285e-189    2.49811e-11    4.40285e-189    2.49807e-11    0.00564344    0.00564344 
0.22831    1.62954e-189    2.49791e-11    1.62954e-189    2.49786e-11    0.00565834    0.00565834 
0.227789    6.03162e-190    2.4977e-11    6.03162e-190    2.49766e-11    0.00567381    0.00567381 
0.227272    2.23275e-190    2.49749e-11    2.23275e-190    2.49745e-11    0.00568985    0.00568985 
0.226756    8.26573e-191    2.49729e-11    8.26573e-191    2.49725e-11    0.00570646    0.00570646 
0.226243    3.06975e-191    2.49709e-11    3.06975e-191    2.49704e-11    0.00574139    0.00574139 
0.225733    1.13672e-191    2.49688e-11    1.13672e-191    2.49684e-11    0.00575969    0.00575969 
0.225224    4.2096e-192    2.49668e-11    4.2096e-192    2.49664e-11    0.00577856    0.00577856 
0.224718    1.55905e-192    2.49648e-11    1.55905e-192    2.49644e-11    0.00579797    0.00579797 
0.224214    5.77448e-193    2.49629e-11    5.77448e-193    2.49624e-11    0.00581794    0.00581794 
0.223713    2.13893e-193    2.49609e-11    2.13893e-193    2.49605e-11    0.00583844    0.00583844 
0.223213    7.9234e-194    2.49589e-11    7.9234e-194    2.49585e-11    0.00585948    0.00585948 
0.222716    2.93532e-194    2.4957e-11    2.93532e-194    2.49566e-11    0.00588103    0.00588103 
0.222221    1.0875e-194    2.49551e-11    1.0875e-194    2.49546e-11    0.0059031    0.0059031 
0.221729    4.0293e-195    2.49532e-11    4.0293e-195    2.49527e-11    0.00592567    0.00592567 
0.221238    1.49299e-195    2.49513e-11    1.49299e-195    2.49508e-11    0.00594872    0.00594872 
0.22075    5.53232e-196    2.49494e-11    5.53232e-196    2.49489e-11    0.00597225    0.00597225 
0.220263    2.05849e-196    2.49475e-11    2.05849e-196    2.49471e-11    0.00602068    0.00602068 
0.219779    7.62901e-197    2.49456e-11    7.62901e-197    2.49452e-11    0.00604554    0.00604554 
0.219297    2.82753e-197    2.49438e-11    2.82753e-197    2.49434e-11    0.00607082    0.00607082 
0.218817    1.04801e-197    2.49419e-11    1.04801e-197    2.49415e-11    0.00609649    0.00609649 
0.21834    3.88452e-198    2.49401e-11    3.88452e-198    2.49397e-11    0.00612253    0.00612253 
0.217864    1.43987e-198    2.49383e-11    1.43987e-198    2.49379e-11    0.00614893    0.00614893 
0.21739    5.33732e-199    2.49365e-11    5.33732e-199    2.49361e-11    0.00617567    0.00617567 
0.216919    1.97849e-199    2.49347e-11    1.97849e-199    2.49343e-11    0.00620272    0.00620272 
0.216449    7.3342e-200    2.49329e-11    7.3342e-200    2.49325e-11    0.00623007    0.00623007 
0.215982    2.71881e-200    2.49312e-11    2.71881e-200    2.49307e-11    0.00625768    0.00625768 
0.215516    1.00789e-200    2.49294e-11    1.00789e-200    2.4929e-11    0.00628554    0.00628554 
0.215053    3.73635e-201    2.49277e-11    3.73635e-201    2.49272e-11    0.00631363    0.00631363 
0.214591    1.38512e-201    2.49259e-11    1.38512e-201    2.49255e-11    0.00634192    0.00634192 
0.214132    5.13482e-202    2.49242e-11    5.13482e-202    2.49238e-11    0.00637038    0.00637038 
0.213674    1.90354e-202    2.49225e-11    1.90354e-202    2.49221e-11    0.006399    0.006399 
0.213219    7.05662e-203    2.49208e-11    7.05662e-203    2.49204e-11    0.00642774    0.00642774 
0.212765    2.61593e-203    2.49191e-11    2.61593e-203    2.49187e-11    0.00645659    0.00645659 
0.212313    9.69728e-204    2.49174e-11    9.69728e-204    2.4917e-11    0.00648551    0.00648551 
0.211863    3.59472e-204    2.49158e-11    3.59472e-204    2.49154e-11    0.00651449    0.00651449 
0.211415    1.33251e-204    2.49141e-11    1.33251e-204    2.49137e-11    0.0065435    0.0065435 
0.210969    4.93931e-205    2.49125e-11    4.93931e-205    2.49121e-11    0.00657251    0.00657251 
0.210525    1.83083e-205    2.49109e-11    1.83083e-205    2.49105e-11    0.00660151    0.00660151 
0.210083    6.78604e-206    2.49092e-11    6.78604e-206    2.49088e-11    0.00663046    0.00663046 
0.209643    2.51518e-206    2.49076e-11    2.51518e-206    2.49072e-11    0.00665935    0.00665935 
0.209204    9.32192e-207    2.4906e-11    9.32192e-207    2.49056e-11    0.00668815    0.00668815 
0.208767    3.45481e-207    2.49044e-11    3.45481e-207    2.4904e-11    0.00671684    0.00671684 
0.208332    1.28033e-207    2.49029e-11    1.28033e-207    2.49025e-11    0.00674541    0.00674541 
0.207899    4.74463e-208    2.49013e-11    4.74463e-208    2.49009e-11    0.00677383    0.00677383 
0.207468    1.75817e-208    2.48997e-11    1.75817e-208    2.48993e-11    0.00680208    0.00680208 
0.207038    6.51474e-209    2.48982e-11    6.51474e-209    2.48978e-11    0.00683015    0.00683015 
0.206611    2.41385e-209    2.48967e-11    2.41385e-209    2.48963e-11    0.00685802    0.00685802 
0.206185    8.94336e-210    2.48951e-11    8.94336e-210    2.48947e-11    0.00688568    0.00688568 
0.20576    3.31335e-210    2.48936e-11    3.31335e-210    2.48932e-11    0.00691311    0.00691311 
0.205338    1.22746e-210    2.48921e-11    1.22746e-210    2.48917e-11    0.0069403    0.0069403 
0.204917    4.547e-211    2.48906e-11    4.547e-211    2.48902e-11    0.00696724    0.00696724 
0.204498    1.68429e-211    2.48891e-11    1.68429e-211    2.48887e-11    0.00699393    0.00699393 
0.204081    6.23854e-212    2.48876e-11    6.23854e-212    2.48872e-11    0.00702035    0.00702035 
0.203665    2.31059e-212    2.48861e-11    2.31059e-212    2.48858e-11    0.0070465    0.0070465 
0.203251    8.55733e-213    2.48847e-11    8.55733e-213    2.48843e-11    0.00707237    0.00707237 
0.202839    3.16904e-213    2.48832e-11    3.16904e-213    2.48828e-11    0.00709797    0.00709797 
0.202428    1.17353e-213    2.48818e-11    1.17353e-213    2.48814e-11    0.0071233    0.0071233 
0.202019    4.34543e-214    2.48803e-11    4.34543e-214    2.488e-11    0.00714835    0.00714835 
0.201612    1.60897e-214    2.48789e-11    1.60897e-214    2.48785e-11    0.00717313    0.00717313 
0.201206    5.95716e-215    2.48775e-11    5.95716e-215    2.48771e-11    0.00719764    0.00719764 
0.200802    2.2055e-215    2.48761e-11    2.2055e-215    2.48757e-11    0.00722189    0.00722189 
0.2004    8.16495e-216    2.48747e-11    8.16495e-216    2.48743e-11    0.0072459    0.0072459 
0.199999    3.01128e-216    2.48733e-11    3.01128e-216    2.48729e-11    0.00726966    0.00726966 
0.1996    1.1147e-216    2.48719e-11    1.1147e-216    2.48715e-11    0.0072932    0.0072932 
0.199202    4.12614e-217    2.48705e-11    4.12614e-217    2.48701e-11    0.00731652    0.00731652 
0.198806    1.52726e-217    2.48691e-11    1.52726e-217    2.48687e-11    0.00733965    0.00733965 
0.198412    5.65279e-218    2.48678e-11    5.65279e-218    2.48674e-11    0.00736259    0.00736259 
0.198019    2.09217e-218    2.48664e-11    2.09217e-218    2.4866e-11    0.00738536    0.00738536 
0.197627    7.7431e-219    2.48651e-11    7.7431e-219    2.48647e-11    0.00740799    0.00740799 
0.197238    2.86563e-219    2.48637e-11    2.86563e-219    2.48633e-11    0.0074305    0.0074305 
0.196849    1.0605e-219    2.48624e-11    1.0605e-219    2.4862e-11    0.0074529    0.0074529 
0.196463    3.92458e-220    2.4861e-11    3.92458e-220    2.48607e-11    0.00747522    0.00747522 
0.196077    1.45233e-220    2.48597e-11    1.45233e-220    2.48593e-11    0.00749748    0.00749748 
0.195694    5.37437e-221    2.48584e-11    5.37437e-221    2.4858e-11    0.00751972    0.00751972 
0.195312    1.98877e-221    2.48571e-11    1.98877e-221    2.48567e-11    0.00754194    0.00754194 
0.194931    7.33764e-222    2.48558e-11    7.33764e-222    2.48554e-11    0.00754194    0.00754194 
0.194552    2.71522e-222    2.48545e-11    2.71522e-222    2.48541e-11    0.00756419    0.00756419 
0.194174    1.00473e-222    2.48532e-11    1.00473e-222    2.48528e-11    0.00758647    0.00758647 
0.193797    3.71786e-223    2.48519e-11    3.71786e-223    2.48516e-11    0.00760884    0.00760884 
0.193423    1.37574e-223    2.48507e-11    1.37574e-223    2.48503e-11    0.0076313    0.0076313 
0.193049    5.09073e-224    2.48494e-11    5.09073e-224    2.4849e-11    0.00765389    0.00765389 
0.192677    1.88376e-224    2.48481e-11    1.88376e-224    2.48478e-11    0.00767664    0.00767664 
0.192307    6.97071e-225    2.48469e-11    6.97071e-225    2.48465e-11    0.00769957    0.00769957 
0.191938    2.57949e-225    2.48456e-11    2.57949e-225    2.48453e-11    0.00772272    0.00772272 
0.19157    9.54546e-226    2.48444e-11    9.54546e-226    2.4844e-11    0.0077461    0.0077461 
0.191204    3.53239e-226    2.48432e-11    3.53239e-226    2.48428e-11    0.00776976    0.00776976 
0.190839    1.30723e-226    2.48419e-11    1.30723e-226    2.48416e-11    0.0077937    0.0077937 
0.190475    4.83776e-227    2.48407e-11    4.83776e-227    2.48403e-11    0.00781797    0.00781797 
0.190113    1.7904e-227    2.48395e-11    1.7904e-227    2.48391e-11    0.00784258    0.00784258 
0.189752    6.60524e-228    2.48383e-11    6.60524e-228    2.48379e-11    0.00784258    0.00784258 
0.189393    2.44459e-228    2.48371e-11    2.44459e-228    2.48367e-11    0.00786757    0.00786757 
0.189035    9.04772e-229    2.48359e-11    9.04772e-229    2.48355e-11    0.00789296    0.00789296 
0.188678    3.34879e-229    2.48347e-11    3.34879e-229    2.48343e-11    0.00791877    0.00791877 
0.188323    1.23952e-229    2.48335e-11    1.23952e-229    2.48332e-11    0.00794502    0.00794502 
0.187969    4.58817e-230    2.48324e-11    4.58817e-230    2.4832e-11    0.00797174    0.00797174 
0.187616    1.69842e-230    2.48312e-11    1.69842e-230    2.48308e-11    0.00799894    0.00799894 
0.187265    6.28736e-231    2.483e-11    6.28736e-231    2.48297e-11    0.00802666    0.00802666 
0.186915    2.32763e-231    2.48289e-11    2.32763e-231    2.48285e-11    0.0080549    0.0080549 
0.186566    8.61749e-232    2.48277e-11    8.61749e-232    2.48274e-11    0.00808369    0.00808369 
0.186219    3.19058e-232    2.48266e-11    3.19058e-232    2.48262e-11    0.00811303    0.00811303 
0.185873    1.17702e-232    2.48254e-11    1.17702e-232    2.48251e-11    0.00811303    0.00811303 
0.185528    4.35806e-233    2.48243e-11    4.35806e-233    2.48239e-11    0.00814296    0.00814296 
0.185184    1.61371e-233    2.48232e-11    1.61371e-233    2.48228e-11    0.00817346    0.00817346 
0.184842    5.97561e-234    2.48221e-11    5.97561e-234    2.48217e-11    0.00820457    0.00820457 
0.184501    2.2129e-234    2.4821e-11    2.2129e-234    2.48206e-11    0.00823629    0.00823629 
0.184161    8.19532e-235    2.48198e-11    8.19532e-235    2.48195e-11    0.00826863    0.00826863 
0.183823    3.03524e-235    2.48187e-11    3.03524e-235    2.48184e-11    0.00830159    0.00830159 
0.183485    1.1242e-235    2.48176e-11    1.1242e-235    2.48173e-11    0.00833518    0.00833518 
0.183149    4.16409e-236    2.48166e-11    4.16409e-236    2.48162e-11    0.00836941    0.00836941 
0.182814    1.53608e-236    2.48155e-11    1.53608e-236    2.48151e-11    0.00836941    0.00836941 
0.182481    5.68996e-237    2.48144e-11    5.68996e-237    2.4814e-11    0.00840426    0.00840426 
0.182148    2.10779e-237    2.48133e-11    2.10779e-237    2.4813e-11    0.00843975    0.00843975 
0.181817    7.80853e-238    2.48123e-11    7.80853e-238    2.48119e-11    0.00847587    0.00847587 
0.181487    2.8929e-238    2.48112e-11    2.8929e-238    2.48108e-11    0.00851262    0.00851262 
0.181158    1.07181e-238    2.48102e-11    1.07181e-238    2.48098e-11    0.00854999    0.00854999 
0.180831    3.97121e-239    2.48091e-11    3.97121e-239    2.48088e-11    0.00858797    0.00858797 
0.180504    1.47146e-239    2.48081e-11    1.47146e-239    2.48077e-11    0.00862655    0.00862655 
0.180179    5.42779e-240    2.4807e-11    5.42779e-240    2.48067e-11    0.00862655    0.00862655 
0.179855    2.01124e-240    2.4806e-11    2.01124e-240    2.48056e-11    0.00866571    0.00866571 
0.179532    7.45286e-241    2.4805e-11    7.45286e-241    2.48046e-11    0.00870545    0.00870545 
0.17921    2.76184e-241    2.4804e-11    2.76184e-241    2.48036e-11    0.00874575    0.00874575 
0.17889    1.0235e-241    2.4803e-11    1.0235e-241    2.48026e-11    0.00878659    0.00878659 
0.17857    3.7931e-242    2.48019e-11    3.7931e-242    2.48016e-11    0.00882794    0.00882794 
0.178252    1.40576e-242    2.48009e-11    1.40576e-242    2.48006e-11    0.00886978    0.00886978 
0.177935    5.18528e-243    2.47999e-11    5.18528e-243    2.47996e-11    0.00886978    0.00886978 
0.177619    1.92176e-243    2.4799e-11    1.92176e-243    2.47986e-11    0.0089121    0.0089121 
0.177304    7.12254e-244    2.4798e-11    7.12254e-244    2.47976e-11    0.00895486    0.00895486 
0.17699    2.63985e-244    2.4797e-11    2.63985e-244    2.47967e-11    0.00899803    0.00899803 
0.176677    9.78428e-245    2.4796e-11    9.78428e-245    2.47957e-11    0.00904159    0.00904159 
0.176366    3.62647e-245    2.47951e-11    3.62647e-245    2.47947e-11    0.0090855    0.0090855 
0.176055    1.34413e-245    2.47941e-11    1.34413e-245    2.47938e-11    0.00912972    0.00912972 
0.175746    4.9578e-246    2.47931e-11    4.9578e-246    2.47928e-11    0.00912972    0.00912972 
0.175438    1.83758e-246    2.47922e-11    1.83758e-246    2.47918e-11    0.00917423    0.00917423 
0.17513    6.81087e-247    2.47912e-11    6.81087e-247    2.47909e-11    0.00921898    0.00921898 
0.174824    2.52439e-247    2.47903e-11    2.52439e-247    2.479e-11    0.00926394    0.00926394 
0.174519    9.35635e-248    2.47894e-11    9.35635e-248    2.4789e-11    0.00930907    0.00930907 
0.174215    3.46776e-248    2.47884e-11    3.46776e-248    2.47881e-11    0.00935433    0.00935433 
0.173912    1.28524e-248    2.47875e-11    1.28524e-248    2.47872e-11    0.00939966    0.00939966 
0.17361    4.74043e-249    2.47866e-11    4.74043e-249    2.47863e-11    0.00939966    0.00939966 
0.173309    1.75687e-249    2.47857e-11    1.75687e-249    2.47853e-11    0.00944504    0.00944504 
0.173009    6.51104e-250    2.47848e-11    6.51104e-250    2.47844e-11    0.00949041    0.00949041 
0.172711    2.41294e-250    2.47839e-11    2.41294e-250    2.47835e-11    0.00953574    0.00953574 
0.172413    8.94185e-251    2.4783e-11    8.94185e-251    2.47826e-11    0.00958097    0.00958097 
0.172116    3.31352e-251    2.47821e-11    3.31352e-251    2.47817e-11    0.00962606    0.00962606 
0.17182    1.22211e-251    2.47812e-11    1.22211e-251    2.47809e-11    0.00962606    0.00962606 
0.171526    4.52848e-252    2.47803e-11    4.52848e-252    2.478e-11    0.00967096    0.00967096 
0.171232    1.67792e-252    2.47794e-11    1.67792e-252    2.47791e-11    0.00971564    0.00971564 
0.170939    6.21681e-253    2.47785e-11    6.21681e-253    2.47782e-11    0.00976004    0.00976004 
0.170647    2.30324e-253    2.47777e-11    2.30324e-253    2.47773e-11    0.00980412    0.00980412 
0.170357    8.49474e-254    2.47768e-11    8.49474e-254    2.47765e-11    0.00980412    0.00980412 
0.170067    3.14697e-254    2.4776e-11    3.14697e-254    2.47756e-11    0.00984783    0.00984783 
0.169778    1.16575e-254    2.47751e-11    1.16575e-254    2.47748e-11    0.00989114    0.00989114 
0.169491    4.31808e-255    2.47742e-11    4.31808e-255    2.47739e-11    0.009934    0.009934 
0.169204    1.59935e-255    2.47734e-11    1.59935e-255    2.47731e-11    0.00997637    0.00997637 
0.168918    5.92329e-256    2.47726e-11    5.92329e-256    2.47722e-11    0.0100182    0.0100182 
0.168633    2.18456e-256    2.47717e-11    2.18456e-256    2.47714e-11    0.0100182    0.0100182 
0.168349    8.08999e-257    2.47709e-11    8.08999e-257    2.47706e-11    0.0100595    0.0100595 
0.168066    2.99569e-257    2.477e-11    2.99569e-257    2.47697e-11    0.0101001    0.0101001 
0.167784    1.1092e-257    2.47692e-11    1.1092e-257    2.47689e-11    0.0101402    0.0101402 
0.167503    4.10663e-258    2.47684e-11    4.10663e-258    2.47681e-11    0.0101795    0.0101795 
0.167223    1.51453e-258    2.47676e-11    1.51453e-258    2.47673e-11    0.0101795    0.0101795 
0.166944    5.60677e-259    2.47668e-11    5.60677e-259    2.47664e-11    0.0102182    0.0102182 
0.166666    2.07544e-259    2.4766e-11    2.07544e-259    2.47656e-11    0.0102561    0.0102561 
0.166388    7.68189e-260    2.47652e-11    7.68189e-260    2.47648e-11    0.0102933    0.0102933 
0.166112    2.84306e-260    2.47643e-11    2.84306e-260    2.4764e-11    0.0103297    0.0103297 
0.165837    1.0485e-260    2.47636e-11    1.0485e-260    2.47632e-11    0.0103297    0.0103297 
0.165562    3.88012e-261    2.47628e-11    3.88012e-261    2.47624e-11    0.0103654    0.0103654 
0.165288    1.43575e-261    2.4762e-11    1.43575e-261    2.47616e-11    0.0104002    0.0104002 
0.165016    5.31221e-262    2.47612e-11    5.31221e-262    2.47609e-11    0.0104342    0.0104342 
0.164744    1.96531e-262    2.47604e-11    1.96531e-262    2.47601e-11    0.0104674    0.0104674 
0.164473    7.24776e-263    2.47596e-11    7.24776e-263    2.47593e-11    0.0104674    0.0104674 
0.164203    2.68112e-263    2.47588e-11    2.68112e-263    2.47585e-11    0.0104998    0.0104998 
0.163933    9.91717e-264    2.47581e-11    9.91717e-264    2.47577e-11    0.0105313    0.0105313 
0.163665    3.66792e-264    2.47573e-11    3.66792e-264    2.4757e-11    0.010562    0.010562 
0.163398    1.35648e-264    2.47565e-11    1.35648e-264    2.47562e-11    0.0105919    0.0105919 
0.163131    5.0024e-265    2.47558e-11    5.0024e-265    2.47555e-11    0.0105919    0.0105919 
0.162865    1.84983e-265    2.4755e-11    1.84983e-265    2.47547e-11    0.0106209    0.0106209 
0.162601    6.83985e-266    2.47543e-11    6.83985e-266    2.47539e-11    0.0106492    0.0106492 
0.162337    2.52886e-266    2.47535e-11    2.52886e-266    2.47532e-11    0.0106766    0.0106766 
0.162074    9.34903e-267    2.47528e-11    9.34903e-267    2.47524e-11    0.0107033    0.0107033 
0.161811    3.44765e-267    2.4752e-11    3.44765e-267    2.47517e-11    0.0107033    0.0107033 
0.16155    1.27447e-267    2.47513e-11    1.27447e-267    2.47509e-11    0.0107293    0.0107293 
0.161289    4.71087e-268    2.47505e-11    4.71087e-268    2.47502e-11    0.0107545    0.0107545 
0.16103    1.74117e-268    2.47498e-11    1.74117e-268    2.47495e-11    0.010779    0.010779 
0.160771    6.42081e-269    2.47491e-11    6.42081e-269    2.47487e-11    0.010779    0.010779 
0.160513    2.373e-269    2.47483e-11    2.373e-269    2.4748e-11    0.0108029    0.0108029 
0.160255    8.76951e-270    2.47476e-11    8.76951e-270    2.47473e-11    0.0108261    0.0108261 
0.159999    3.2406e-270    2.47469e-11    3.2406e-270    2.47466e-11    0.0108487    0.0108487 
0.159743    1.19743e-270    2.47462e-11    1.19743e-270    2.47458e-11    0.0108707    0.0108707 
0.159489    4.41561e-271    2.47454e-11    4.41561e-271    2.47451e-11    0.0108707    0.0108707 
0.159235    1.6315e-271    2.47447e-11    1.6315e-271    2.47444e-11    0.0108922    0.0108922 
0.158982    6.02786e-272    2.4744e-11    6.02786e-272    2.47437e-11    0.0109132    0.0109132 
0.158729    2.22698e-272    2.47433e-11    2.22698e-272    2.4743e-11    0.0109338    0.0109338 
0.158478    8.21204e-273    2.47426e-11    8.21204e-273    2.47423e-11    0.0109338    0.0109338 
0.158227    3.03378e-273    2.47419e-11    3.03378e-273    2.47416e-11    0.010954    0.010954 
0.157977    1.12073e-273    2.47412e-11    1.12073e-273    2.47409e-11    0.0109738    0.0109738 
0.157728    4.14001e-274    2.47405e-11    4.14001e-274    2.47402e-11    0.0109933    0.0109933 
0.157479    1.52661e-274    2.47398e-11    1.52661e-274    2.47395e-11    0.0109933    0.0109933 
0.157232    5.63918e-275    2.47391e-11    5.63918e-275    2.47388e-11    0.0110125    0.0110125 
0.156985    2.08301e-275    2.47384e-11    2.08301e-275    2.47381e-11    0.0110316    0.0110316 
0.156739    7.69407e-276    2.47377e-11    7.69407e-276    2.47374e-11    0.0110505    0.0110505 
0.156494    2.83712e-276    2.4737e-11    2.83712e-276    2.47367e-11    0.0110505    0.0110505 
0.156249    1.04793e-276    2.47363e-11    1.04793e-276    2.4736e-11    0.0110692    0.0110692 
0.156005    3.87066e-277    2.47357e-11    3.87066e-277    2.47353e-11    0.0110879    0.0110879 
0.155762    1.42966e-277    2.4735e-11    1.42966e-277    2.47347e-11    0.0111066    0.0111066 
0.15552    5.27166e-278    2.47343e-11    5.27166e-278    2.4734e-11    0.0111066    0.0111066 
0.155279    1.94712e-278    2.47336e-11    1.94712e-278    2.47333e-11    0.0111253    0.0111253 
0.155038    7.1918e-279    2.4733e-11    7.1918e-279    2.47327e-11    0.0111441    0.0111441 
0.154798    2.65635e-279    2.47323e-11    2.65635e-279    2.4732e-11    0.011163    0.011163 
0.154559    9.79476e-280    2.47316e-11    9.79476e-280    2.47313e-11    0.011163    0.011163 
0.15432    3.61779e-280    2.4731e-11    3.61779e-280    2.47307e-11    0.0111821    0.0111821 
0.154082    1.33629e-280    2.47303e-11    1.33629e-280    2.473e-11    0.0112015    0.0112015 
0.153845    4.93588e-281    2.47297e-11    4.93588e-281    2.47293e-11    0.0112211    0.0112211 
0.153609    1.81998e-281    2.4729e-11    1.81998e-281    2.47287e-11    0.0112211    0.0112211 
0.153373    6.72261e-282    2.47284e-11    6.72261e-282    2.4728e-11    0.011241    0.011241 
0.153138    2.48325e-282    2.47277e-11    2.48325e-282    2.47274e-11    0.0112613    0.0112613 
0.152904    9.1731e-283    2.47271e-11    9.1731e-283    2.47267e-11    0.011282    0.011282 
0.152671    3.38231e-283    2.47264e-11    3.38231e-283    2.47261e-11    0.011282    0.011282 
0.152438    1.24946e-283    2.47258e-11    1.24946e-283    2.47254e-11    0.0113031    0.0113031 
0.152206    4.61576e-284    2.47251e-11    4.61576e-284    2.47248e-11    0.0113247    0.0113247 
0.151975    1.70523e-284    2.47245e-11    1.70523e-284    2.47242e-11    0.0113469    0.0113469 
0.151744    6.28745e-285    2.47239e-11    6.28745e-285    2.47235e-11    0.0113469    0.0113469 
0.151514    2.3229e-285    2.47232e-11    2.3229e-285    2.47229e-11    0.0113696    0.0113696 
0.151285    8.58234e-286    2.47226e-11    8.58234e-286    2.47223e-11    0.0113928    0.0113928 
0.151056    3.17104e-286    2.4722e-11    3.17104e-286    2.47216e-11    0.0114167    0.0114167 
0.150829    1.16919e-286    2.47213e-11    1.16919e-286    2.4721e-11    0.0114167    0.0114167 
0.150601    4.32017e-287    2.47207e-11    4.32017e-287    2.47204e-11    0.0114413    0.0114413 
0.150375    1.59639e-287    2.47201e-11    1.59639e-287    2.47198e-11    0.0114665    0.0114665 
0.150149    5.88598e-288    2.47195e-11    5.88598e-288    2.47192e-11    0.0114665    0.0114665 
0.149924    2.17509e-288    2.47189e-11    2.17509e-288    2.47185e-11    0.0114924    0.0114924 
0.1497    8.03821e-289    2.47182e-11    8.03821e-289    2.47179e-11    0.011519    0.011519 
0.149476    2.97075e-289    2.47176e-11    2.97075e-289    2.47173e-11    0.0115464    0.0115464 
0.149253    1.09532e-289    2.4717e-11    1.09532e-289    2.47167e-11    0.0115464    0.0115464 
0.14903    4.04826e-290    2.47164e-11    4.04826e-290    2.47161e-11    0.0115745    0.0115745 
0.148809    1.49632e-290    2.47158e-11    1.49632e-290    2.47155e-11    0.0116034    0.0116034 
0.148587    5.51687e-291    2.47152e-11    5.51687e-291    2.47149e-11    0.0116034    0.0116034 
0.148367    2.03924e-291    2.47146e-11    2.03924e-291    2.47143e-11    0.011633    0.011633 
0.148147    7.53827e-292    2.4714e-11    7.53827e-292    2.47137e-11    0.0116635    0.0116635 
0.147928    2.78676e-292    2.47134e-11    2.78676e-292    2.47131e-11    0.0116947    0.0116947 
0.14771    1.02746e-292    2.47128e-11    1.02746e-292    2.47125e-11    0.0116947    0.0116947 
0.147492    3.79852e-293    2.47122e-11    3.79852e-293    2.47119e-11    0.0117268    0.0117268 
0.147274    1.4044e-293    2.47116e-11    1.4044e-293    2.47113e-11    0.0117596    0.0117596 
0.147058    5.17786e-294    2.47111e-11    5.17786e-294    2.47107e-11    0.0117596    0.0117596 
0.146842    1.91447e-294    2.47105e-11    1.91447e-294    2.47102e-11    0.0117932    0.0117932 
0.146627    7.07898e-295    2.47099e-11    7.07898e-295    2.47096e-11    0.0118276    0.0118276 
0.146412    2.61768e-295    2.47093e-11    2.61768e-295    2.4709e-11    0.0118628    0.0118628 
0.146198    9.65098e-296    2.47087e-11    9.65098e-296    2.47084e-11    0.0118628    0.0118628 
0.145984    3.56894e-296    2.47082e-11    3.56894e-296    2.47078e-11    0.0118988    0.0118988 
0.145772    1.31986e-296    2.47076e-11    1.31986e-296    2.47073e-11    0.0119355    0.0119355 
0.145559    4.86608e-297    2.4707e-11    4.86608e-297    2.47067e-11    0.0119355    0.0119355 
0.145348    1.79965e-297    2.47065e-11    1.79965e-297    2.47061e-11    0.011973    0.011973 
0.145137    6.65609e-298    2.47059e-11    6.65609e-298    2.47056e-11    0.0120112    0.0120112 
0.144927    2.46189e-298    2.47053e-11    2.46189e-298    2.4705e-11    0.0120501    0.0120501 
0.144717    9.07641e-299    2.47048e-11    9.07641e-299    2.47045e-11    0.0120501    0.0120501 
0.144508    3.35723e-299    2.47042e-11    3.35723e-299    2.47039e-11    0.0120896    0.0120896 
0.144299    1.24184e-299    2.47037e-11    1.24184e-299    2.47033e-11    0.0121299    0.0121299 
0.144091    4.57831e-300    2.47031e-11    4.57831e-300    2.47028e-11    0.0121299    0.0121299 
0.143884    1.69357e-300    2.47026e-11    1.69357e-300    2.47022e-11    0.0121706    0.0121706 
0.143677    6.26492e-301    2.4702e-11    6.26492e-301    2.47017e-11    0.012212    0.012212 
0.143471    2.30968e-301    2.47015e-11    2.30968e-301    2.47011e-11    0.012212    0.012212 
0.143266    8.54428e-302    2.47009e-11    8.54428e-302    2.47006e-11    0.012254    0.012254 
0.143061    3.1609e-302    2.47004e-11    3.1609e-302    2.47001e-11    0.0122964    0.0122964 
0.142856    1.16532e-302    2.46998e-11    1.16532e-302    2.46995e-11    0.0122964    0.0122964 
0.142652    4.3111e-303    2.46993e-11    4.3111e-303    2.4699e-11    0.0123393    0.0123393 
0.142449    1.59492e-303    2.46988e-11    1.59492e-303    2.46984e-11    0.0123827    0.0123827 
0.142247    5.90064e-304    2.46982e-11    5.90064e-304    2.46979e-11    0.0124264    0.0124264 
0.142045    2.17534e-304    2.46977e-11    2.17534e-304    2.46974e-11    0.0124264    0.0124264 
0.141843    8.048e-305    2.46972e-11    8.048e-305    2.46969e-11    0.0124704    0.0124704 
0.141642    2.97751e-305    2.46966e-11    2.97751e-305    2.46963e-11    0.0125147    0.0125147 
0.141442    1.09768e-305    2.46961e-11    1.09768e-305    2.46958e-11    0.0125147    0.0125147 
0.141242    4.06109e-306    2.46956e-11    4.06109e-306    2.46953e-11    0.0125593    0.0125593 
0.141043    1.50247e-306    2.46951e-11    1.50247e-306    2.46948e-11    0.012604    0.012604 
0.140844    5.53893e-307    2.46945e-11    5.53893e-307    2.46942e-11    0.012604    0.012604 
0.140646    2.04921e-307    2.4694e-11    2.04921e-307    2.46937e-11    0.0126488    0.0126488 
0.140449    7.58126e-308    2.46935e-11    7.58126e-308    2.46932e-11    0.0126937    0.0126937 
0.140252    2.79484e-308    2.4693e-11    2.79484e-308    2.46927e-11    0.0126937    0.0126937 
0.140055    1.03396e-308    2.46925e-11    1.03396e-308    2.46922e-11    0.0127386    0.0127386 
0.139859    3.82512e-309    2.4692e-11    3.82512e-309    2.46917e-11    0.0127835    0.0127835 
0.139664    1.41012e-309    2.46915e-11    1.41012e-309    2.46912e-11    0.0127835    0.0127835 
0.139469    5.21656e-310    2.4691e-11    5.21656e-310    2.46907e-11    0.0128282    0.0128282 
0.139275    1.92975e-310    2.46905e-11    1.92975e-310    2.46902e-11    0.0128728    0.0128728 
0.139081    7.1139e-311    2.469e-11    7.1139e-311    2.46897e-11    0.0128728    0.0128728 
0.138888    2.63153e-311    2.46895e-11    2.63153e-311    2.46892e-11    0.0129172    0.0129172 
0.138695    9.73398e-312    2.4689e-11    9.73398e-312    2.46887e-11    0.0129612    0.0129612 
0.138503    3.58835e-312    2.46885e-11    3.58835e-312    2.46882e-11    0.0129612    0.0129612 
0.138312    1.32727e-312    2.4688e-11    1.32727e-312    2.46877e-11    0.0130049    0.0130049 
0.138121    4.90913e-313    2.46875e-11    4.90913e-313    2.46872e-11    0.0130482    0.0130482 
0.13793    1.80969e-313    2.4687e-11    1.80969e-313    2.46867e-11    0.0130482    0.0130482 
0.13774    6.69309e-314    2.46865e-11    6.69309e-314    2.46862e-11    0.013091    0.013091 
0.137551    2.47528e-314    2.4686e-11    2.47528e-314    2.46857e-11    0.0131333    0.0131333 
0.137362    9.12474e-315    2.46856e-11    9.12474e-315    2.46853e-11    0.0131333    0.0131333 
0.137173    3.37439e-315    2.46851e-11    3.37439e-315    2.46848e-11    0.013175    0.013175 
0.136985    1.24778e-315    2.46846e-11    1.24778e-315    2.46843e-11    0.0132161    0.0132161 
0.136798    4.59973e-316    2.46841e-11    4.59973e-316    2.46838e-11    0.0132161    0.0132161 
0.136611    1.70079e-316    2.46837e-11    1.70079e-316    2.46834e-11    0.0132564    0.0132564 
0.136425    6.28832e-317    2.46832e-11    6.28832e-317    2.46829e-11    0.013296    0.013296 
0.136239    2.31805e-317    2.46827e-11    2.31805e-317    2.46824e-11    0.013296    0.013296 
0.136054    8.57008e-318    2.46822e-11    8.57008e-318    2.46819e-11    0.0133348    0.0133348 
0.135869    3.16778e-318    2.46818e-11    3.16778e-318    2.46815e-11    0.0133728    0.0133728 
0.135684    1.16811e-318    2.46813e-11    1.16811e-318    2.4681e-11    0.0133728    0.0133728 
0.1355    4.31408e-319    2.46808e-11    4.31408e-319    2.46805e-11    0.0134098    0.0134098 
0.135317    1.59326e-319    2.46804e-11    1.59326e-319    2.46801e-11    0.0134459    0.0134459 
0.135134    5.85616e-320    2.46799e-11    5.85616e-320    2.46796e-11    0.0134459    0.0134459 
0.134952    2.17142e-320    2.46795e-11    2.17142e-320    2.46792e-11    0.013481    0.013481 
0.13477    7.73707e-321    2.4679e-11    7.73707e-321    2.46787e-11    0.0135152    0.0135152 
0.134589    2.82111e-321    2.46785e-11    2.82111e-321    2.46782e-11    0.0135152    0.0135152 
0.134408    1.41797e-321    2.46781e-11    1.41797e-321    2.46778e-11    0.0135483    0.0135483 
0.134227    7.11455e-322    2.46776e-11    7.11455e-322    2.46773e-11    0.0135801    0.0135801 
0.134047    0    2.46772e-11    0    2.46769e-11    0.0135801    0.0135801 
0.133868    0    2.46767e-11    0    2.46764e-11    0.0136111    0.0136111 
0.133689    0    2.46763e-11    0    2.4676e-11    0.0136111    0.0136111 
0.13351    0    2.46758e-11    0    2.46755e-11    0.0136408    0.0136408 
0.133332    0    2.46754e-11    0    2.46751e-11    0.0136694    0.0136694 
0.133155    0    2.46749e-11    0    2.46746e-11    0.0136694    0.0136694 
0.132978    0    2.46745e-11    0    2.46742e-11    0.0136969    0.0136969 
0.132801    0    2.46741e-11    0    2.46738e-11    0.0137231    0.0137231 
0.132625    0    2.46736e-11    0    2.46733e-11    0.0137231    0.0137231 
0.132449    0    2.46732e-11    0    2.46729e-11    0.0137482    0.0137482 
0.132274    0    2.46728e-11    0    2.46724e-11    0.0137721    0.0137721 
0.1321    0    2.46723e-11    0    2.4672e-11    0.0137721    0.0137721 
0.131925    0    2.46719e-11    0    2.46716e-11    0.0137948    0.0137948 
0.131751    0    2.46714e-11    0    2.46711e-11    0.0137948    0.0137948 
0.131578    0    2.4671e-11    0    2.46707e-11    0.0138164    0.0138164 
0.131405    0    2.46706e-11    0    2.46703e-11    0.0138367    0.0138367 
0.131233    0    2.46702e-11    0    2.46699e-11    0.0138367    0.0138367 
0.131061    0    2.46697e-11    0    2.46694e-11    0.0138559    0.0138559 
0.130889    0    2.46693e-11    0    2.4669e-11    0.0138741    0.0138741 
0.130718    0    2.46689e-11    0    2.46686e-11    0.0138741    0.0138741 
0.130547    0    2.46685e-11    0    2.46682e-11    0.013891    0.013891 
0.130377    0    2.4668e-11    0    2.46677e-11    0.0139069    0.0139069 
0.130207    0    2.46676e-11    0    2.46673e-11    0.0139069    0.0139069 
0.130038    0    2.46672e-11    0    2.46669e-11    0.0139217    0.0139217 
0.129869    0    2.46668e-11    0    2.46665e-11    0.0139217    0.0139217 
0.129701    0    2.46664e-11    0    2.46661e-11    0.0139355    0.0139355 
0.129533    0    2.46659e-11    0    2.46656e-11    0.0139483    0.0139483 
0.129365    0    2.46655e-11    0    2.46652e-11    0.0139483    0.0139483 
0.129198    0    2.46651e-11    0    2.46648e-11    0.0139602    0.0139602 
0.129031    0    2.46647e-11    0    2.46644e-11    0.0139711    0.0139711 
0.128865    0    2.46643e-11    0    2.4664e-11    0.0139711    0.0139711 
0.128699    0    2.46639e-11    0    2.46636e-11    0.0139812    0.0139812 
0.128534    0    2.46635e-11    0    2.46632e-11    0.0139812    0.0139812 
0.128369    0    2.46631e-11    0    2.46628e-11    0.0139905    0.0139905 
0.128204    0    2.46627e-11    0    2.46624e-11    0.013999    0.013999 
0.12804    0    2.46623e-11    0    2.4662e-11    0.013999    0.013999 
0.127876    0    2.46619e-11    0    2.46616e-11    0.0140067    0.0140067 
0.127713    0    2.46615e-11    0    2.46611e-11    0.0140139    0.0140139 
0.12755    0    2.46611e-11    0    2.46607e-11    0.0140139    0.0140139 
0.127388    0    2.46607e-11    0    2.46603e-11    0.0140203    0.0140203 
0.127226    0    2.46603e-11    0    2.46599e-11    0.0140203    0.0140203 
0.127064    0    2.46599e-11    0    2.46595e-11    0.0140263    0.0140263 
0.126903    0    2.46595e-11    0    2.46591e-11    0.0140318    0.0140318 
0.126742    0    2.46591e-11    0    2.46588e-11    0.0140318    0.0140318 
0.126581    0    2.46587e-11    0    2.46584e-11    0.0140367    0.0140367 
0.126421    0    2.46583e-11    0    2.4658e-11    0.0140367    0.0140367 
0.126262    0    2.46579e-11    0    2.46576e-11    0.0140414    0.0140414 
0.126103    0    2.46575e-11    0    2.46572e-11    0.0140457    0.0140457 
0.125944    0    2.46571e-11    0    2.46568e-11    0.0140457    0.0140457 
0.125785    0    2.46567e-11    0    2.46564e-11    0.0140497    0.0140497 
0.125627    0    2.46563e-11    0    2.4656e-11    0.0140497    0.0140497 
0.12547    0    2.46559e-11    0    2.46556e-11    0.0140535    0.0140535 
0.125312    0    2.46555e-11    0    2.46552e-11    0.0140571    0.0140571 
0.125156    0    2.46552e-11    0    2.46548e-11    0.0140571    0.0140571 
0.124999    0    2.46548e-11    0    2.46545e-11    0.0140606    0.0140606 
0.124843    0    2.46544e-11    0    2.46541e-11    0.0140606    0.0140606 
0.124687    0    2.4654e-11    0    2.46537e-11    0.0140642    0.0140642 
0.124532    0    2.46536e-11    0    2.46533e-11    0.0140676    0.0140676 
0.124377    0    2.46532e-11    0    2.46529e-11    0.0140676    0.0140676 
0.124223    0    2.46529e-11    0    2.46525e-11    0.0140713    0.0140713 
0.124069    0    2.46525e-11    0    2.46522e-11    0.0140713    0.0140713 
0.123915    0    2.46521e-11    0    2.46518e-11    0.014075    0.014075 
0.123762    0    2.46517e-11    0    2.46514e-11    0.014079    0.014079 
0.123609    0    2.46513e-11    0    2.4651e-11    0.014079    0.014079 
0.123456    0    2.4651e-11    0    2.46507e-11    0.014083    0.014083 
0.123304    0    2.46506e-11    0    2.46503e-11    0.014083    0.014083 
0.123152    0    2.46502e-11    0    2.46499e-11    0.0140874    0.0140874 
0.123    0    2.46499e-11    0    2.46495e-11    0.0140921    0.0140921 
0.122849    0    2.46495e-11    0    2.46492e-11    0.0140921    0.0140921 
0.122699    0    2.46491e-11    0    2.46488e-11    0.0140972    0.0140972 
0.122548    0    2.46487e-11    0    2.46484e-11    0.0140972    0.0140972 
0.122398    0    2.46484e-11    0    2.46481e-11    0.0141027    0.0141027 
0.122249    0    2.4648e-11    0    2.46477e-11    0.0141087    0.0141087 
0.122099    0    2.46476e-11    0    2.46473e-11    0.0141087    0.0141087 
0.12195    0    2.46473e-11    0    2.4647e-11    0.014115    0.014115 
0.121802    0    2.46469e-11    0    2.46466e-11    0.014115    0.014115 
0.121654    0    2.46465e-11    0    2.46462e-11    0.0141221    0.0141221 
0.121506    0    2.46462e-11    0    2.46459e-11    0.0141296    0.0141296 
0.121358    0    2.46458e-11    0    2.46455e-11    0.0141296    0.0141296 
0.121211    0    2.46455e-11    0    2.46451e-11    0.0141376    0.0141376 
0.121065    0    2.46451e-11    0    2.46448e-11    0.0141376    0.0141376 
0.120918    0    2.46447e-11    0    2.46444e-11    0.0141463    0.0141463 
0.120772    0    2.46444e-11    0    2.46441e-11    0.0141463    0.0141463 
0.120626    0    2.4644e-11    0    2.46437e-11    0.0141557    0.0141557 
0.120481    0    2.46437e-11    0    2.46434e-11    0.0141657    0.0141657 
0.120336    0    2.46433e-11    0    2.4643e-11    0.0141657    0.0141657 
0.120191    0    2.4643e-11    0    2.46426e-11    0.0141764    0.0141764 
0.120047    0    2.46426e-11    0    2.46423e-11    0.0141764    0.0141764 
0.119903    0    2.46423e-11    0    2.46419e-11    0.0141877    0.0141877 
0.11976    0    2.46419e-11    0    2.46416e-11    0.0142    0.0142 
0.119616    0    2.46416e-11    0    2.46412e-11    0.0142    0.0142 
0.119473    0    2.46412e-11    0    2.46409e-11    0.0142127    0.0142127 
0.119331    0    2.46409e-11    0    2.46405e-11    0.0142127    0.0142127 
0.119189    0    2.46405e-11    0    2.46402e-11    0.0142264    0.0142264 
0.119047    0    2.46402e-11    0    2.46398e-11    0.0142264    0.0142264 
0.118905    0    2.46398e-11    0    2.46395e-11    0.0142406    0.0142406 
0.118764    0    2.46395e-11    0    2.46392e-11    0.0142558    0.0142558 
0.118623    0    2.46391e-11    0    2.46388e-11    0.0142558    0.0142558 
0.118483    0    2.46388e-11    0    2.46385e-11    0.0142717    0.0142717 
0.118342    0    2.46384e-11    0    2.46381e-11    0.0142717    0.0142717 
0.118202    0    2.46381e-11    0    2.46378e-11    0.0142882    0.0142882 
0.118063    0    2.46378e-11    0    2.46374e-11    0.0142882    0.0142882 
0.117924    0    2.46374e-11    0    2.46371e-11    0.0143057    0.0143057 
0.117785    0    2.46371e-11    0    2.46368e-11    0.0143237    0.0143237 
0.117646    0    2.46367e-11    0    2.46364e-11    0.0143237    0.0143237 
0.117508    0    2.46364e-11    0    2.46361e-11    0.0143425    0.0143425 
0.11737    0    2.46361e-11    0    2.46358e-11    0.0143425    0.0143425 
0.117232    0    2.46357e-11    0    2.46354e-11    0.0143621    0.0143621 
0.117095    0    2.46354e-11    0    2.46351e-11    0.0143621    0.0143621 
0.116958    0    2.46351e-11    0    2.46348e-11    0.0143824    0.0143824 
0.116822    0    2.46347e-11    0    2.46344e-11    0.0144033    0.0144033 
0.116685    0    2.46344e-11    0    2.46341e-11    0.0144033    0.0144033 
0.116549    0    2.46341e-11    0    2.46338e-11    0.0144252    0.0144252 
0.116414    0    2.46338e-11    0    2.46334e-11    0.0144252    0.0144252 
0.116278    0    2.46334e-11    0    2.46331e-11    0.0144474    0.0144474 
0.116143    0    2.46331e-11    0    2.46328e-11    0.0144474    0.0144474 
0.116008    0    2.46328e-11    0    2.46324e-11    0.0144704    0.0144704 
0.115874    0    2.46324e-11    0    2.46321e-11    0.0144704    0.0144704 
0.11574    0    2.46321e-11    0    2.46318e-11    0.0144939    0.0144939 
0.115606    0    2.46318e-11    0    2.46315e-11    0.0145181    0.0145181 
0.115473    0    2.46315e-11    0    2.46312e-11    0.0145181    0.0145181 
0.115339    0    2.46312e-11    0    2.46308e-11    0.0145428    0.0145428 
0.115207    0    2.46308e-11    0    2.46305e-11    0.0145428    0.0145428 
0.115074    0    2.46305e-11    0    2.46302e-11    0.014568    0.014568 
0.114942    0    2.46302e-11    0    2.46299e-11    0.014568    0.014568 
0.11481    0    2.46299e-11    0    2.46296e-11    0.0145937    0.0145937 
0.114678    0    2.46296e-11    0    2.46292e-11    0.0145937    0.0145937 
0.114547    0    2.46292e-11    0    2.46289e-11    0.0146199    0.0146199 
0.114416    0    2.46289e-11    0    2.46286e-11    0.0146466    0.0146466 
0.114285    0    2.46286e-11    0    2.46283e-11    0.0146466    0.0146466 
0.114154    0    2.46283e-11    0    2.4628e-11    0.0146735    0.0146735 
0.114024    0    2.4628e-11    0    2.46277e-11    0.0146735    0.0146735 
0.113894    0    2.46277e-11    0    2.46273e-11    0.0147007    0.0147007 
0.113765    0    2.46274e-11    0    2.4627e-11    0.0147007    0.0147007 
0.113636    0    2.46271e-11    0    2.46267e-11    0.0147284    0.0147284 
0.113507    0    2.46267e-11    0    2.46264e-11    0.0147284    0.0147284 
0.113378    0    2.46264e-11    0    2.46261e-11    0.0147563    0.0147563 
0.113249    0    2.46261e-11    0    2.46258e-11    0.0147841    0.0147841 
0.113121    0    2.46258e-11    0    2.46255e-11    0.0147841    0.0147841 
0.112994    0    2.46255e-11    0    2.46252e-11    0.0148126    0.0148126 
0.112866    0    2.46252e-11    0    2.46249e-11    0.0148126    0.0148126 
0.112739    0    2.46249e-11    0    2.46246e-11    0.0148408    0.0148408 
0.112612    0    2.46246e-11    0    2.46243e-11    0.0148408    0.0148408 
0.112485    0    2.46243e-11    0    2.4624e-11    0.0148695    0.0148695 
0.112359    0    2.4624e-11    0    2.46237e-11    0.0148695    0.0148695 
0.112233    0    2.46237e-11    0    2.46234e-11    0.0148981    0.0148981 
0.112107    0    2.46234e-11    0    2.46231e-11    0.0148981    0.0148981 
0.111981    0    2.46231e-11    0    2.46228e-11    0.0149265    0.0149265 
0.111856    0    2.46228e-11    0    2.46225e-11    0.0149265    0.0149265 
0.111731    0    2.46225e-11    0    2.46222e-11    0.0149551    0.0149551 
0.111606    0    2.46222e-11    0    2.46219e-11    0.0149833    0.0149833 
0.111482    0    2.46219e-11    0    2.46216e-11    0.0149833    0.0149833 
0.111358    0    2.46216e-11    0    2.46213e-11    0.0150115    0.0150115 
0.111234    0    2.46213e-11    0    2.4621e-11    0.0150115    0.0150115 
0.11111    0    2.4621e-11    0    2.46207e-11    0.0150398    0.0150398 
0.110987    0    2.46207e-11    0    2.46204e-11    0.0150398    0.0150398 
0.110864    0    2.46204e-11    0    2.46201e-11    0.0150675    0.0150675 
0.110741    0    2.46201e-11    0    2.46198e-11    0.0150675    0.0150675 
0.110619    0    2.46199e-11    0    2.46195e-11    0.0150951    0.0150951 
0.110496    0    2.46196e-11    0    2.46192e-11    0.0150951    0.0150951 
0.110374    0    2.46193e-11    0    2.4619e-11    0.0151225    0.0151225 
0.110253    0    2.4619e-11    0    2.46187e-11    0.0151225    0.0151225 
0.110131    0    2.46187e-11    0    2.46184e-11    0.0151493    0.0151493 
0.11001    0    2.46184e-11    0    2.46181e-11    0.0151758    0.0151758 
0.109889    0    2.46181e-11    0    2.46178e-11    0.0151758    0.0151758 
0.109769    0    2.46178e-11    0    2.46175e-11    0.0152019    0.0152019 
0.109648    0    2.46176e-11    0    2.46172e-11    0.0152019    0.0152019 
0.109528    0    2.46173e-11    0    2.4617e-11    0.0152276    0.0152276 
0.109408    0    2.4617e-11    0    2.46167e-11    0.0152276    0.0152276 
0.109289    0    2.46167e-11    0    2.46164e-11    0.0152528    0.0152528 
0.10917    0    2.46164e-11    0    2.46161e-11    0.0152528    0.0152528 
0.10905    0    2.46162e-11    0    2.46158e-11    0.0152776    0.0152776 
0.108932    0    2.46159e-11    0    2.46155e-11    0.0152776    0.0152776 
0.108813    0    2.46156e-11    0    2.46153e-11    0.0153019    0.0153019 
0.108695    0    2.46153e-11    0    2.4615e-11    0.0153019    0.0153019 
0.108577    0    2.4615e-11    0    2.46147e-11    0.0153251    0.0153251 
0.108459    0    2.46148e-11    0    2.46144e-11    0.0153251    0.0153251 
0.108342    0    2.46145e-11    0    2.46142e-11    0.015348    0.015348 
0.108224    0    2.46142e-11    0    2.46139e-11    0.015348    0.015348 
0.108107    0    2.46139e-11    0    2.46136e-11    0.0153702    0.0153702 
0.107991    0    2.46137e-11    0    2.46133e-11    0.0153702    0.0153702 
0.107874    0    2.46134e-11    0    2.46131e-11    0.015392    0.015392 
0.107758    0    2.46131e-11    0    2.46128e-11    0.0154131    0.0154131 
0.107642    0    2.46128e-11    0    2.46125e-11    0.0154131    0.0154131 
0.107526    0    2.46126e-11    0    2.46122e-11    0.0154333    0.0154333 
0.107411    0    2.46123e-11    0    2.4612e-11    0.0154333    0.0154333 
0.107295    0    2.4612e-11    0    2.46117e-11    0.0154531    0.0154531 
0.10718    0    2.46118e-11    0    2.46114e-11    0.0154531    0.0154531 
0.107066    0    2.46115e-11    0    2.46112e-11    0.0154718    0.0154718 
0.106951    0    2.46112e-11    0    2.46109e-11    0.0154718    0.0154718 
0.106837    0    2.4611e-11    0    2.46106e-11    0.01549    0.01549 
0.106723    0    2.46107e-11    0    2.46104e-11    0.01549    0.01549 
0.106609    0    2.46104e-11    0    2.46101e-11    0.0155073    0.0155073 
0.106495    0    2.46102e-11    0    2.46098e-11    0.0155073    0.0155073 
0.106382    0    2.46099e-11    0    2.46096e-11    0.0155244    0.0155244 
0.106269    0    2.46096e-11    0    2.46093e-11    0.0155244    0.0155244 
0.106156    0    2.46094e-11    0    2.4609e-11    0.0155405    0.0155405 
0.106044    0    2.46091e-11    0    2.46088e-11    0.0155405    0.0155405 
0.105931    0    2.46089e-11    0    2.46085e-11    0.0155557    0.0155557 
0.105819    0    2.46086e-11    0    2.46083e-11    0.0155557    0.0155557 
0.105707    0    2.46083e-11    0    2.4608e-11    0.0155704    0.0155704 
0.105596    0    2.46081e-11    0    2.46077e-11    0.0155704    0.0155704 
0.105484    0    2.46078e-11    0    2.46075e-11    0.0155843    0.0155843 
0.105373    0    2.46076e-11    0    2.46072e-11    0.0155843    0.0155843 
0.105262    0    2.46073e-11    0    2.4607e-11    0.0155976    0.0155976 
0.105152    0    2.4607e-11    0    2.46067e-11    0.0155976    0.0155976 
0.105041    0    2.46068e-11    0    2.46064e-11    0.0156101    0.0156101 
0.104931    0    2.46065e-11    0    2.46062e-11    0.0156101    0.0156101 
0.104821    0    2.46063e-11    0    2.46059e-11    0.0156221    0.0156221 
0.104711    0    2.4606e-11    0    2.46057e-11    0.0156221    0.0156221 
0.104602    0    2.46058e-11    0    2.46054e-11    0.0156335    0.0156335 
0.104492    0    2.46055e-11    0    2.46052e-11    0.0156335    0.0156335 
0.104383    0    2.46052e-11    0    2.46049e-11    0.0156444    0.0156444 
0.104275    0    2.4605e-11    0    2.46047e-11    0.0156444    0.0156444 
0.104166    0    2.46047e-11    0    2.46044e-11    0.0156543    0.0156543 
0.104058    0    2.46045e-11    0    2.46042e-11    0.0156543    0.0156543 
0.103949    0    2.46042e-11    0    2.46039e-11    0.0156639    0.0156639 
0.103841    0    2.4604e-11    0    2.46037e-11    0.0156639    0.0156639 
0.103734    0    2.46037e-11    0    2.46034e-11    0.0156728    0.0156728 
0.103626    0    2.46035e-11    0    2.46032e-11    0.0156728    0.0156728 
0.103519    0    2.46032e-11    0    2.46029e-11    0.0156817    0.0156817 
0.103412    0    2.4603e-11    0    2.46027e-11    0.0156817    0.0156817 
0.103305    0    2.46027e-11    0    2.46024e-11    0.0156898    0.0156898 
0.103198    0    2.46025e-11    0    2.46022e-11    0.0156898    0.0156898 
0.103092    0    2.46023e-11    0    2.46019e-11    0.0156975    0.0156975 
0.102986    0    2.4602e-11    0    2.46017e-11    0.0156975    0.0156975 
0.10288    0    2.46018e-11    0    2.46014e-11    0.0157047    0.0157047 
0.102774    0    2.46015e-11    0    2.46012e-11    0.0157047    0.0157047 
0.102669    0    2.46013e-11    0    2.46009e-11    0.0157116    0.0157116 
0.102563    0    2.4601e-11    0    2.46007e-11    0.0157116    0.0157116 
0.102458    0    2.46008e-11    0    2.46004e-11    0.0157182    0.0157182 
0.102353    0    2.46005e-11    0    2.46002e-11    0.0157182    0.0157182 
0.102249    0    2.46003e-11    0    2.46e-11    0.0157246    0.0157246 
0.102144    0    2.46001e-11    0    2.45997e-11    0.0157246    0.0157246 
0.10204    0    2.45998e-11    0    2.45995e-11    0.0157305    0.0157305 
0.101936    0    2.45996e-11    0    2.45992e-11    0.0157305    0.0157305 
0.101832    0    2.45993e-11    0    2.4599e-11    0.0157362    0.0157362 
0.101729    0    2.45991e-11    0    2.45988e-11    0.0157362    0.0157362 
0.101625    0    2.45989e-11    0    2.45985e-11    0.0157422    0.0157422 
0.101522    0    2.45986e-11    0    2.45983e-11    0.0157422    0.0157422 
0.101419    0    2.45984e-11    0    2.4598e-11    0.0157478    0.0157478 
0.101316    0    2.45981e-11    0    2.45978e-11    0.0157478    0.0157478 
0.101214    0    2.45979e-11    0    2.45976e-11    0.0157529    0.0157529 
0.101111    0    2.45977e-11    0    2.45973e-11    0.0157529    0.0157529 
0.101009    0    2.45974e-11    0    2.45971e-11    0.0157587    0.0157587 
0.100907    0    2.45972e-11    0    2.45969e-11    0.0157587    0.0157587 
0.100806    0    2.4597e-11    0    2.45966e-11    0.0157638    0.0157638 
0.100704    0    2.45967e-11    0    2.45964e-11    0.0157638    0.0157638 
0.100603    0    2.45965e-11    0    2.45961e-11    0.015769    0.015769 
0.100502    0    2.45963e-11    0    2.45959e-11    0.015769    0.015769 
0.100401    0    2.4596e-11    0    2.45957e-11    0.0157747    0.0157747 
0.1003    0    2.45958e-11    0    2.45954e-11    0.0157747    0.0157747 
0.1002    0    2.45956e-11    0    2.45952e-11    0.0157801    0.0157801 
0.100099    0    2.45953e-11    0    2.4595e-11    0.0157801    0.0157801 
