0.1    1.75407e-24
0.125893    1.79885e-24
0.158489    1.84628e-24
0.199526    1.8937e-24
0.251189    1.94112e-24
0.316228    1.98064e-24
0.398107    2.01489e-24
0.501187    2.0307e-24
0.630957    2.0307e-24
0.794328    2.01753e-24
1    1.99908e-24
1.25893    1.98064e-24
1.58489    1.96483e-24
1.99526    1.94376e-24
2.51189    1.9016e-24
3.16228    1.8173e-24
3.98107    1.63287e-24
5.01187    1.39312e-24
6.30957    1.25349e-24
7.94328    1.16918e-24
10    1.11122e-24
12.5893    1.06907e-24
15.8489    1.03745e-24
19.9526    1.01637e-24
25.1189    1.00452e-24
31.6228    9.99249e-25
39.8107    9.99249e-25
50.1187    1.0032e-24
63.0957    1.00847e-24
79.4328    1.01901e-24
100    1.03218e-24
125.893    1.04799e-24
158.489    1.0638e-24
199.526    1.08224e-24
251.189    1.10068e-24
316.228    1.12044e-24
398.107    1.13888e-24
501.187    1.15601e-24
630.957    1.17182e-24
794.328    1.18235e-24
1000    1.19289e-24
1258.93    1.2008e-24
1584.89    1.20607e-24
1995.26    1.21397e-24
2511.89    1.22187e-24
3162.28    1.22978e-24
3981.07    1.24295e-24
5011.87    1.25612e-24
6309.57    1.27457e-24
7943.28    1.29037e-24
10000    1.31145e-24
