12.5    1.58227e-05    1.58227e-05    1.58227e-05    1.58227e-05    0.00320737    0.00320737 
11.1111    6.80311e-06    6.80316e-06    6.80311e-06    6.8031e-06    0.00321524    0.00321524 
10    2.88129e-06    2.88136e-06    2.88129e-06    2.88129e-06    0.00322036    0.00322036 
9.09091    1.20535e-06    1.20544e-06    1.20535e-06    1.20535e-06    0.00322383    0.00322383 
8.33333    4.99103e-07    4.99213e-07    4.99103e-07    4.99113e-07    0.00322643    0.00322643 
7.69231    2.04886e-07    2.05017e-07    2.04886e-07    2.04899e-07    0.00322863    0.00322863 
7.14286    8.3485e-08    8.3638e-08    8.3485e-08    8.35002e-08    0.00323064    0.00323064 
6.66667    3.37987e-08    3.39755e-08    3.37987e-08    3.38164e-08    0.00323259    0.00323259 
6.25    1.36061e-08    1.38079e-08    1.36061e-08    1.36266e-08    0.00323459    0.00323459 
5.88235    5.44995e-09    5.67674e-09    5.44995e-09    5.47344e-09    0.00323666    0.00323666 
5.55555    2.17329e-09    2.42287e-09    2.17329e-09    2.20032e-09    0.0032389    0.0032389 
5.26316    8.63173e-10    1.12909e-09    8.63173e-10    8.94296e-10    0.00324121    0.00324121 
5    3.41594e-10    6.13015e-10    3.41594e-10    3.7641e-10    0.00324367    0.00324367 
4.7619    1.34737e-10    4.00011e-10    1.34737e-10    1.70979e-10    0.00324617    0.00324617 
4.54545    5.29886e-11    3.04088e-10    5.29886e-11    8.73622e-11    0.00324893    0.00324893 
4.34782    2.07813e-11    2.54711e-10    2.07813e-11    5.08921e-11    0.00325168    0.00325168 
4.16666    8.12998e-12    2.25434e-10    8.12998e-12    3.32089e-11    0.00325468    0.00325468 
4    3.17305e-12    2.05948e-10    3.17305e-12    2.35913e-11    0.00325762    0.00325762 
3.84615    1.23581e-12    1.91864e-10    1.23581e-12    1.78087e-11    0.0032608    0.0032608 
3.7037    4.80376e-13    1.8109e-10    4.80376e-13    1.40486e-11    0.00326424    0.00326424 
3.57142    1.86357e-13    1.7251e-10    1.86357e-13    1.14539e-11    0.00326754    0.00326754 
3.44825    7.21723e-14    1.65477e-10    7.21723e-14    9.58107e-12    0.00327107    0.00327107 
3.3333    2.79052e-14    1.59583e-10    2.79052e-14    8.1804e-12    0.00327462    0.00327462 
3.22576    1.07737e-14    1.54556e-10    1.07737e-14    7.10259e-12    0.0032784    0.0032784 
3.12495    4.1538e-15    1.50208e-10    4.1538e-15    6.25358e-12    0.00328241    0.00328241 
3.03026    1.59934e-15    1.46404e-10    1.59934e-15    5.5716e-12    0.00328614    0.00328614 
2.94113    6.151e-16    1.43043e-10    6.151e-16    5.0145e-12    0.00329035    0.00329035 
2.8571    2.36275e-16    1.4005e-10    2.36275e-16    4.55281e-12    0.0032945    0.0032945 
2.77774    9.06525e-17    1.37364e-10    9.06525e-17    4.16536e-12    0.00329855    0.00329855 
2.70267    3.4749e-17    1.34939e-10    3.4749e-17    3.83661e-12    0.00330313    0.00330313 
2.63154    1.33059e-17    1.32737e-10    1.33059e-17    3.55491e-12    0.0033076    0.0033076 
2.56407    5.0898e-18    1.30729e-10    5.0898e-18    3.31141e-12    0.00331191    0.00331191 
2.49997    1.94527e-18    1.28889e-10    1.94527e-18    3.09928e-12    0.00331641    0.00331641 
2.43899    7.42848e-19    1.27197e-10    7.42848e-19    2.91316e-12    0.0033211    0.0033211 
2.38092    2.83453e-19    1.25634e-10    2.83453e-19    2.74881e-12    0.00332599    0.00332599 
2.32555    1.08064e-19    1.24187e-10    1.08064e-19    2.60282e-12    0.00333065    0.00333065 
2.2727    4.11692e-20    1.22842e-10    4.11692e-20    2.47246e-12    0.00333548    0.00333548 
2.2222    1.56735e-20    1.2159e-10    1.56735e-20    2.35546e-12    0.00334049    0.00334049 
2.17389    5.9632e-21    1.2042e-10    5.9632e-21    2.24999e-12    0.00334568    0.00334568 
2.12764    2.26704e-21    1.19325e-10    2.26704e-21    2.15451e-12    0.00335055    0.00335055 
2.08331    8.61347e-22    1.18298e-10    8.61347e-22    2.06774e-12    0.00335559    0.00335559 
2.0408    3.27075e-22    1.17333e-10    3.27075e-22    1.98859e-12    0.00336078    0.00336078 
1.99998    1.24131e-22    1.16423e-10    1.24131e-22    1.91616e-12    0.00336613    0.00336613 
1.96077    4.7085e-23    1.15565e-10    4.7085e-23    1.84966e-12    0.00337164    0.00337164 
1.92306    1.78481e-23    1.14754e-10    1.78481e-23    1.78843e-12    0.00337674    0.00337674 
1.88677    6.76222e-24    1.13987e-10    6.76222e-24    1.7319e-12    0.00338197    0.00338197 
1.85183    2.56083e-24    1.13259e-10    2.56083e-24    1.67957e-12    0.00338734    0.00338734 
1.81817    9.6934e-25    1.12568e-10    9.6934e-25    1.63101e-12    0.00339284    0.00339284 
1.7857    3.66759e-25    1.11912e-10    3.66759e-25    1.58585e-12    0.00339848    0.00339848 
1.75437    1.38682e-25    1.11287e-10    1.38682e-25    1.54375e-12    0.00340361    0.00340361 
1.72412    5.24283e-26    1.10691e-10    5.24283e-26    1.50444e-12    0.00340951    0.00340951 
1.6949    1.98087e-26    1.10123e-10    1.98087e-26    1.46765e-12    0.00341487    0.00341487 
1.66665    7.48132e-27    1.0958e-10    7.48132e-27    1.43316e-12    0.00342034    0.00342034 
1.63933    2.82449e-27    1.09061e-10    2.82449e-27    1.40076e-12    0.00342591    0.00342591 
1.61289    1.06597e-27    1.08565e-10    1.06597e-27    1.37029e-12    0.0034316    0.0034316 
1.58729    4.02078e-28    1.08089e-10    4.02078e-28    1.34158e-12    0.00343666    0.00343666 
1.56249    1.51642e-28    1.07633e-10    1.51642e-28    1.31449e-12    0.00344254    0.00344254 
1.53845    5.71725e-29    1.07196e-10    5.71725e-29    1.28889e-12    0.00344853    0.00344853 
1.51514    2.15438e-29    1.06776e-10    2.15438e-29    1.26467e-12    0.00345386    0.00345386 
1.49253    8.11563e-30    1.06372e-10    8.11563e-30    1.24171e-12    0.00345927    0.00345927 
1.47058    3.05627e-30    1.05983e-10    3.05627e-30    1.21994e-12    0.00346476    0.00346476 
1.44926    1.15062e-30    1.05609e-10    1.15062e-30    1.19926e-12    0.00347033    0.00347033 
1.42856    4.33065e-31    1.05249e-10    4.33065e-31    1.1796e-12    0.00347598    0.00347598 
1.40844    1.62949e-31    1.04902e-10    1.62949e-31    1.16088e-12    0.00348171    0.00348171 
1.38888    6.12963e-32    1.04567e-10    6.12963e-32    1.14305e-12    0.00348751    0.00348751 
1.36985    2.30518e-32    1.04244e-10    2.30518e-32    1.12603e-12    0.00349339    0.00349339 
1.35134    8.66477e-33    1.03932e-10    8.66477e-33    1.10979e-12    0.00349848    0.00349848 
1.33332    3.25693e-33    1.03631e-10    3.25693e-33    1.09427e-12    0.0035045    0.0035045 
1.31578    1.22362e-33    1.03339e-10    1.22362e-33    1.07942e-12    0.00350971    0.00350971 
1.29869    4.59601e-34    1.03057e-10    4.59601e-34    1.0652e-12    0.00351498    0.00351498 
1.28204    1.72633e-34    1.02784e-10    1.72633e-34    1.05158e-12    0.00352118    0.00352118 
1.26581    6.48128e-35    1.0252e-10    6.48128e-35    1.03852e-12    0.00352656    0.00352656 
1.24999    2.43277e-35    1.02264e-10    2.43277e-35    1.02598e-12    0.00353198    0.00353198 
1.23456    9.1295e-36    1.02016e-10    9.1295e-36    1.01394e-12    0.00353745    0.00353745 
1.2195    3.42532e-36    1.01775e-10    3.42532e-36    1.00237e-12    0.00354297    0.00354297 
1.20481    1.28489e-36    1.01541e-10    1.28489e-36    9.9124e-13    0.00354853    0.00354853 
1.19047    4.81759e-37    1.01315e-10    4.81759e-37    9.80529e-13    0.0035532    0.0035532 
1.17646    1.80643e-37    1.01095e-10    1.80643e-37    9.70214e-13    0.00355885    0.00355885 
1.16278    6.7722e-38    1.00881e-10    6.7722e-38    9.60274e-13    0.00356454    0.00356454 
1.14942    2.5377e-38    1.00673e-10    2.5377e-38    9.5069e-13    0.00356931    0.00356931 
1.13636    9.51013e-39    1.00471e-10    9.51013e-39    9.41443e-13    0.00357507    0.00357507 
1.12359    3.56235e-39    1.00274e-10    3.56235e-39    9.32516e-13    0.00357991    0.00357991 
1.1111    1.33453e-39    1.00083e-10    1.33453e-39    9.23893e-13    0.00358574    0.00358574 
1.0989    4.99718e-40    9.98971e-11    4.99718e-40    9.1556e-13    0.00359063    0.00359063 
1.08695    1.87089e-40    9.97159e-11    1.87089e-40    9.07502e-13    0.00359555    0.00359555 
1.07526    7.00324e-41    9.95394e-11    7.00324e-41    8.99707e-13    0.00360049    0.00360049 
1.06382    2.62179e-41    9.93674e-11    2.62179e-41    8.92161e-13    0.00360645    0.00360645 
1.05263    9.81087e-42    9.91998e-11    9.81087e-42    8.84855e-13    0.00361144    0.00361144 
1.04166    3.6707e-42    9.90364e-11    3.6707e-42    8.77776e-13    0.00361646    0.00361646 
1.03092    1.37316e-42    9.88771e-11    1.37316e-42    8.70915e-13    0.00362149    0.00362149 
1.0204    5.13607e-43    9.87216e-11    5.13607e-43    8.64261e-13    0.00362655    0.00362655 
1.0101    1.92077e-43    9.85699e-11    1.92077e-43    8.57807e-13    0.00363163    0.00363163 
0.999995    7.18014e-44    9.84219e-11    7.18014e-44    8.51542e-13    0.0036357    0.0036357 
0.990094    2.68442e-44    9.82773e-11    2.68442e-44    8.4546e-13    0.00364081    0.00364081 
0.980387    1.00348e-44    9.81361e-11    1.00348e-44    8.39553e-13    0.00364594    0.00364594 
0.970869    3.75063e-45    9.79981e-11    3.75063e-45    8.33812e-13    0.00365109    0.00365109 
0.961534    1.40126e-45    9.78633e-11    1.40126e-45    8.28232e-13    0.00365522    0.00365522 
0.952376    5.236e-46    9.77315e-11    5.236e-46    8.22807e-13    0.00366039    0.00366039 
0.943392    1.95624e-46    9.76027e-11    1.95624e-46    8.17528e-13    0.00366559    0.00366559 
0.934575    7.30579e-47    9.74767e-11    7.30579e-47    8.12392e-13    0.00366975    0.00366975 
0.925922    2.72885e-47    9.73535e-11    2.72885e-47    8.07393e-13    0.00367497    0.00367497 
0.917427    1.01886e-47    9.7233e-11    1.01886e-47    8.02524e-13    0.00367915    0.00367915 
0.909087    3.80362e-48    9.7115e-11    3.80362e-48    7.97782e-13    0.00368335    0.00368335 
0.900897    1.42021e-48    9.69995e-11    1.42021e-48    7.93161e-13    0.0036886    0.0036886 
0.892853    5.30066e-49    9.68864e-11    5.30066e-49    7.88658e-13    0.00369281    0.00369281 
0.884952    1.97815e-49    9.67757e-11    1.97815e-49    7.84267e-13    0.00369703    0.00369703 
0.877189    7.38348e-50    9.66673e-11    7.38348e-50    7.79984e-13    0.00370231    0.00370231 
0.869561    2.75481e-50    9.6561e-11    2.75481e-50    7.75806e-13    0.00370655    0.00370655 
0.862065    1.02772e-50    9.64569e-11    1.02772e-50    7.7173e-13    0.00371079    0.00371079 
0.854697    3.83361e-51    9.63549e-11    3.83361e-51    7.6775e-13    0.00371504    0.00371504 
0.847454    1.43221e-51    9.62549e-11    1.43221e-51    7.63866e-13    0.00372539    0.00372539 
0.840333    5.34827e-52    9.6157e-11    5.34827e-52    7.60076e-13    0.0037345    0.0037345 
0.83333    1.99691e-52    9.6061e-11    1.99691e-52    7.56376e-13    0.0037435    0.0037435 
0.826443    7.45449e-53    9.59669e-11    7.45449e-53    7.52763e-13    0.00375215    0.00375215 
0.819669    2.78208e-53    9.58747e-11    2.78208e-53    7.49234e-13    0.00376028    0.00376028 
0.813005    1.03801e-53    9.57842e-11    1.03801e-53    7.45785e-13    0.00376775    0.00376775 
0.806448    3.87176e-54    9.56954e-11    3.87176e-54    7.42413e-13    0.00377452    0.00377452 
0.799997    1.44375e-54    9.56083e-11    1.44375e-54    7.39116e-13    0.00378058    0.00378058 
0.793648    5.38224e-55    9.55229e-11    5.38224e-55    7.35892e-13    0.00378604    0.00378604 
0.787398    2.00604e-55    9.5439e-11    2.00604e-55    7.32737e-13    0.00379103    0.00379103 
0.781247    7.47555e-56    9.53566e-11    7.47555e-56    7.29649e-13    0.00379573    0.00379573 
0.775191    2.78462e-56    9.52756e-11    2.78462e-56    7.26626e-13    0.0037992    0.0037992 
0.769228    1.03752e-56    9.51961e-11    1.03752e-56    7.23666e-13    0.00380393    0.00380393 
0.763356    3.86562e-57    9.5118e-11    3.86562e-57    7.20768e-13    0.00380897    0.00380897 
0.757573    1.43978e-57    9.50413e-11    1.43978e-57    7.17928e-13    0.00381306    0.00381306 
0.751877    5.36482e-58    9.49659e-11    5.36482e-58    7.15147e-13    0.00381904    0.00381904 
0.746266    1.9992e-58    9.48918e-11    1.9992e-58    7.12422e-13    0.00382574    0.00382574 
0.740738    7.44706e-59    9.4819e-11    7.44706e-59    7.09753e-13    0.00383125    0.00383125 
0.735291    2.77562e-59    9.47475e-11    2.77562e-59    7.07136e-13    0.00383925    0.00383925 
0.729924    1.03401e-59    9.46771e-11    1.03401e-59    7.04572e-13    0.00384571    0.00384571 
0.724635    3.85439e-60    9.4608e-11    3.85439e-60    7.02058e-13    0.00385485    0.00385485 
0.719422    1.43592e-60    9.454e-11    1.43592e-60    6.99594e-13    0.00386202    0.00386202 
0.714283    5.35268e-61    9.44732e-11    5.35268e-61    6.97178e-13    0.00387188    0.00387188 
0.709217    1.99395e-61    9.44075e-11    1.99395e-61    6.94809e-13    0.00387939    0.00387939 
0.704223    7.43195e-62    9.43429e-11    7.43195e-62    6.92486e-13    0.00388941    0.00388941 
0.699298    2.76801e-62    9.42794e-11    2.76801e-62    6.90206e-13    0.00389682    0.00389682 
0.694442    1.03082e-62    9.42169e-11    1.03082e-62    6.8797e-13    0.00390408    0.00390408 
0.689653    3.84054e-63    9.41554e-11    3.84054e-63    6.85775e-13    0.0039134    0.0039134 
0.684929    1.4298e-63    9.40949e-11    1.4298e-63    6.83621e-13    0.00392007    0.00392007 
0.68027    5.32227e-64    9.40354e-11    5.32227e-64    6.81506e-13    0.00392645    0.00392645 
0.675673    1.98185e-64    9.39767e-11    1.98185e-64    6.79429e-13    0.00393449    0.00393449 
0.671139    7.37485e-65    9.3919e-11    7.37485e-65    6.77389e-13    0.00394018    0.00394018 
0.666664    2.74397e-65    9.38622e-11    2.74397e-65    6.75385e-13    0.00394562    0.00394562 
0.662249    1.02083e-65    9.38063e-11    1.02083e-65    6.73417e-13    0.00395085    0.00395085 
0.657893    3.79737e-66    9.37512e-11    3.79737e-66    6.71482e-13    0.00395595    0.00395595 
0.653593    1.41306e-66    9.36969e-11    1.41306e-66    6.69581e-13    0.00396264    0.00396264 
0.649349    5.25568e-67    9.36434e-11    5.25568e-67    6.67712e-13    0.00396769    0.00396769 
0.645159    1.9547e-67    9.35907e-11    1.9547e-67    6.65874e-13    0.00397285    0.00397285 
0.641024    7.26987e-68    9.35388e-11    7.26987e-68    6.64067e-13    0.0039782    0.0039782 
0.636941    2.70379e-68    9.34877e-11    2.70379e-68    6.62291e-13    0.0039838    0.0039838 
0.632909    1.00561e-68    9.34373e-11    1.00561e-68    6.60544e-13    0.00398973    0.00398973 
0.628929    3.74021e-69    9.33876e-11    3.74021e-69    6.58825e-13    0.00399603    0.00399603 
0.624998    1.39117e-69    9.33386e-11    1.39117e-69    6.57135e-13    0.00400273    0.00400273 
0.621116    5.17473e-70    9.32904e-11    5.17473e-70    6.55473e-13    0.00400986    0.00400986 
0.617282    1.92493e-70    9.32428e-11    1.92493e-70    6.53837e-13    0.00401743    0.00401743 
0.613495    7.1608e-71    9.31959e-11    7.1608e-71    6.52228e-13    0.00402542    0.00402542 
0.609754    2.66394e-71    9.31497e-11    2.66394e-71    6.50645e-13    0.0040338    0.0040338 
0.606059    9.91058e-72    9.31041e-11    9.91058e-72    6.49087e-13    0.00404253    0.00404253 
0.602408    3.68705e-72    9.30592e-11    3.68705e-72    6.47555e-13    0.00405155    0.00405155 
0.598801    1.3717e-72    9.30149e-11    1.3717e-72    6.46046e-13    0.0040608    0.0040608 
0.595236    5.10301e-73    9.29712e-11    5.10301e-73    6.44561e-13    0.00407019    0.00407019 
0.591714    1.89835e-73    9.29282e-11    1.89835e-73    6.431e-13    0.00407964    0.00407964 
0.588234    7.06156e-74    9.28857e-11    7.06156e-74    6.41661e-13    0.00408907    0.00408907 
0.584794    2.62459e-74    9.28438e-11    2.62459e-74    6.40245e-13    0.0040953    0.0040953 
0.581394    9.76143e-75    9.28025e-11    9.76143e-75    6.3885e-13    0.00410452    0.00410452 
0.578033    3.63009e-75    9.27618e-11    3.63009e-75    6.37476e-13    0.0041135    0.0041135 
0.574711    1.3498e-75    9.27215e-11    1.3498e-75    6.36123e-13    0.0041222    0.0041222 
0.571427    5.015e-76    9.26819e-11    5.015e-76    6.3479e-13    0.00412781    0.00412781 
0.56818    1.8643e-76    9.26427e-11    1.8643e-76    6.33477e-13    0.00413593    0.00413593 
0.56497    6.92943e-77    9.26041e-11    6.92943e-77    6.32183e-13    0.00414366    0.00414366 
0.561796    2.57524e-77    9.25659e-11    2.57524e-77    6.30908e-13    0.00415102    0.00415102 
0.558658    9.56397e-78    9.25283e-11    9.56397e-78    6.29651e-13    0.00415572    0.00415572 
0.555554    3.55348e-78    9.24911e-11    3.55348e-78    6.28412e-13    0.00416248    0.00416248 
0.552485    1.32013e-78    9.24544e-11    1.32013e-78    6.27191e-13    0.00416895    0.00416895 
0.549449    4.90143e-79    9.24181e-11    4.90143e-79    6.25986e-13    0.00417312    0.00417312 
0.546447    1.82057e-79    9.23823e-11    1.82057e-79    6.24799e-13    0.00417922    0.00417922 
0.543477    6.7618e-80    9.2347e-11    6.7618e-80    6.23627e-13    0.00418522    0.00418522 
0.540539    2.51008e-80    9.23121e-11    2.51008e-80    6.22472e-13    0.00418919    0.00418919 
0.537633    9.32186e-81    9.22776e-11    9.32186e-81    6.21332e-13    0.00419519    0.00419519 
0.534758    3.46017e-81    9.22435e-11    3.46017e-81    6.20208e-13    0.00419925    0.00419925 
0.531913    1.28499e-81    9.22098e-11    1.28499e-81    6.19099e-13    0.00420551    0.00420551 
0.529099    4.77214e-82    9.21765e-11    4.77214e-82    6.18004e-13    0.00421203    0.00421203 
0.526314    1.77134e-82    9.21436e-11    1.77134e-82    6.16924e-13    0.00421656    0.00421656 
0.523559    6.57866e-83    9.21112e-11    6.57866e-83    6.15859e-13    0.0042237    0.0042237 
0.520832    2.44195e-83    9.20791e-11    2.44195e-83    6.14807e-13    0.00422869    0.00422869 
0.518133    9.07014e-84    9.20473e-11    9.07014e-84    6.1377e-13    0.00423659    0.00423659 
0.515463    3.36691e-84    9.2016e-11    3.36691e-84    6.12746e-13    0.00424212    0.00424212 
0.512819    1.25071e-84    9.1985e-11    1.25071e-84    6.11735e-13    0.00425086    0.00425086 
0.510203    4.64299e-85    9.19544e-11    4.64299e-85    6.10738e-13    0.00425696    0.00425696 
0.507613    1.72493e-85    9.19242e-11    1.72493e-85    6.09753e-13    0.00426652    0.00426652 
0.505049    6.40368e-86    9.18943e-11    6.40368e-86    6.08781e-13    0.00427315    0.00427315 
0.502511    2.37926e-86    9.18647e-11    2.37926e-86    6.07822e-13    0.00428345    0.00428345 
0.499999    8.83302e-87    9.18355e-11    8.83302e-87    6.06875e-13    0.00429053    0.00429053 
0.497511    3.27924e-87    9.18067e-11    3.27924e-87    6.0594e-13    0.00429774    0.00429774 
0.495048    1.21844e-87    9.17781e-11    1.21844e-87    6.05017e-13    0.00430878    0.00430878 
0.49261    4.52334e-88    9.17499e-11    4.52334e-88    6.04106e-13    0.00431623    0.00431623 
0.490195    1.67919e-88    9.17221e-11    1.67919e-88    6.03207e-13    0.00432374    0.00432374 
0.487804    6.23884e-89    9.16945e-11    6.23884e-89    6.02318e-13    0.00433502    0.00433502 
0.485436    2.31585e-89    9.16673e-11    2.31585e-89    6.01441e-13    0.00434251    0.00434251 
0.483091    8.60327e-90    9.16403e-11    8.60327e-90    6.00574e-13    0.00435365    0.00435365 
0.480768    3.19314e-90    9.16137e-11    3.19314e-90    5.99719e-13    0.00436095    0.00436095 
0.478468    1.18507e-90    9.15873e-11    1.18507e-90    5.98873e-13    0.00436814    0.00436814 
0.476189    4.39785e-91    9.15613e-11    4.39785e-91    5.98038e-13    0.00437518    0.00437518 
0.473933    1.6332e-91    9.15355e-11    1.6332e-91    5.97213e-13    0.00438543    0.00438543 
0.471697    6.05982e-92    9.15101e-11    6.05982e-92    5.96398e-13    0.00439204    0.00439204 
0.469482    2.24826e-92    9.14848e-11    2.24826e-92    5.95593e-13    0.00439844    0.00439844 
0.467289    8.34631e-93    9.14599e-11    8.34631e-93    5.94797e-13    0.00440766    0.00440766 
0.465115    3.09598e-93    9.14352e-11    3.09598e-93    5.9401e-13    0.00441355    0.00441355 
0.462962    1.14833e-93    9.14108e-11    1.14833e-93    5.93233e-13    0.00441923    0.00441923 
0.460828    4.25897e-94    9.13867e-11    4.25897e-94    5.92464e-13    0.00442471    0.00442471 
0.458715    1.58038e-94    9.13628e-11    1.58038e-94    5.91704e-13    0.0044326    0.0044326 
0.45662    5.86039e-95    9.13391e-11    5.86039e-95    5.90953e-13    0.00443766    0.00443766 
0.454544    2.17302e-95    9.13157e-11    2.17302e-95    5.9021e-13    0.00444258    0.00444258 
0.452488    8.05707e-96    9.12925e-11    8.05707e-96    5.89475e-13    0.00444738    0.00444738 
0.450449    2.98723e-96    9.12696e-11    2.98723e-96    5.88749e-13    0.00445211    0.00445211 
0.448429    1.10749e-96    9.12469e-11    1.10749e-96    5.8803e-13    0.00445678    0.00445678 
0.446428    4.10795e-97    9.12244e-11    4.10795e-97    5.8732e-13    0.00446377    0.00446377 
0.444443    1.5229e-97    9.12021e-11    1.5229e-97    5.86617e-13    0.00446845    0.00446845 
0.442477    5.64562e-98    9.11801e-11    5.64562e-98    5.85922e-13    0.0044732    0.0044732 
0.440528    2.0929e-98    9.11582e-11    2.0929e-98    5.85234e-13    0.00447805    0.00447805 
0.438596    7.7586e-99    9.11366e-11    7.7586e-99    5.84554e-13    0.00448302    0.00448302 
0.43668    2.87622e-99    9.11152e-11    2.87622e-99    5.83881e-13    0.00448816    0.00448816 
0.434782    1.06627e-99    9.10941e-11    1.06627e-99    5.83215e-13    0.00449349    0.00449349 
0.432899    3.95293e-100    9.10731e-11    3.95293e-100    5.82556e-13    0.00449904    0.00449904 
0.431034    1.46646e-100    9.10523e-11    1.46646e-100    5.81904e-13    0.00450783    0.00450783 
0.429184    5.43699e-101    9.10317e-11    5.43699e-101    5.8126e-13    0.00451402    0.00451402 
0.42735    2.01586e-101    9.10114e-11    2.01586e-101    5.80621e-13    0.00452049    0.00452049 
0.425531    7.47446e-102    9.09912e-11    7.47446e-102    5.7999e-13    0.00452726    0.00452726 
0.423728    2.77149e-102    9.09712e-11    2.77149e-102    5.79366e-13    0.00453432    0.00453432 
0.42194    1.02769e-102    9.09514e-11    1.02769e-102    5.78748e-13    0.00454168    0.00454168 
0.420167    3.81092e-103    9.09318e-11    3.81092e-103    5.78136e-13    0.00454934    0.00454934 
0.418409    1.41322e-103    9.09124e-11    1.41322e-103    5.77531e-13    0.00455727    0.00455727 
0.416666    5.24084e-104    9.08932e-11    5.24084e-104    5.76932e-13    0.00456547    0.00456547 
0.414937    1.94359e-104    9.08742e-11    1.94359e-104    5.7634e-13    0.00457392    0.00457392 
0.413222    7.208e-105    9.08554e-11    7.208e-105    5.75753e-13    0.00458258    0.00458258 
0.411522    2.6732e-105    9.08367e-11    2.6732e-105    5.75173e-13    0.00459143    0.00459143 
0.409835    9.91402e-106    9.08182e-11    9.91402e-106    5.74599e-13    0.00460044    0.00460044 
0.408162    3.67678e-106    9.07999e-11    3.67678e-106    5.7403e-13    0.00460958    0.00460958 
0.406503    1.36358e-106    9.07818e-11    1.36358e-106    5.73468e-13    0.00461879    0.00461879 
0.404857    5.05689e-107    9.07638e-11    5.05689e-107    5.72911e-13    0.00462803    0.00462803 
0.403225    1.87531e-107    9.0746e-11    1.87531e-107    5.7236e-13    0.00463728    0.00463728 
0.401606    6.95421e-108    9.07284e-11    6.95421e-108    5.71815e-13    0.00464647    0.00464647 
0.399999    2.5787e-108    9.07109e-11    2.5787e-108    5.71275e-13    0.00465556    0.00465556 
0.398406    9.56155e-109    9.06936e-11    9.56155e-109    5.7074e-13    0.00466452    0.00466452 
0.396825    3.54178e-109    9.06765e-11    3.54178e-109    5.70211e-13    0.00466893    0.00466893 
0.395256    1.31311e-109    9.06595e-11    1.31311e-109    5.69687e-13    0.00467759    0.00467759 
0.3937    4.86792e-110    9.06427e-11    4.86792e-110    5.69168e-13    0.00468601    0.00468601 
0.392156    1.80447e-110    9.0626e-11    1.80447e-110    5.68655e-13    0.00469415    0.00469415 
0.390624    6.68829e-111    9.06095e-11    6.68829e-111    5.68146e-13    0.00470197    0.00470197 
0.389104    2.47854e-111    9.05931e-11    2.47854e-111    5.67642e-13    0.00470945    0.00470945 
0.387596    9.18399e-112    9.05769e-11    9.18399e-112    5.67143e-13    0.00471657    0.00471657 
0.386099    3.40268e-112    9.05608e-11    3.40268e-112    5.66648e-13    0.00472331    0.00472331 
0.384614    1.26057e-112    9.05448e-11    1.26057e-112    5.66159e-13    0.00472965    0.00472965 
0.38314    4.66653e-113    9.0529e-11    4.66653e-113    5.65673e-13    0.00473268    0.00473268 
0.381678    1.72848e-113    9.05133e-11    1.72848e-113    5.65193e-13    0.00473843    0.00473843 
0.380226    6.40157e-114    9.04978e-11    6.40157e-114    5.64716e-13    0.00474379    0.00474379 
0.378786    2.37064e-114    9.04824e-11    2.37064e-114    5.64244e-13    0.00474878    0.00474878 
0.377356    8.77813e-115    9.04671e-11    8.77813e-115    5.63777e-13    0.0047534    0.0047534 
0.375938    3.25011e-115    9.04519e-11    3.25011e-115    5.63313e-13    0.00475769    0.00475769 
0.37453    1.20276e-115    9.04369e-11    1.20276e-115    5.62854e-13    0.00475972    0.00475972 
0.373132    4.45263e-116    9.0422e-11    4.45263e-116    5.62398e-13    0.00476357    0.00476357 
0.371745    1.64825e-116    9.04072e-11    1.64825e-116    5.61947e-13    0.00476718    0.00476718 
0.370368    6.10099e-117    9.03925e-11    6.10099e-117    5.61499e-13    0.00477058    0.00477058 
0.369001    2.25816e-117    9.0378e-11    2.25816e-117    5.61056e-13    0.00477382    0.00477382 
0.367644    8.35506e-118    9.03636e-11    8.35506e-118    5.60616e-13    0.0047754    0.0047754 
0.366297    3.09225e-118    9.03492e-11    3.09225e-118    5.6018e-13    0.00477851    0.00477851 
0.36496    1.14442e-118    9.0335e-11    1.14442e-118    5.59748e-13    0.00478159    0.00478159 
0.363633    4.2354e-119    9.03209e-11    4.2354e-119    5.59319e-13    0.0047847    0.0047847 
0.362316    1.56694e-119    9.0307e-11    1.56694e-119    5.58894e-13    0.00478628    0.00478628 
0.361007    5.79904e-120    9.02931e-11    5.79904e-120    5.58472e-13    0.00478953    0.00478953 
0.359709    2.14618e-120    9.02793e-11    2.14618e-120    5.58055e-13    0.00479294    0.00479294 
0.358419    7.943e-121    9.02657e-11    7.943e-121    5.5764e-13    0.00479657    0.00479657 
0.357139    2.9386e-121    9.02521e-11    2.9386e-121    5.57229e-13    0.00479848    0.00479848 
0.355868    1.08763e-121    9.02387e-11    1.08763e-121    5.56822e-13    0.00480251    0.00480251 
0.354606    4.02569e-122    9.02253e-11    4.02569e-122    5.56418e-13    0.00480688    0.00480688 
0.353353    1.48939e-122    9.02121e-11    1.48939e-122    5.56017e-13    0.00480919    0.00480919 
0.352109    5.51317e-123    9.0199e-11    5.51317e-123    5.55619e-13    0.00481411    0.00481411 
0.350873    2.04091e-123    9.01859e-11    2.04091e-123    5.55225e-13    0.00481944    0.00481944 
0.349646    7.55574e-124    9.0173e-11    7.55574e-124    5.54834e-13    0.0048252    0.0048252 
0.348428    2.79562e-124    9.01602e-11    2.79562e-124    5.54447e-13    0.00482825    0.00482825 
0.347218    1.03508e-124    9.01474e-11    1.03508e-124    5.54063e-13    0.0048347    0.0048347 
0.346016    3.83271e-125    9.01348e-11    3.83271e-125    5.53681e-13    0.00484161    0.00484161 
0.344823    1.41819e-125    9.01223e-11    1.41819e-125    5.53303e-13    0.00484523    0.00484523 
0.343638    5.25182e-126    9.01098e-11    5.25182e-126    5.52929e-13    0.00485284    0.00485284 
0.342461    1.94499e-126    9.00975e-11    1.94499e-126    5.52557e-13    0.00486089    0.00486089 
0.341292    7.19734e-127    9.00852e-11    7.19734e-127    5.52188e-13    0.00486508    0.00486508 
0.340131    2.66575e-127    9.00731e-11    2.66575e-127    5.51823e-13    0.00487377    0.00487377 
0.338978    9.86473e-128    9.0061e-11    9.86473e-128    5.5146e-13    0.00487827    0.00487827 
0.337833    3.65399e-128    9.00491e-11    3.65399e-128    5.51101e-13    0.00488754    0.00488754 
0.336695    1.35354e-128    9.00372e-11    1.35354e-128    5.50744e-13    0.00489716    0.00489716 
0.335565    5.009e-129    9.00255e-11    5.009e-129    5.50391e-13    0.00490208    0.00490208 
0.334443    1.85556e-129    9.00138e-11    1.85556e-129    5.5004e-13    0.00491213    0.00491213 
0.333328    6.87403e-130    9.00022e-11    6.87403e-130    5.49692e-13    0.00492241    0.00492241 
0.33222    2.54385e-130    8.99907e-11    2.54385e-130    5.49348e-13    0.00492762    0.00492762 
0.33112    9.42393e-131    8.99793e-11    9.42393e-131    5.49006e-13    0.00493814    0.00493814 
0.330027    3.48742e-131    8.99679e-11    3.48742e-131    5.48666e-13    0.00494343    0.00494343 
0.328942    1.29193e-131    8.99567e-11    1.29193e-131    5.4833e-13    0.00495407    0.00495407 
0.327863    4.78588e-132    8.99456e-11    4.78588e-132    5.47996e-13    0.0049647    0.0049647 
0.326792    1.77097e-132    8.99345e-11    1.77097e-132    5.47665e-13    0.00497    0.00497 
0.325727    6.56007e-133    8.99235e-11    6.56007e-133    5.47337e-13    0.00498052    0.00498052 
0.324669    2.42736e-133    8.99126e-11    2.42736e-133    5.47011e-13    0.00498573    0.00498573 
0.323619    8.99072e-134    8.99018e-11    8.99072e-134    5.46688e-13    0.00499601    0.00499601 
0.322575    3.32654e-134    8.98911e-11    3.32654e-134    5.46368e-13    0.00500107    0.00500107 
0.321537    1.23198e-134    8.98804e-11    1.23198e-134    5.4605e-13    0.00501099    0.00501099 
0.320507    4.56229e-135    8.98698e-11    4.56229e-135    5.45734e-13    0.00502061    0.00502061 
0.319482    1.68782e-135    8.98593e-11    1.68782e-135    5.45421e-13    0.00502529    0.00502529 
0.318465    6.24946e-136    8.98489e-11    6.24946e-136    5.4511e-13    0.00503437    0.00503437 
0.317454    2.31178e-136    8.98386e-11    2.31178e-136    5.44802e-13    0.00503877    0.00503877 
0.316449    8.55847e-137    8.98283e-11    8.55847e-137    5.44496e-13    0.00504725    0.00504725 
0.315451    3.16563e-137    8.98181e-11    3.16563e-137    5.44193e-13    0.00505133    0.00505133 
0.314459    1.17176e-137    8.9808e-11    1.17176e-137    5.43892e-13    0.00505915    0.00505915 
0.313473    4.3337e-138    8.97979e-11    4.3337e-138    5.43593e-13    0.00506289    0.00506289 
0.312493    1.60385e-138    8.9788e-11    1.60385e-138    5.43296e-13    0.00507004    0.00507004 
0.31152    5.93119e-139    8.9778e-11    5.93119e-139    5.43001e-13    0.00507344    0.00507344 
0.310552    2.19471e-139    8.97682e-11    2.19471e-139    5.42709e-13    0.00507991    0.00507991 
0.309591    8.11546e-140    8.97584e-11    8.11546e-140    5.42419e-13    0.00508298    0.00508298 
0.308635    3.00247e-140    8.97487e-11    3.00247e-140    5.42131e-13    0.0050888    0.0050888 
0.307685    1.11014e-140    8.97391e-11    1.11014e-140    5.41845e-13    0.00509157    0.00509157 
0.306741    4.10657e-141    8.97295e-11    4.10657e-141    5.41561e-13    0.00509681    0.00509681 
0.305803    1.51824e-141    8.972e-11    1.51824e-141    5.41279e-13    0.0050993    0.0050993 
0.304871    5.61551e-142    8.97105e-11    5.61551e-142    5.40999e-13    0.00510405    0.00510405 
0.303944    2.07597e-142    8.97011e-11    2.07597e-142    5.40721e-13    0.00510631    0.00510631 
0.303023    7.67754e-143    8.96918e-11    7.67754e-143    5.40445e-13    0.00511066    0.00511066 
0.302108    2.83809e-143    8.96826e-11    2.83809e-143    5.40171e-13    0.00511276    0.00511276 
0.301197    1.04911e-143    8.96734e-11    1.04911e-143    5.39898e-13    0.00511482    0.00511482 
0.300293    3.8795e-144    8.96642e-11    3.8795e-144    5.39628e-13    0.00511884    0.00511884 
0.299394    1.43401e-144    8.96551e-11    1.43401e-144    5.39359e-13    0.00512081    0.00512081 
0.2985    5.30257e-145    8.96461e-11    5.30257e-145    5.39093e-13    0.00512473    0.00512473 
0.297612    1.95997e-145    8.96371e-11    1.95997e-145    5.38828e-13    0.0051267    0.0051267 
0.296728    7.2473e-146    8.96282e-11    7.2473e-146    5.38565e-13    0.00513066    0.00513066 
0.29585    2.67875e-146    8.96194e-11    2.67875e-146    5.38304e-13    0.00513268    0.00513268 
0.294978    9.90519e-147    8.96106e-11    9.90519e-147    5.38044e-13    0.00513683    0.00513683 
0.29411    3.66115e-147    8.96018e-11    3.66115e-147    5.37786e-13    0.00513897    0.00513897 
0.293247    1.35323e-147    8.95931e-11    1.35323e-147    5.3753e-13    0.00514117    0.00514117 
0.29239    5.00406e-148    8.95845e-11    5.00406e-148    5.37276e-13    0.00514576    0.00514576 
0.291537    1.84962e-148    8.95759e-11    1.84962e-148    5.37023e-13    0.00514816    0.00514816 
0.29069    6.84007e-149    8.95674e-11    6.84007e-149    5.36773e-13    0.00515321    0.00515321 
0.289847    2.52831e-149    8.9559e-11    2.52831e-149    5.36523e-13    0.00515587    0.00515587 
0.289009    9.34552e-150    8.95505e-11    9.34552e-150    5.36276e-13    0.00515862    0.00515862 
0.288176    3.45643e-150    8.95422e-11    3.45643e-150    5.3603e-13    0.00516443    0.00516443 
0.287348    1.27766e-150    8.95339e-11    1.27766e-150    5.35786e-13    0.00516749    0.00516749 
0.286525    4.72586e-151    8.95256e-11    4.72586e-151    5.35543e-13    0.00517394    0.00517394 
0.285706    1.74697e-151    8.95174e-11    1.74697e-151    5.35302e-13    0.00517733    0.00517733 
0.284892    6.45793e-152    8.95093e-11    6.45793e-152    5.35063e-13    0.00518083    0.00518083 
0.284083    2.38901e-152    8.95012e-11    2.38901e-152    5.34825e-13    0.00518818    0.00518818 
0.283278    8.83167e-153    8.94931e-11    8.83167e-153    5.34589e-13    0.00519202    0.00519202 
0.282478    3.26492e-153    8.94851e-11    3.26492e-153    5.34354e-13    0.00519598    0.00519598 
0.281682    1.20796e-153    8.94772e-11    1.20796e-153    5.34121e-13    0.00520421    0.00520421 
0.280891    4.46579e-154    8.94693e-11    4.46579e-154    5.3389e-13    0.00520849    0.00520849 
0.280104    1.65241e-154    8.94615e-11    1.65241e-154    5.3366e-13    0.00521734    0.00521734 
0.279321    6.1091e-155    8.94537e-11    6.1091e-155    5.33432e-13    0.00522191    0.00522191 
0.278543    2.25859e-155    8.94459e-11    2.25859e-155    5.33205e-13    0.00522656    0.00522656 
0.277769    8.35791e-156    8.94382e-11    8.35791e-156    5.32979e-13    0.00523611    0.00523611 
0.277    3.09005e-156    8.94306e-11    3.09005e-156    5.32756e-13    0.00524099    0.00524099 
0.276235    1.14244e-156    8.9423e-11    1.14244e-156    5.32533e-13    0.00524594    0.00524594 
0.275474    4.22783e-157    8.94154e-11    4.22783e-157    5.32312e-13    0.00525598    0.00525598 
0.274717    1.5631e-157    8.94079e-11    1.5631e-157    5.32093e-13    0.00526107    0.00526107 
0.273964    5.77898e-158    8.94005e-11    5.77898e-158    5.31875e-13    0.00526619    0.00526619 
0.273215    2.13864e-158    8.93931e-11    2.13864e-158    5.31658e-13    0.00527649    0.00527649 
0.272471    7.90672e-159    8.93857e-11    7.90672e-159    5.31443e-13    0.00528165    0.00528165 
0.27173    2.92313e-159    8.93784e-11    2.92313e-159    5.3123e-13    0.0052868    0.0052868 
0.270994    1.08067e-159    8.93711e-11    1.08067e-159    5.31017e-13    0.00529194    0.00529194 
0.270262    3.99899e-160    8.93639e-11    3.99899e-160    5.30807e-13    0.00530214    0.00530214 
0.269533    1.47835e-160    8.93567e-11    1.47835e-160    5.30597e-13    0.00530718    0.00530718 
0.268808    5.46507e-161    8.93496e-11    5.46507e-161    5.30389e-13    0.00531217    0.00531217 
0.268088    2.02209e-161    8.93425e-11    2.02209e-161    5.30182e-13    0.00532195    0.00532195 
0.267371    7.47463e-162    8.93354e-11    7.47463e-162    5.29976e-13    0.00532673    0.00532673 
0.266658    2.76292e-162    8.93284e-11    2.76292e-162    5.29772e-13    0.00533142    0.00533142 
0.265949    1.02211e-162    8.93215e-11    1.02211e-162    5.29569e-13    0.00534049    0.00534049 
0.265243    3.77781e-163    8.93145e-11    3.77781e-163    5.29368e-13    0.00534486    0.00534486 
0.264541    1.39626e-163    8.93077e-11    1.39626e-163    5.29167e-13    0.00534912    0.00534912 
0.263843    5.16036e-164    8.93008e-11    5.16036e-164    5.28968e-13    0.00535324    0.00535324 
0.263149    1.90848e-164    8.9294e-11    1.90848e-164    5.2877e-13    0.00536108    0.00536108 
0.262458    7.05274e-165    8.92873e-11    7.05274e-165    5.28574e-13    0.00536479    0.00536479 
0.261771    2.60621e-165    8.92805e-11    2.60621e-165    5.28378e-13    0.00536835    0.00536835 
0.261088    9.63042e-166    8.92739e-11    9.63042e-166    5.28184e-13    0.00537176    0.00537176 
0.260408    3.56052e-166    8.92672e-11    3.56052e-166    5.27991e-13    0.00537811    0.00537811 
0.259731    1.31553e-166    8.92606e-11    1.31553e-166    5.27799e-13    0.00538104    0.00538104 
0.259058    4.8604e-167    8.9254e-11    4.8604e-167    5.27608e-13    0.00538382    0.00538382 
0.258389    1.79567e-167    8.92475e-11    1.79567e-167    5.27418e-13    0.00538644    0.00538644 
0.257723    6.63663e-168    8.9241e-11    6.63663e-168    5.2723e-13    0.00539121    0.00539121 
0.25706    2.45163e-168    8.92346e-11    2.45163e-168    5.27042e-13    0.00539336    0.00539336 
0.256401    9.05619e-169    8.92281e-11    9.05619e-169    5.26856e-13    0.00539536    0.00539536 
0.255745    3.34518e-169    8.92218e-11    3.34518e-169    5.26671e-13    0.00539722    0.00539722 
0.255093    1.23597e-169    8.92154e-11    1.23597e-169    5.26486e-13    0.00540053    0.00540053 
0.254444    4.565e-170    8.92091e-11    4.565e-170    5.26303e-13    0.00540199    0.00540199 
0.253798    1.68602e-170    8.92028e-11    1.68602e-170    5.26121e-13    0.00540333    0.00540333 
0.253155    6.22686e-171    8.91965e-11    6.22686e-171    5.2594e-13    0.00540457    0.00540457 
0.252516    2.30011e-171    8.91903e-11    2.30011e-171    5.2576e-13    0.00540676    0.00540676 
0.25188    8.4943e-172    8.91841e-11    8.4943e-172    5.25581e-13    0.00540773    0.00540773 
0.251247    3.13687e-172    8.9178e-11    3.13687e-172    5.25402e-13    0.00540865    0.00540865 
0.250617    1.1584e-172    8.91719e-11    1.1584e-172    5.25225e-13    0.0054095    0.0054095 
0.249991    4.27771e-173    8.91658e-11    4.27771e-173    5.25049e-13    0.00541033    0.00541033 
0.249367    1.57987e-173    8.91597e-11    1.57987e-173    5.24874e-13    0.00541191    0.00541191 
0.248747    5.83399e-174    8.91537e-11    5.83399e-174    5.247e-13    0.00541271    0.00541271 
0.24813    2.1543e-174    8.91477e-11    2.1543e-174    5.24526e-13    0.00541352    0.00541352 
0.247515    7.95513e-175    8.91418e-11    7.95513e-175    5.24354e-13    0.00541438    0.00541438 
0.246904    2.93757e-175    8.91358e-11    2.93757e-175    5.24183e-13    0.00541529    0.00541529 
0.246296    1.08497e-175    8.91299e-11    1.08497e-175    5.24012e-13    0.00541734    0.00541734 
0.245691    4.00655e-176    8.91241e-11    4.00655e-176    5.23843e-13    0.00541852    0.00541852 
0.245089    1.47955e-176    8.91182e-11    1.47955e-176    5.23674e-13    0.00541983    0.00541983 
0.244489    5.46385e-177    8.91124e-11    5.46385e-177    5.23506e-13    0.00542127    0.00542127 
0.243893    2.01779e-177    8.91066e-11    2.01779e-177    5.23339e-13    0.00542288    0.00542288 
0.2433    7.45456e-178    8.91009e-11    7.45456e-178    5.23173e-13    0.00542665    0.00542665 
0.242709    2.75321e-178    8.90952e-11    2.75321e-178    5.23008e-13    0.00542885    0.00542885 
0.242121    1.01688e-178    8.90895e-11    1.01688e-178    5.22844e-13    0.00543129    0.00543129 
0.241536    3.75593e-179    8.90838e-11    3.75593e-179    5.22681e-13    0.00543397    0.00543397 
0.240954    1.38734e-179    8.90782e-11    1.38734e-179    5.22519e-13    0.00543693    0.00543693 
0.240375    5.12469e-180    8.90726e-11    5.12469e-180    5.22357e-13    0.00544017    0.00544017 
0.239799    1.89444e-180    8.9067e-11    1.89444e-180    5.22197e-13    0.00544759    0.00544759 
0.239225    6.99897e-181    8.90615e-11    6.99897e-181    5.22037e-13    0.00545181    0.00545181 
0.238654    2.5859e-181    8.9056e-11    2.5859e-181    5.21879e-13    0.00545637    0.00545637 
0.238086    9.55467e-182    8.90505e-11    9.55467e-182    5.21721e-13    0.00546131    0.00546131 
0.23752    3.53058e-182    8.9045e-11    3.53058e-182    5.21564e-13    0.00546664    0.00546664 
0.236957    1.30468e-182    8.90396e-11    1.30468e-182    5.21408e-13    0.00547237    0.00547237 
0.236397    4.8216e-183    8.90342e-11    4.8216e-183    5.21252e-13    0.00547852    0.00547852 
0.235839    1.78429e-183    8.90288e-11    1.78429e-183    5.21098e-13    0.00549212    0.00549212 
0.235284    6.5955e-184    8.90235e-11    6.5955e-184    5.20945e-13    0.00549961    0.00549961 
0.234732    2.43817e-184    8.90182e-11    2.43817e-184    5.20792e-13    0.00550756    0.00550756 
0.234182    9.01394e-185    8.90129e-11    9.01394e-185    5.20641e-13    0.005516    0.005516 
0.233635    3.33272e-185    8.90077e-11    3.33272e-185    5.2049e-13    0.00552494    0.00552494 
0.233091    1.23231e-185    8.90025e-11    1.23231e-185    5.2034e-13    0.00553438    0.00553438 
0.232548    4.55694e-186    8.89973e-11    4.55694e-186    5.20191e-13    0.00554433    0.00554433 
0.232009    1.68525e-186    8.89921e-11    1.68525e-186    5.20043e-13    0.00555481    0.00555481 
0.231472    6.24587e-187    8.8987e-11    6.24587e-187    5.19896e-13    0.00557738    0.00557738 
0.230937    2.31046e-187    8.89819e-11    2.31046e-187    5.1975e-13    0.00558947    0.00558947 
0.230405    8.54752e-188    8.89769e-11    8.54752e-188    5.19605e-13    0.00560212    0.00560212 
0.229875    3.16242e-188    8.89718e-11    3.16242e-188    5.1946e-13    0.00561533    0.00561533 
0.229348    1.17014e-188    8.89668e-11    1.17014e-188    5.19317e-13    0.0056291    0.0056291 
0.228823    4.33005e-189    8.89619e-11    4.33005e-189    5.19174e-13    0.00564344    0.00564344 
0.228301    1.60245e-189    8.89569e-11    1.60245e-189    5.19032e-13    0.00565834    0.00565834 
0.227781    5.93081e-190    8.8952e-11    5.93081e-190    5.18892e-13    0.00567381    0.00567381 
0.227263    2.19523e-190    8.89471e-11    2.19523e-190    5.18752e-13    0.00568985    0.00568985 
0.226748    8.15058e-191    8.89423e-11    8.15058e-191    5.18613e-13    0.00572364    0.00572364 
0.226235    3.01763e-191    8.89375e-11    3.01763e-191    5.18475e-13    0.00574139    0.00574139 
0.225724    1.11732e-191    8.89327e-11    1.11732e-191    5.18337e-13    0.00575969    0.00575969 
0.225215    4.13739e-192    8.89279e-11    4.13739e-192    5.18201e-13    0.00577856    0.00577856 
0.224709    1.53217e-192    8.89232e-11    1.53217e-192    5.18066e-13    0.00579797    0.00579797 
0.224205    5.6744e-193    8.89185e-11    5.6744e-193    5.17931e-13    0.00581794    0.00581794 
0.223704    2.10167e-193    8.89138e-11    2.10167e-193    5.17798e-13    0.00583844    0.00583844 
0.223204    7.78468e-194    8.89092e-11    7.78468e-194    5.17665e-13    0.00585948    0.00585948 
0.222707    2.88367e-194    8.89046e-11    2.88367e-194    5.17533e-13    0.00588103    0.00588103 
0.222212    1.06827e-194    8.89e-11    1.06827e-194    5.17402e-13    0.0059031    0.0059031 
0.22172    3.95768e-195    8.88955e-11    3.95768e-195    5.17272e-13    0.00592567    0.00592567 
0.221229    1.46632e-195    8.88909e-11    1.46632e-195    5.17143e-13    0.00594872    0.00594872 
0.220741    5.43301e-196    8.88865e-11    5.43301e-196    5.17015e-13    0.00597225    0.00597225 
0.220254    2.02136e-196    8.8882e-11    2.02136e-196    5.16887e-13    0.00602068    0.00602068 
0.21977    7.49073e-197    8.88776e-11    7.49073e-197    5.16761e-13    0.00604554    0.00604554 
0.219288    2.77603e-197    8.88732e-11    2.77603e-197    5.16635e-13    0.00607082    0.00607082 
0.218809    1.02883e-197    8.88688e-11    1.02883e-197    5.1651e-13    0.00609649    0.00609649 
0.218331    3.81308e-198    8.88645e-11    3.81308e-198    5.16386e-13    0.00612253    0.00612253 
0.217855    1.41327e-198    8.88602e-11    1.41327e-198    5.16263e-13    0.00614893    0.00614893 
0.217381    5.23823e-199    8.88559e-11    5.23823e-199    5.16141e-13    0.00617567    0.00617567 
0.21691    1.94158e-199    8.88516e-11    1.94158e-199    5.1602e-13    0.00620272    0.00620272 
0.21644    7.19674e-200    8.88474e-11    7.19674e-200    5.15899e-13    0.00623007    0.00623007 
0.215973    2.66762e-200    8.88432e-11    2.66762e-200    5.15779e-13    0.00625768    0.00625768 
0.215507    9.88819e-201    8.8839e-11    9.88819e-201    5.1566e-13    0.00628554    0.00628554 
0.215044    3.66534e-201    8.88349e-11    3.66534e-201    5.15542e-13    0.00631363    0.00631363 
0.214582    1.35867e-201    8.88308e-11    1.35867e-201    5.15425e-13    0.00634192    0.00634192 
0.214123    5.03632e-202    8.88267e-11    5.03632e-202    5.15308e-13    0.00637038    0.00637038 
0.213665    1.86686e-202    8.88226e-11    1.86686e-202    5.15193e-13    0.006399    0.006399 
0.21321    6.92001e-203    8.88186e-11    6.92001e-203    5.15078e-13    0.00642774    0.00642774 
0.212756    2.56506e-203    8.88146e-11    2.56506e-203    5.14964e-13    0.00645659    0.00645659 
0.212304    9.50784e-204    8.88106e-11    9.50784e-204    5.1485e-13    0.00648551    0.00648551 
0.211854    3.52418e-204    8.88067e-11    3.52418e-204    5.14738e-13    0.00651449    0.00651449 
0.211407    1.30625e-204    8.88028e-11    1.30625e-204    5.14626e-13    0.0065435    0.0065435 
0.210961    4.84151e-205    8.87989e-11    4.84151e-205    5.14515e-13    0.00657251    0.00657251 
0.210516    1.79442e-205    8.8795e-11    1.79442e-205    5.14405e-13    0.00660151    0.00660151 
0.210074    6.65048e-206    8.87911e-11    6.65048e-206    5.14295e-13    0.00663046    0.00663046 
0.209634    2.46471e-206    8.87873e-11    2.46471e-206    5.14186e-13    0.00665935    0.00665935 
0.209195    9.13406e-207    8.87835e-11    9.13406e-207    5.14078e-13    0.00668815    0.00668815 
0.208758    3.38488e-207    8.87797e-11    3.38488e-207    5.13971e-13    0.00671684    0.00671684 
0.208323    1.25431e-207    8.8776e-11    1.25431e-207    5.13864e-13    0.00674541    0.00674541 
0.20789    4.64776e-208    8.87723e-11    4.64776e-208    5.13758e-13    0.00677383    0.00677383 
0.207459    1.72212e-208    8.87686e-11    1.72212e-208    5.13653e-13    0.00680208    0.00680208 
0.207029    6.38058e-209    8.87649e-11    6.38058e-209    5.13548e-13    0.00683015    0.00683015 
0.206602    2.36393e-209    8.87612e-11    2.36393e-209    5.13444e-13    0.00685802    0.00685802 
0.206176    8.75761e-210    8.87576e-11    8.75761e-210    5.13341e-13    0.00688568    0.00688568 
0.205751    3.24424e-210    8.8754e-11    3.24424e-210    5.13238e-13    0.00691311    0.00691311 
0.205329    1.20175e-210    8.87504e-11    1.20175e-210    5.13136e-13    0.0069403    0.0069403 
0.204908    4.45137e-211    8.87468e-11    4.45137e-211    5.13035e-13    0.00696724    0.00696724 
0.204489    1.64872e-211    8.87433e-11    1.64872e-211    5.12934e-13    0.00699393    0.00699393 
0.204072    6.10623e-212    8.87398e-11    6.10623e-212    5.12834e-13    0.00702035    0.00702035 
0.203656    2.26138e-212    8.87362e-11    2.26138e-212    5.12734e-13    0.0070465    0.0070465 
0.203242    8.37434e-213    8.87328e-11    8.37434e-213    5.12635e-13    0.00707237    0.00707237 
0.20283    3.101e-213    8.87293e-11    3.101e-213    5.12537e-13    0.00709797    0.00709797 
0.202419    1.14822e-213    8.87259e-11    1.14822e-213    5.12439e-13    0.0071233    0.0071233 
0.20201    4.25136e-214    8.87224e-11    4.25136e-214    5.12342e-13    0.00714835    0.00714835 
0.201603    1.574e-214    8.8719e-11    1.574e-214    5.12246e-13    0.00717313    0.00717313 
0.201197    5.82715e-215    8.87157e-11    5.82715e-215    5.1215e-13    0.00719764    0.00719764 
0.200793    2.15718e-215    8.87123e-11    2.15718e-215    5.12054e-13    0.00722189    0.00722189 
0.200391    7.98533e-216    8.8709e-11    7.98533e-216    5.11959e-13    0.0072459    0.0072459 
0.19999    2.94477e-216    8.87056e-11    2.94477e-216    5.11865e-13    0.00726966    0.00726966 
0.199591    1.08998e-216    8.87023e-11    1.08998e-216    5.11771e-13    0.0072932    0.0072932 
0.199193    4.03428e-217    8.8699e-11    4.03428e-217    5.11678e-13    0.00731652    0.00731652 
0.198797    1.49312e-217    8.86958e-11    1.49312e-217    5.11585e-13    0.00733965    0.00733965 
0.198403    5.52594e-218    8.86925e-11    5.52594e-218    5.11493e-13    0.00736259    0.00736259 
0.19801    2.04504e-218    8.86893e-11    2.04504e-218    5.11402e-13    0.00738536    0.00738536 
0.197618    7.568e-219    8.86861e-11    7.568e-219    5.1131e-13    0.00740799    0.00740799 
0.197229    2.80057e-219    8.86829e-11    2.80057e-219    5.1122e-13    0.0074305    0.0074305 
0.19684    1.03633e-219    8.86797e-11    1.03633e-219    5.1113e-13    0.0074529    0.0074529 
0.196454    3.83479e-220    8.86765e-11    3.83479e-220    5.1104e-13    0.00747522    0.00747522 
0.196068    1.41897e-220    8.86734e-11    1.41897e-220    5.10951e-13    0.00749748    0.00749748 
0.195685    5.25047e-221    8.86702e-11    5.25047e-221    5.10862e-13    0.00751972    0.00751972 
0.195303    1.94274e-221    8.86671e-11    1.94274e-221    5.10774e-13    0.00754194    0.00754194 
0.194922    7.16719e-222    8.8664e-11    7.16719e-222    5.10687e-13    0.00754194    0.00754194 
0.194543    2.65191e-222    8.8661e-11    2.65191e-222    5.10599e-13    0.00756419    0.00756419 
0.194165    9.81216e-223    8.86579e-11    9.81216e-223    5.10513e-13    0.00758647    0.00758647 
0.193788    3.63052e-223    8.86549e-11    3.63052e-223    5.10426e-13    0.00760884    0.00760884 
0.193414    1.3433e-223    8.86518e-11    1.3433e-223    5.10341e-13    0.0076313    0.0076313 
0.19304    4.97024e-224    8.86488e-11    4.97024e-224    5.10255e-13    0.00765389    0.00765389 
0.192668    1.83901e-224    8.86458e-11    1.83901e-224    5.10171e-13    0.00767664    0.00767664 
0.192298    6.8045e-225    8.86428e-11    6.8045e-225    5.10086e-13    0.00769957    0.00769957 
0.191929    2.51776e-225    8.86399e-11    2.51776e-225    5.10002e-13    0.00772272    0.00772272 
0.191561    9.31618e-226    8.86369e-11    9.31618e-226    5.09919e-13    0.0077461    0.0077461 
0.191195    3.44724e-226    8.8634e-11    3.44724e-226    5.09836e-13    0.00776976    0.00776976 
0.19083    1.2756e-226    8.86311e-11    1.2756e-226    5.09753e-13    0.0077937    0.0077937 
0.190466    4.72029e-227    8.86282e-11    4.72029e-227    5.09671e-13    0.00781797    0.00781797 
0.190104    1.74677e-227    8.86253e-11    1.74677e-227    5.09589e-13    0.00784258    0.00784258 
0.189743    6.44369e-228    8.86224e-11    6.44369e-228    5.09508e-13    0.00784258    0.00784258 
0.189384    2.38459e-228    8.86195e-11    2.38459e-228    5.09427e-13    0.00786757    0.00786757 
0.189026    8.82485e-229    8.86167e-11    8.82485e-229    5.09347e-13    0.00789296    0.00789296 
0.188669    3.26601e-229    8.86139e-11    3.26601e-229    5.09267e-13    0.00791877    0.00791877 
0.188314    1.20877e-229    8.86111e-11    1.20877e-229    5.09188e-13    0.00794502    0.00794502 
0.18796    4.47395e-230    8.86083e-11    4.47395e-230    5.09109e-13    0.00797174    0.00797174 
0.187607    1.65598e-230    8.86055e-11    1.65598e-230    5.0903e-13    0.00799894    0.00799894 
0.187256    6.12973e-231    8.86027e-11    6.12973e-231    5.08952e-13    0.00802666    0.00802666 
0.186906    2.26907e-231    8.85999e-11    2.26907e-231    5.08874e-13    0.0080549    0.0080549 
0.186557    8.39993e-232    8.85972e-11    8.39993e-232    5.08797e-13    0.00808369    0.00808369 
0.18621    3.10975e-232    8.85945e-11    3.10975e-232    5.0872e-13    0.00811303    0.00811303 
0.185864    1.1471e-232    8.85918e-11    1.1471e-232    5.08644e-13    0.00811303    0.00811303 
0.185519    4.24689e-233    8.85891e-11    4.24689e-233    5.08568e-13    0.00814296    0.00814296 
0.185175    1.57241e-233    8.85864e-11    1.57241e-233    5.08492e-13    0.00817346    0.00817346 
0.184833    5.82213e-234    8.85837e-11    5.82213e-234    5.08417e-13    0.00820457    0.00820457 
0.184492    2.15587e-234    8.85811e-11    2.15587e-234    5.08342e-13    0.00823629    0.00823629 
0.184152    7.98339e-235    8.85785e-11    7.98339e-235    5.08268e-13    0.00826863    0.00826863 
0.183814    2.95649e-235    8.85758e-11    2.95649e-235    5.08194e-13    0.00830159    0.00830159 
0.183476    1.09493e-235    8.85732e-11    1.09493e-235    5.0812e-13    0.00833518    0.00833518 
0.18314    4.05531e-236    8.85706e-11    4.05531e-236    5.08047e-13    0.00836941    0.00836941 
0.182805    1.49582e-236    8.85681e-11    1.49582e-236    5.07974e-13    0.00836941    0.00836941 
0.182472    5.54033e-237    8.85655e-11    5.54033e-237    5.07902e-13    0.00840426    0.00840426 
0.182139    2.05218e-237    8.85629e-11    2.05218e-237    5.0783e-13    0.00843975    0.00843975 
0.181808    7.60182e-238    8.85604e-11    7.60182e-238    5.07759e-13    0.00847587    0.00847587 
0.181478    2.81606e-238    8.85579e-11    2.81606e-238    5.07688e-13    0.00851262    0.00851262 
0.18115    1.04325e-238    8.85554e-11    1.04325e-238    5.07617e-13    0.00854999    0.00854999 
0.180822    3.86504e-239    8.85529e-11    3.86504e-239    5.07547e-13    0.00858797    0.00858797 
0.180496    1.43199e-239    8.85504e-11    1.43199e-239    5.07477e-13    0.00862655    0.00862655 
0.18017    5.28173e-240    8.85479e-11    5.28173e-240    5.07407e-13    0.00862655    0.00862655 
0.179846    1.95694e-240    8.85455e-11    1.95694e-240    5.07338e-13    0.00866571    0.00866571 
0.179523    7.25101e-241    8.8543e-11    7.25101e-241    5.0727e-13    0.00870545    0.00870545 
0.179202    2.6868e-241    8.85406e-11    2.6868e-241    5.07201e-13    0.00874575    0.00874575 
0.178881    9.95603e-242    8.85382e-11    9.95603e-242    5.07133e-13    0.00878659    0.00878659 
0.178562    3.68937e-242    8.85358e-11    3.68937e-242    5.07066e-13    0.00882794    0.00882794 
0.178243    1.36719e-242    8.85334e-11    1.36719e-242    5.06999e-13    0.00886978    0.00886978 
0.177926    5.06663e-243    8.85311e-11    5.06663e-243    5.06932e-13    0.0089121    0.0089121 
0.17761    1.8687e-243    8.85287e-11    1.8687e-243    5.06866e-13    0.0089121    0.0089121 
0.177295    6.92526e-244    8.85264e-11    6.92526e-244    5.068e-13    0.00895486    0.00895486 
0.176981    2.5665e-244    8.8524e-11    2.5665e-244    5.06734e-13    0.00899803    0.00899803 
0.176669    9.51158e-245    8.85217e-11    9.51158e-245    5.06669e-13    0.00904159    0.00904159 
0.176357    3.52508e-245    8.85194e-11    3.52508e-245    5.06604e-13    0.0090855    0.0090855 
0.176047    1.30643e-245    8.85171e-11    1.30643e-245    5.0654e-13    0.00912972    0.00912972 
0.175737    4.81832e-246    8.85148e-11    4.81832e-246    5.06476e-13    0.00912972    0.00912972 
0.175429    1.78572e-246    8.85126e-11    1.78572e-246    5.06412e-13    0.00917423    0.00917423 
0.175122    6.61807e-247    8.85103e-11    6.61807e-247    5.06349e-13    0.00921898    0.00921898 
0.174815    2.45271e-247    8.85081e-11    2.45271e-247    5.06286e-13    0.00926394    0.00926394 
0.17451    9.08985e-248    8.85059e-11    9.08985e-248    5.06223e-13    0.00930907    0.00930907 
0.174206    3.36869e-248    8.85036e-11    3.36869e-248    5.06161e-13    0.00935433    0.00935433 
0.173903    1.24841e-248    8.85014e-11    1.24841e-248    5.06099e-13    0.00939966    0.00939966 
0.173601    4.60416e-249    8.84993e-11    4.60416e-249    5.06037e-13    0.00939966    0.00939966 
0.1733    1.70622e-249    8.84971e-11    1.70622e-249    5.05976e-13    0.00944504    0.00944504 
0.173001    6.32275e-250    8.84949e-11    6.32275e-250    5.05915e-13    0.00949041    0.00949041 
0.172702    2.34295e-250    8.84928e-11    2.34295e-250    5.05854e-13    0.00953574    0.00953574 
0.172404    8.6817e-251    8.84906e-11    8.6817e-251    5.05794e-13    0.00958097    0.00958097 
0.172107    3.21683e-251    8.84885e-11    3.21683e-251    5.05734e-13    0.00962606    0.00962606 
0.171812    1.18634e-251    8.84864e-11    1.18634e-251    5.05675e-13    0.00962606    0.00962606 
0.171517    4.39554e-252    8.84843e-11    4.39554e-252    5.05616e-13    0.00967096    0.00967096 
0.171223    1.62852e-252    8.84822e-11    1.62852e-252    5.05557e-13    0.00971564    0.00971564 
0.17093    6.03322e-253    8.84801e-11    6.03322e-253    5.05498e-13    0.00976004    0.00976004 
0.170639    2.23502e-253    8.8478e-11    2.23502e-253    5.0544e-13    0.00980412    0.00980412 
0.170348    8.27916e-254    8.84759e-11    8.27916e-254    5.05382e-13    0.00984783    0.00984783 
0.170058    3.05321e-254    8.84739e-11    3.05321e-254    5.05324e-13    0.00984783    0.00984783 
0.16977    1.13092e-254    8.84718e-11    1.13092e-254    5.05267e-13    0.00989114    0.00989114 
0.169482    4.18868e-255    8.84698e-11    4.18868e-255    5.0521e-13    0.009934    0.009934 
0.169195    1.55128e-255    8.84678e-11    1.55128e-255    5.05153e-13    0.00997637    0.00997637 
0.168909    5.74475e-256    8.84658e-11    5.74475e-256    5.05097e-13    0.0100182    0.0100182 
0.168624    2.11852e-256    8.84638e-11    2.11852e-256    5.0504e-13    0.0100182    0.0100182 
0.16834    7.84473e-257    8.84618e-11    7.84473e-257    5.04985e-13    0.0100595    0.0100595 
0.168058    2.90461e-257    8.84598e-11    2.90461e-257    5.04929e-13    0.0101001    0.0101001 
0.167776    1.07538e-257    8.84578e-11    1.07538e-257    5.04874e-13    0.0101402    0.0101402 
0.167494    3.98106e-258    8.84559e-11    3.98106e-258    5.04819e-13    0.0101795    0.0101795 
0.167214    1.46808e-258    8.84539e-11    1.46808e-258    5.04764e-13    0.0101795    0.0101795 
0.166935    5.43436e-259    8.8452e-11    5.43436e-259    5.0471e-13    0.0102182    0.0102182 
0.166657    2.01144e-259    8.84501e-11    2.01144e-259    5.04655e-13    0.0102561    0.0102561 
0.16638    7.44432e-260    8.84481e-11    7.44432e-260    5.04602e-13    0.0102933    0.0102933 
0.166103    2.75489e-260    8.84462e-11    2.75489e-260    5.04548e-13    0.0103297    0.0103297 
0.165828    1.01589e-260    8.84443e-11    1.01589e-260    5.04495e-13    0.0103297    0.0103297 
0.165553    3.75911e-261    8.84424e-11    3.75911e-261    5.04441e-13    0.0103654    0.0103654 
0.16528    1.39085e-261    8.84405e-11    1.39085e-261    5.04389e-13    0.0104002    0.0104002 
0.165007    5.14561e-262    8.84387e-11    5.14561e-262    5.04336e-13    0.0104342    0.0104342 
0.164735    1.9035e-262    8.84368e-11    1.9035e-262    5.04284e-13    0.0104674    0.0104674 
0.164464    7.01919e-263    8.84349e-11    7.01919e-263    5.04231e-13    0.0104674    0.0104674 
0.164194    2.59633e-263    8.84331e-11    2.59633e-263    5.04179e-13    0.0104998    0.0104998 
0.163925    9.6027e-264    8.84312e-11    9.6027e-264    5.04128e-13    0.0105313    0.0105313 
0.163656    3.5513e-264    8.84294e-11    3.5513e-264    5.04076e-13    0.010562    0.010562 
0.163389    1.31323e-264    8.84276e-11    1.31323e-264    5.04025e-13    0.0105919    0.0105919 
0.163123    4.84247e-265    8.84258e-11    4.84247e-265    5.03974e-13    0.0105919    0.0105919 
0.162857    1.79053e-265    8.84239e-11    1.79053e-265    5.03924e-13    0.0106209    0.0106209 
0.162592    6.61999e-266    8.84221e-11    6.61999e-266    5.03873e-13    0.0106492    0.0106492 
0.162328    2.44735e-266    8.84203e-11    2.44735e-266    5.03823e-13    0.0106766    0.0106766 
0.162065    9.04688e-267    8.84186e-11    9.04688e-267    5.03773e-13    0.0107033    0.0107033 
0.161803    3.33592e-267    8.84168e-11    3.33592e-267    5.03723e-13    0.0107033    0.0107033 
0.161541    1.23306e-267    8.8415e-11    1.23306e-267    5.03673e-13    0.0107293    0.0107293 
0.161281    4.55739e-268    8.84132e-11    4.55739e-268    5.03624e-13    0.0107545    0.0107545 
0.161021    1.68429e-268    8.84115e-11    1.68429e-268    5.03575e-13    0.010779    0.010779 
0.160762    6.21051e-269    8.84097e-11    6.21051e-269    5.03526e-13    0.010779    0.010779 
0.160504    2.29507e-269    8.8408e-11    2.29507e-269    5.03477e-13    0.0108029    0.0108029 
0.160247    8.48075e-270    8.84063e-11    8.48075e-270    5.03428e-13    0.0108261    0.0108261 
0.15999    3.13361e-270    8.84045e-11    3.13361e-270    5.0338e-13    0.0108487    0.0108487 
0.159735    1.15779e-270    8.84028e-11    1.15779e-270    5.03332e-13    0.0108707    0.0108707 
0.15948    4.26906e-271    8.84011e-11    4.26906e-271    5.03284e-13    0.0108707    0.0108707 
0.159226    1.57722e-271    8.83994e-11    1.57722e-271    5.03236e-13    0.0108922    0.0108922 
0.158973    5.82675e-272    8.83977e-11    5.82675e-272    5.03188e-13    0.0109132    0.0109132 
0.158721    2.15249e-272    8.8396e-11    2.15249e-272    5.03141e-13    0.0109338    0.0109338 
0.158469    7.93664e-273    8.83943e-11    7.93664e-273    5.03093e-13    0.0109338    0.0109338 
0.158218    2.93178e-273    8.83926e-11    2.93178e-273    5.03046e-13    0.010954    0.010954 
0.157968    1.08295e-273    8.83909e-11    1.08295e-273    5.03e-13    0.0109738    0.0109738 
0.157719    4.00009e-274    8.83893e-11    4.00009e-274    5.02953e-13    0.0109933    0.0109933 
0.157471    1.47489e-274    8.83876e-11    1.47489e-274    5.02906e-13    0.0109933    0.0109933 
0.157223    5.44761e-275    8.8386e-11    5.44761e-275    5.0286e-13    0.0110125    0.0110125 
0.156976    2.01206e-275    8.83843e-11    2.01206e-275    5.02814e-13    0.0110316    0.0110316 
0.15673    7.43136e-276    8.83827e-11    7.43136e-276    5.02768e-13    0.0110505    0.0110505 
0.156485    2.74e-276    8.8381e-11    2.74e-276    5.02722e-13    0.0110505    0.0110505 
0.156241    1.01197e-276    8.83794e-11    1.01197e-276    5.02677e-13    0.0110692    0.0110692 
0.155997    3.73749e-277    8.83778e-11    3.73749e-277    5.02631e-13    0.0110879    0.0110879 
0.155754    1.38035e-277    8.83762e-11    1.38035e-277    5.02586e-13    0.0111066    0.0111066 
0.155512    5.08937e-278    8.83746e-11    5.08937e-278    5.02541e-13    0.0111066    0.0111066 
0.15527    1.87962e-278    8.83729e-11    1.87962e-278    5.02496e-13    0.0111253    0.0111253 
0.155029    6.94187e-279    8.83713e-11    6.94187e-279    5.02451e-13    0.0111441    0.0111441 
0.154789    2.5638e-279    8.83698e-11    2.5638e-279    5.02407e-13    0.011163    0.011163 
0.15455    9.45268e-280    8.83682e-11    9.45268e-280    5.02362e-13    0.011163    0.011163 
0.154312    3.49113e-280    8.83666e-11    3.49113e-280    5.02318e-13    0.0111821    0.0111821 
0.154074    1.28938e-280    8.8365e-11    1.28938e-280    5.02274e-13    0.0112015    0.0112015 
0.153837    4.7622e-281    8.83634e-11    4.7622e-281    5.0223e-13    0.0112211    0.0112211 
0.1536    1.75579e-281    8.83619e-11    1.75579e-281    5.02187e-13    0.0112211    0.0112211 
0.153365    6.4849e-282    8.83603e-11    6.4849e-282    5.02143e-13    0.011241    0.011241 
0.15313    2.39523e-282    8.83588e-11    2.39523e-282    5.021e-13    0.0112613    0.0112613 
0.152896    8.84716e-283    8.83572e-11    8.84716e-283    5.02056e-13    0.011282    0.011282 
0.152662    3.26183e-283    8.83557e-11    3.26183e-283    5.02013e-13    0.011282    0.011282 
0.15243    1.20484e-283    8.83541e-11    1.20484e-283    5.01971e-13    0.0113031    0.0113031 
0.152198    4.45055e-284    8.83526e-11    4.45055e-284    5.01928e-13    0.0113247    0.0113247 
0.151966    1.64405e-284    8.83511e-11    1.64405e-284    5.01885e-13    0.0113469    0.0113469 
0.151736    6.06131e-285    8.83496e-11    6.06131e-285    5.01843e-13    0.0113469    0.0113469 
0.151506    2.23915e-285    8.83481e-11    2.23915e-285    5.01801e-13    0.0113696    0.0113696 
0.151277    8.27217e-286    8.83466e-11    8.27217e-286    5.01759e-13    0.0113928    0.0113928 
0.151048    3.05616e-286    8.83451e-11    3.05616e-286    5.01717e-13    0.0114167    0.0114167 
0.15082    1.12674e-286    8.83436e-11    1.12674e-286    5.01675e-13    0.0114167    0.0114167 
0.150593    4.16292e-287    8.83421e-11    4.16292e-287    5.01633e-13    0.0114413    0.0114413 
0.150367    1.53814e-287    8.83406e-11    1.53814e-287    5.01592e-13    0.0114665    0.0114665 
0.150141    5.67071e-288    8.83391e-11    5.67071e-288    5.01551e-13    0.0114665    0.0114665 
0.149916    2.09535e-288    8.83376e-11    2.09535e-288    5.0151e-13    0.0114924    0.0114924 
0.149691    7.74284e-289    8.83362e-11    7.74284e-289    5.01469e-13    0.011519    0.011519 
0.149467    2.86133e-289    8.83347e-11    2.86133e-289    5.01428e-13    0.0115464    0.0115464 
0.149244    1.05488e-289    8.83333e-11    1.05488e-289    5.01387e-13    0.0115464    0.0115464 
0.149022    3.89845e-290    8.83318e-11    3.89845e-290    5.01347e-13    0.0115745    0.0115745 
0.1488    1.44081e-290    8.83304e-11    1.44081e-290    5.01307e-13    0.0116034    0.0116034 
0.148579    5.31176e-291    8.83289e-11    5.31176e-291    5.01267e-13    0.0116034    0.0116034 
0.148359    1.96325e-291    8.83275e-11    1.96325e-291    5.01227e-13    0.011633    0.011633 
0.148139    7.25669e-292    8.83261e-11    7.25669e-292    5.01187e-13    0.0116635    0.0116635 
0.14792    2.68243e-292    8.83247e-11    2.68243e-292    5.01147e-13    0.0116947    0.0116947 
0.147701    9.88901e-293    8.83232e-11    9.88901e-293    5.01108e-13    0.0116947    0.0116947 
0.147483    3.65565e-293    8.83218e-11    3.65565e-293    5.01068e-13    0.0117268    0.0117268 
0.147266    1.35146e-293    8.83204e-11    1.35146e-293    5.01029e-13    0.0117596    0.0117596 
0.14705    4.98222e-294    8.8319e-11    4.98222e-294    5.0099e-13    0.0117596    0.0117596 
0.146834    1.84197e-294    8.83176e-11    1.84197e-294    5.00951e-13    0.0117932    0.0117932 
0.146618    6.81028e-295    8.83162e-11    6.81028e-295    5.00913e-13    0.0118276    0.0118276 
0.146404    2.51809e-295    8.83149e-11    2.51809e-295    5.00874e-13    0.0118628    0.0118628 
0.14619    9.28297e-296    8.83135e-11    9.28297e-296    5.00836e-13    0.0118628    0.0118628 
0.145976    3.43254e-296    8.83121e-11    3.43254e-296    5.00798e-13    0.0118988    0.0118988 
0.145763    1.26931e-296    8.83108e-11    1.26931e-296    5.0076e-13    0.0119355    0.0119355 
0.145551    4.67927e-297    8.83094e-11    4.67927e-297    5.00722e-13    0.0119355    0.0119355 
0.14534    1.73041e-297    8.8308e-11    1.73041e-297    5.00684e-13    0.011973    0.011973 
0.145129    6.39941e-298    8.83067e-11    6.39941e-298    5.00646e-13    0.0120112    0.0120112 
0.144918    2.36674e-298    8.83053e-11    2.36674e-298    5.00609e-13    0.0120501    0.0120501 
0.144709    8.72482e-299    8.8304e-11    8.72482e-299    5.00572e-13    0.0120501    0.0120501 
0.144499    3.22689e-299    8.83027e-11    3.22689e-299    5.00534e-13    0.0120896    0.0120896 
0.144291    1.19352e-299    8.83014e-11    1.19352e-299    5.00497e-13    0.0121299    0.0121299 
0.144083    4.39978e-300    8.83e-11    4.39978e-300    5.00461e-13    0.0121299    0.0121299 
0.143876    1.62738e-300    8.82987e-11    1.62738e-300    5.00424e-13    0.0121706    0.0121706 
0.143669    6.01953e-301    8.82974e-11    6.01953e-301    5.00387e-13    0.012212    0.012212 
0.143463    2.21901e-301    8.82961e-11    2.21901e-301    5.00351e-13    0.012212    0.012212 
0.143257    8.20813e-302    8.82948e-11    8.20813e-302    5.00315e-13    0.012254    0.012254 
0.143052    3.03628e-302    8.82935e-11    3.03628e-302    5.00279e-13    0.0122964    0.0122964 
0.142848    1.11927e-302    8.82922e-11    1.11927e-302    5.00243e-13    0.0122964    0.0122964 
0.142644    4.14038e-303    8.82909e-11    4.14038e-303    5.00207e-13    0.0123393    0.0123393 
0.142441    1.53163e-303    8.82897e-11    1.53163e-303    5.00171e-13    0.0123827    0.0123827 
0.142238    5.66595e-304    8.82884e-11    5.66595e-304    5.00136e-13    0.0124264    0.0124264 
0.142036    2.08863e-304    8.82871e-11    2.08863e-304    5.00101e-13    0.0124264    0.0124264 
0.141835    7.72651e-305    8.82858e-11    7.72651e-305    5.00065e-13    0.0124704    0.0124704 
0.141634    2.85831e-305    8.82846e-11    2.85831e-305    5.0003e-13    0.0125147    0.0125147 
0.141434    1.05364e-305    8.82833e-11    1.05364e-305    4.99995e-13    0.0125147    0.0125147 
0.141234    3.89781e-306    8.82821e-11    3.89781e-306    4.99961e-13    0.0125593    0.0125593 
0.141035    1.44194e-306    8.82808e-11    1.44194e-306    4.99926e-13    0.012604    0.012604 
0.140836    5.31528e-307    8.82796e-11    5.31528e-307    4.99892e-13    0.012604    0.012604 
0.140638    1.96629e-307    8.82784e-11    1.96629e-307    4.99857e-13    0.0126488    0.0126488 
0.14044    7.27384e-308    8.82771e-11    7.27384e-308    4.99823e-13    0.0126937    0.0126937 
0.140243    2.68127e-308    8.82759e-11    2.68127e-308    4.99789e-13    0.0126937    0.0126937 
0.140047    9.91856e-309    8.82747e-11    9.91856e-309    4.99755e-13    0.0127386    0.0127386 
0.139851    3.66902e-309    8.82735e-11    3.66902e-309    4.99721e-13    0.0127835    0.0127835 
0.139656    1.35245e-309    8.82723e-11    1.35245e-309    4.99688e-13    0.0127835    0.0127835 
0.139461    5.00277e-310    8.82711e-11    5.00277e-310    4.99654e-13    0.0128282    0.0128282 
0.139267    1.8505e-310    8.82699e-11    1.8505e-310    4.99621e-13    0.0128728    0.0128728 
0.139073    6.82114e-311    8.82687e-11    6.82114e-311    4.99588e-13    0.0128728    0.0128728 
0.13888    2.523e-311    8.82675e-11    2.523e-311    4.99554e-13    0.0129172    0.0129172 
0.138687    9.33171e-312    8.82663e-11    9.33171e-312    4.99521e-13    0.0129612    0.0129612 
0.138495    3.43975e-312    8.82651e-11    3.43975e-312    4.99489e-13    0.0129612    0.0129612 
0.138304    1.27219e-312    8.8264e-11    1.27219e-312    4.99456e-13    0.0130049    0.0130049 
0.138113    4.70498e-313    8.82628e-11    4.70498e-313    4.99423e-13    0.0130482    0.0130482 
0.137922    1.73428e-313    8.82616e-11    1.73428e-313    4.99391e-13    0.0130482    0.0130482 
0.137732    6.4136e-314    8.82605e-11    6.4136e-314    4.99359e-13    0.013091    0.013091 
0.137543    2.3717e-314    8.82593e-11    2.3717e-314    4.99326e-13    0.0131333    0.0131333 
0.137354    8.74214e-315    8.82581e-11    8.74214e-315    4.99294e-13    0.0131333    0.0131333 
0.137165    3.23261e-315    8.8257e-11    3.23261e-315    4.99262e-13    0.013175    0.013175 
0.136977    1.19525e-315    8.82559e-11    1.19525e-315    4.99231e-13    0.0132161    0.0132161 
0.13679    4.40567e-316    8.82547e-11    4.40567e-316    4.99199e-13    0.0132161    0.0132161 
0.136603    1.62889e-316    8.82536e-11    1.62889e-316    4.99167e-13    0.0132564    0.0132564 
0.136417    6.0219e-317    8.82524e-11    6.0219e-317    4.99136e-13    0.013296    0.013296 
0.136231    2.21964e-317    8.82513e-11    2.21964e-317    4.99104e-13    0.013296    0.013296 
0.136045    8.20534e-318    8.82502e-11    8.20534e-318    4.99073e-13    0.0133348    0.0133348 
0.135861    3.03325e-318    8.82491e-11    3.03325e-318    4.99042e-13    0.0133728    0.0133728 
0.135676    1.11791e-318    8.8248e-11    1.11791e-318    4.99011e-13    0.0133728    0.0133728 
0.135492    4.13439e-319    8.82469e-11    4.13439e-319    4.9898e-13    0.0134098    0.0134098 
0.135309    1.52385e-319    8.82457e-11    1.52385e-319    4.9895e-13    0.0134459    0.0134459 
0.135126    5.64766e-320    8.82446e-11    5.64766e-320    4.98919e-13    0.0134459    0.0134459 
0.134944    2.10126e-320    8.82435e-11    2.10126e-320    4.98888e-13    0.013481    0.013481 
0.134762    7.74201e-321    8.82425e-11    7.74201e-321    4.98858e-13    0.0135152    0.0135152 
0.134581    2.82111e-321    8.82414e-11    2.82111e-321    4.98828e-13    0.0135152    0.0135152 
0.1344    7.06514e-322    8.82403e-11    7.06514e-322    4.98797e-13    0.0135483    0.0135483 
0.134219    7.11455e-322    8.82392e-11    7.11455e-322    4.98767e-13    0.0135801    0.0135801 
0.134039    0    8.82381e-11    0    4.98737e-13    0.0135801    0.0135801 
0.13386    0    8.8237e-11    0    4.98707e-13    0.0136111    0.0136111 
0.133681    0    8.8236e-11    0    4.98678e-13    0.0136111    0.0136111 
0.133502    0    8.82349e-11    0    4.98648e-13    0.0136408    0.0136408 
0.133324    0    8.82338e-11    0    4.98618e-13    0.0136694    0.0136694 
0.133147    0    8.82328e-11    0    4.98589e-13    0.0136694    0.0136694 
0.13297    0    8.82317e-11    0    4.98559e-13    0.0136969    0.0136969 
0.132793    0    8.82307e-11    0    4.9853e-13    0.0137231    0.0137231 
0.132617    0    8.82296e-11    0    4.98501e-13    0.0137231    0.0137231 
0.132441    0    8.82286e-11    0    4.98472e-13    0.0137482    0.0137482 
0.132266    0    8.82275e-11    0    4.98443e-13    0.0137721    0.0137721 
0.132092    0    8.82265e-11    0    4.98414e-13    0.0137721    0.0137721 
0.131917    0    8.82254e-11    0    4.98385e-13    0.0137948    0.0137948 
0.131743    0    8.82244e-11    0    4.98356e-13    0.0138164    0.0138164 
0.13157    0    8.82234e-11    0    4.98328e-13    0.0138164    0.0138164 
0.131397    0    8.82223e-11    0    4.98299e-13    0.0138367    0.0138367 
0.131225    0    8.82213e-11    0    4.98271e-13    0.0138367    0.0138367 
0.131053    0    8.82203e-11    0    4.98242e-13    0.0138559    0.0138559 
0.130881    0    8.82193e-11    0    4.98214e-13    0.0138741    0.0138741 
0.13071    0    8.82183e-11    0    4.98186e-13    0.0138741    0.0138741 
0.13054    0    8.82173e-11    0    4.98158e-13    0.013891    0.013891 
0.130369    0    8.82162e-11    0    4.9813e-13    0.0139069    0.0139069 
0.1302    0    8.82152e-11    0    4.98102e-13    0.0139069    0.0139069 
0.13003    0    8.82142e-11    0    4.98074e-13    0.0139217    0.0139217 
0.129861    0    8.82132e-11    0    4.98046e-13    0.0139217    0.0139217 
0.129693    0    8.82122e-11    0    4.98019e-13    0.0139355    0.0139355 
0.129525    0    8.82113e-11    0    4.97991e-13    0.0139483    0.0139483 
0.129357    0    8.82103e-11    0    4.97964e-13    0.0139483    0.0139483 
0.12919    0    8.82093e-11    0    4.97936e-13    0.0139602    0.0139602 
0.129024    0    8.82083e-11    0    4.97909e-13    0.0139711    0.0139711 
0.128857    0    8.82073e-11    0    4.97882e-13    0.0139711    0.0139711 
0.128691    0    8.82063e-11    0    4.97854e-13    0.0139812    0.0139812 
0.128526    0    8.82053e-11    0    4.97827e-13    0.0139812    0.0139812 
0.128361    0    8.82044e-11    0    4.978e-13    0.0139905    0.0139905 
0.128196    0    8.82034e-11    0    4.97773e-13    0.013999    0.013999 
0.128032    0    8.82024e-11    0    4.97746e-13    0.013999    0.013999 
0.127869    0    8.82015e-11    0    4.97719e-13    0.0140067    0.0140067 
0.127705    0    8.82005e-11    0    4.97693e-13    0.0140139    0.0140139 
0.127542    0    8.81995e-11    0    4.97666e-13    0.0140139    0.0140139 
0.12738    0    8.81986e-11    0    4.97639e-13    0.0140203    0.0140203 
0.127218    0    8.81976e-11    0    4.97613e-13    0.0140203    0.0140203 
0.127056    0    8.81967e-11    0    4.97587e-13    0.0140263    0.0140263 
0.126895    0    8.81957e-11    0    4.9756e-13    0.0140318    0.0140318 
0.126734    0    8.81948e-11    0    4.97534e-13    0.0140318    0.0140318 
0.126574    0    8.81938e-11    0    4.97508e-13    0.0140367    0.0140367 
0.126414    0    8.81929e-11    0    4.97481e-13    0.0140367    0.0140367 
0.126254    0    8.81919e-11    0    4.97455e-13    0.0140414    0.0140414 
0.126095    0    8.8191e-11    0    4.97429e-13    0.0140457    0.0140457 
0.125936    0    8.81901e-11    0    4.97403e-13    0.0140457    0.0140457 
0.125778    0    8.81891e-11    0    4.97378e-13    0.0140497    0.0140497 
0.12562    0    8.81882e-11    0    4.97352e-13    0.0140497    0.0140497 
0.125462    0    8.81873e-11    0    4.97326e-13    0.0140535    0.0140535 
0.125305    0    8.81864e-11    0    4.973e-13    0.0140571    0.0140571 
0.125148    0    8.81854e-11    0    4.97275e-13    0.0140571    0.0140571 
0.124991    0    8.81845e-11    0    4.97249e-13    0.0140606    0.0140606 
0.124835    0    8.81836e-11    0    4.97224e-13    0.0140642    0.0140642 
0.12468    0    8.81827e-11    0    4.97198e-13    0.0140642    0.0140642 
0.124524    0    8.81818e-11    0    4.97173e-13    0.0140676    0.0140676 
0.12437    0    8.81808e-11    0    4.97148e-13    0.0140676    0.0140676 
0.124215    0    8.81799e-11    0    4.97122e-13    0.0140713    0.0140713 
0.124061    0    8.8179e-11    0    4.97097e-13    0.014075    0.014075 
0.123907    0    8.81781e-11    0    4.97072e-13    0.014075    0.014075 
0.123754    0    8.81772e-11    0    4.97047e-13    0.014079    0.014079 
0.123601    0    8.81763e-11    0    4.97022e-13    0.014079    0.014079 
0.123448    0    8.81754e-11    0    4.96997e-13    0.014083    0.014083 
0.123296    0    8.81745e-11    0    4.96973e-13    0.0140874    0.0140874 
0.123144    0    8.81736e-11    0    4.96948e-13    0.0140874    0.0140874 
0.122993    0    8.81728e-11    0    4.96923e-13    0.0140921    0.0140921 
0.122842    0    8.81719e-11    0    4.96899e-13    0.0140921    0.0140921 
0.122691    0    8.8171e-11    0    4.96874e-13    0.0140972    0.0140972 
0.122541    0    8.81701e-11    0    4.9685e-13    0.0140972    0.0140972 
0.122391    0    8.81692e-11    0    4.96825e-13    0.0141027    0.0141027 
0.122241    0    8.81683e-11    0    4.96801e-13    0.0141087    0.0141087 
0.122092    0    8.81675e-11    0    4.96776e-13    0.0141087    0.0141087 
0.121943    0    8.81666e-11    0    4.96752e-13    0.014115    0.014115 
0.121794    0    8.81657e-11    0    4.96728e-13    0.014115    0.014115 
0.121646    0    8.81648e-11    0    4.96704e-13    0.0141221    0.0141221 
0.121498    0    8.8164e-11    0    4.9668e-13    0.0141296    0.0141296 
0.121351    0    8.81631e-11    0    4.96656e-13    0.0141296    0.0141296 
0.121204    0    8.81622e-11    0    4.96632e-13    0.0141376    0.0141376 
0.121057    0    8.81614e-11    0    4.96608e-13    0.0141376    0.0141376 
0.120911    0    8.81605e-11    0    4.96584e-13    0.0141463    0.0141463 
0.120765    0    8.81597e-11    0    4.96561e-13    0.0141557    0.0141557 
0.120619    0    8.81588e-11    0    4.96537e-13    0.0141557    0.0141557 
0.120474    0    8.8158e-11    0    4.96513e-13    0.0141657    0.0141657 
0.120329    0    8.81571e-11    0    4.9649e-13    0.0141657    0.0141657 
0.120184    0    8.81563e-11    0    4.96466e-13    0.0141764    0.0141764 
0.12004    0    8.81554e-11    0    4.96443e-13    0.0141764    0.0141764 
0.119896    0    8.81546e-11    0    4.9642e-13    0.0141877    0.0141877 
0.119752    0    8.81537e-11    0    4.96396e-13    0.0142    0.0142 
0.119609    0    8.81529e-11    0    4.96373e-13    0.0142    0.0142 
0.119466    0    8.81521e-11    0    4.9635e-13    0.0142127    0.0142127 
0.119323    0    8.81512e-11    0    4.96327e-13    0.0142127    0.0142127 
0.119181    0    8.81504e-11    0    4.96304e-13    0.0142264    0.0142264 
0.119039    0    8.81496e-11    0    4.96281e-13    0.0142264    0.0142264 
0.118898    0    8.81487e-11    0    4.96258e-13    0.0142406    0.0142406 
0.118757    0    8.81479e-11    0    4.96235e-13    0.0142558    0.0142558 
0.118616    0    8.81471e-11    0    4.96212e-13    0.0142558    0.0142558 
0.118475    0    8.81463e-11    0    4.9619e-13    0.0142717    0.0142717 
0.118335    0    8.81454e-11    0    4.96167e-13    0.0142717    0.0142717 
0.118195    0    8.81446e-11    0    4.96144e-13    0.0142882    0.0142882 
0.118055    0    8.81438e-11    0    4.96122e-13    0.0142882    0.0142882 
0.117916    0    8.8143e-11    0    4.96099e-13    0.0143057    0.0143057 
0.117777    0    8.81422e-11    0    4.96077e-13    0.0143237    0.0143237 
0.117639    0    8.81414e-11    0    4.96055e-13    0.0143237    0.0143237 
0.117501    0    8.81406e-11    0    4.96032e-13    0.0143425    0.0143425 
0.117363    0    8.81398e-11    0    4.9601e-13    0.0143425    0.0143425 
0.117225    0    8.8139e-11    0    4.95988e-13    0.0143621    0.0143621 
0.117088    0    8.81382e-11    0    4.95966e-13    0.0143621    0.0143621 
0.116951    0    8.81374e-11    0    4.95944e-13    0.0143824    0.0143824 
0.116814    0    8.81366e-11    0    4.95922e-13    0.0144033    0.0144033 
0.116678    0    8.81358e-11    0    4.959e-13    0.0144033    0.0144033 
0.116542    0    8.8135e-11    0    4.95878e-13    0.0144252    0.0144252 
0.116406    0    8.81342e-11    0    4.95856e-13    0.0144252    0.0144252 
0.116271    0    8.81334e-11    0    4.95834e-13    0.0144474    0.0144474 
0.116136    0    8.81327e-11    0    4.95813e-13    0.0144474    0.0144474 
0.116001    0    8.81319e-11    0    4.95791e-13    0.0144704    0.0144704 
0.115867    0    8.81311e-11    0    4.9577e-13    0.0144704    0.0144704 
0.115733    0    8.81303e-11    0    4.95748e-13    0.0144939    0.0144939 
0.115599    0    8.81295e-11    0    4.95727e-13    0.0145181    0.0145181 
0.115465    0    8.81288e-11    0    4.95705e-13    0.0145181    0.0145181 
0.115332    0    8.8128e-11    0    4.95684e-13    0.0145428    0.0145428 
0.115199    0    8.81272e-11    0    4.95663e-13    0.0145428    0.0145428 
0.115067    0    8.81265e-11    0    4.95642e-13    0.014568    0.014568 
0.114934    0    8.81257e-11    0    4.9562e-13    0.014568    0.014568 
0.114802    0    8.81249e-11    0    4.95599e-13    0.0145937    0.0145937 
0.114671    0    8.81242e-11    0    4.95578e-13    0.0145937    0.0145937 
0.114539    0    8.81234e-11    0    4.95557e-13    0.0146199    0.0146199 
0.114408    0    8.81227e-11    0    4.95537e-13    0.0146466    0.0146466 
0.114278    0    8.81219e-11    0    4.95516e-13    0.0146466    0.0146466 
0.114147    0    8.81212e-11    0    4.95495e-13    0.0146735    0.0146735 
0.114017    0    8.81204e-11    0    4.95474e-13    0.0146735    0.0146735 
0.113887    0    8.81197e-11    0    4.95454e-13    0.0147007    0.0147007 
0.113758    0    8.81189e-11    0    4.95433e-13    0.0147007    0.0147007 
0.113628    0    8.81182e-11    0    4.95412e-13    0.0147284    0.0147284 
0.113499    0    8.81174e-11    0    4.95392e-13    0.0147284    0.0147284 
0.113371    0    8.81167e-11    0    4.95372e-13    0.0147563    0.0147563 
0.113242    0    8.8116e-11    0    4.95351e-13    0.0147841    0.0147841 
0.113114    0    8.81152e-11    0    4.95331e-13    0.0147841    0.0147841 
0.112986    0    8.81145e-11    0    4.95311e-13    0.0148126    0.0148126 
0.112859    0    8.81138e-11    0    4.95291e-13    0.0148126    0.0148126 
0.112731    0    8.8113e-11    0    4.9527e-13    0.0148408    0.0148408 
0.112605    0    8.81123e-11    0    4.9525e-13    0.0148408    0.0148408 
0.112478    0    8.81116e-11    0    4.9523e-13    0.0148695    0.0148695 
0.112351    0    8.81109e-11    0    4.9521e-13    0.0148695    0.0148695 
0.112225    0    8.81101e-11    0    4.9519e-13    0.0148981    0.0148981 
0.1121    0    8.81094e-11    0    4.95171e-13    0.0148981    0.0148981 
0.111974    0    8.81087e-11    0    4.95151e-13    0.0149265    0.0149265 
0.111849    0    8.8108e-11    0    4.95131e-13    0.0149551    0.0149551 
0.111724    0    8.81073e-11    0    4.95111e-13    0.0149551    0.0149551 
0.111599    0    8.81066e-11    0    4.95092e-13    0.0149833    0.0149833 
0.111475    0    8.81059e-11    0    4.95072e-13    0.0149833    0.0149833 
0.111351    0    8.81052e-11    0    4.95053e-13    0.0150115    0.0150115 
0.111227    0    8.81045e-11    0    4.95033e-13    0.0150115    0.0150115 
0.111103    0    8.81038e-11    0    4.95014e-13    0.0150398    0.0150398 
0.11098    0    8.81031e-11    0    4.94994e-13    0.0150398    0.0150398 
0.110857    0    8.81024e-11    0    4.94975e-13    0.0150675    0.0150675 
0.110734    0    8.81017e-11    0    4.94956e-13    0.0150675    0.0150675 
0.110611    0    8.8101e-11    0    4.94937e-13    0.0150951    0.0150951 
0.110489    0    8.81003e-11    0    4.94917e-13    0.0150951    0.0150951 
0.110367    0    8.80996e-11    0    4.94898e-13    0.0151225    0.0151225 
0.110246    0    8.80989e-11    0    4.94879e-13    0.0151225    0.0151225 
0.110124    0    8.80982e-11    0    4.9486e-13    0.0151493    0.0151493 
0.110003    0    8.80975e-11    0    4.94841e-13    0.0151758    0.0151758 
0.109882    0    8.80968e-11    0    4.94823e-13    0.0151758    0.0151758 
0.109762    0    8.80962e-11    0    4.94804e-13    0.0152019    0.0152019 
0.109641    0    8.80955e-11    0    4.94785e-13    0.0152019    0.0152019 
0.109521    0    8.80948e-11    0    4.94766e-13    0.0152276    0.0152276 
0.109401    0    8.80941e-11    0    4.94748e-13    0.0152276    0.0152276 
0.109282    0    8.80934e-11    0    4.94729e-13    0.0152528    0.0152528 
0.109162    0    8.80928e-11    0    4.9471e-13    0.0152528    0.0152528 
0.109043    0    8.80921e-11    0    4.94692e-13    0.0152776    0.0152776 
0.108925    0    8.80914e-11    0    4.94673e-13    0.0152776    0.0152776 
0.108806    0    8.80908e-11    0    4.94655e-13    0.0153019    0.0153019 
0.108688    0    8.80901e-11    0    4.94636e-13    0.0153019    0.0153019 
0.10857    0    8.80894e-11    0    4.94618e-13    0.0153251    0.0153251 
0.108452    0    8.80888e-11    0    4.946e-13    0.0153251    0.0153251 
0.108334    0    8.80881e-11    0    4.94582e-13    0.015348    0.015348 
0.108217    0    8.80874e-11    0    4.94563e-13    0.015348    0.015348 
0.1081    0    8.80868e-11    0    4.94545e-13    0.0153702    0.0153702 
0.107983    0    8.80861e-11    0    4.94527e-13    0.0153702    0.0153702 
0.107867    0    8.80855e-11    0    4.94509e-13    0.015392    0.015392 
0.107751    0    8.80848e-11    0    4.94491e-13    0.0154131    0.0154131 
0.107635    0    8.80842e-11    0    4.94473e-13    0.0154131    0.0154131 
0.107519    0    8.80835e-11    0    4.94455e-13    0.0154333    0.0154333 
0.107404    0    8.80829e-11    0    4.94437e-13    0.0154333    0.0154333 
0.107288    0    8.80822e-11    0    4.94419e-13    0.0154531    0.0154531 
0.107173    0    8.80816e-11    0    4.94402e-13    0.0154531    0.0154531 
0.107059    0    8.8081e-11    0    4.94384e-13    0.0154718    0.0154718 
0.106944    0    8.80803e-11    0    4.94366e-13    0.0154718    0.0154718 
0.10683    0    8.80797e-11    0    4.94349e-13    0.01549    0.01549 
0.106716    0    8.8079e-11    0    4.94331e-13    0.01549    0.01549 
0.106602    0    8.80784e-11    0    4.94313e-13    0.0155073    0.0155073 
0.106488    0    8.80778e-11    0    4.94296e-13    0.0155073    0.0155073 
0.106375    0    8.80771e-11    0    4.94278e-13    0.0155244    0.0155244 
0.106262    0    8.80765e-11    0    4.94261e-13    0.0155244    0.0155244 
0.106149    0    8.80759e-11    0    4.94244e-13    0.0155405    0.0155405 
0.106037    0    8.80752e-11    0    4.94226e-13    0.0155405    0.0155405 
0.105924    0    8.80746e-11    0    4.94209e-13    0.0155557    0.0155557 
0.105812    0    8.8074e-11    0    4.94192e-13    0.0155557    0.0155557 
0.1057    0    8.80734e-11    0    4.94174e-13    0.0155704    0.0155704 
0.105589    0    8.80727e-11    0    4.94157e-13    0.0155704    0.0155704 
0.105477    0    8.80721e-11    0    4.9414e-13    0.0155843    0.0155843 
0.105366    0    8.80715e-11    0    4.94123e-13    0.0155843    0.0155843 
0.105255    0    8.80709e-11    0    4.94106e-13    0.0155976    0.0155976 
0.105145    0    8.80703e-11    0    4.94089e-13    0.0155976    0.0155976 
0.105034    0    8.80696e-11    0    4.94072e-13    0.0156101    0.0156101 
0.104924    0    8.8069e-11    0    4.94055e-13    0.0156101    0.0156101 
0.104814    0    8.80684e-11    0    4.94038e-13    0.0156221    0.0156221 
0.104704    0    8.80678e-11    0    4.94021e-13    0.0156221    0.0156221 
0.104595    0    8.80672e-11    0    4.94004e-13    0.0156335    0.0156335 
0.104485    0    8.80666e-11    0    4.93988e-13    0.0156335    0.0156335 
0.104376    0    8.8066e-11    0    4.93971e-13    0.0156444    0.0156444 
0.104268    0    8.80654e-11    0    4.93954e-13    0.0156444    0.0156444 
0.104159    0    8.80648e-11    0    4.93938e-13    0.0156543    0.0156543 
0.104051    0    8.80642e-11    0    4.93921e-13    0.0156543    0.0156543 
0.103942    0    8.80636e-11    0    4.93904e-13    0.0156639    0.0156639 
0.103834    0    8.8063e-11    0    4.93888e-13    0.0156639    0.0156639 
0.103727    0    8.80624e-11    0    4.93871e-13    0.0156728    0.0156728 
0.103619    0    8.80618e-11    0    4.93855e-13    0.0156728    0.0156728 
0.103512    0    8.80612e-11    0    4.93838e-13    0.0156817    0.0156817 
0.103405    0    8.80606e-11    0    4.93822e-13    0.0156817    0.0156817 
0.103298    0    8.806e-11    0    4.93805e-13    0.0156898    0.0156898 
0.103192    0    8.80594e-11    0    4.93789e-13    0.0156898    0.0156898 
0.103085    0    8.80588e-11    0    4.93773e-13    0.0156975    0.0156975 
0.102979    0    8.80582e-11    0    4.93757e-13    0.0156975    0.0156975 
0.102873    0    8.80576e-11    0    4.9374e-13    0.0157047    0.0157047 
0.102767    0    8.8057e-11    0    4.93724e-13    0.0157047    0.0157047 
0.102662    0    8.80565e-11    0    4.93708e-13    0.0157116    0.0157116 
0.102556    0    8.80559e-11    0    4.93692e-13    0.0157116    0.0157116 
0.102451    0    8.80553e-11    0    4.93676e-13    0.0157182    0.0157182 
0.102347    0    8.80547e-11    0    4.9366e-13    0.0157182    0.0157182 
0.102242    0    8.80541e-11    0    4.93644e-13    0.0157246    0.0157246 
0.102137    0    8.80535e-11    0    4.93628e-13    0.0157246    0.0157246 
0.102033    0    8.8053e-11    0    4.93612e-13    0.0157305    0.0157305 
0.101929    0    8.80524e-11    0    4.93596e-13    0.0157305    0.0157305 
0.101825    0    8.80518e-11    0    4.9358e-13    0.0157362    0.0157362 
0.101722    0    8.80512e-11    0    4.93564e-13    0.0157362    0.0157362 
0.101618    0    8.80507e-11    0    4.93548e-13    0.0157422    0.0157422 
0.101515    0    8.80501e-11    0    4.93533e-13    0.0157422    0.0157422 
0.101412    0    8.80495e-11    0    4.93517e-13    0.0157478    0.0157478 
0.10131    0    8.80489e-11    0    4.93501e-13    0.0157478    0.0157478 
0.101207    0    8.80484e-11    0    4.93486e-13    0.0157529    0.0157529 
0.101105    0    8.80478e-11    0    4.9347e-13    0.0157529    0.0157529 
0.101003    0    8.80472e-11    0    4.93454e-13    0.0157587    0.0157587 
0.100901    0    8.80467e-11    0    4.93439e-13    0.0157587    0.0157587 
0.100799    0    8.80461e-11    0    4.93423e-13    0.0157638    0.0157638 
0.100697    0    8.80456e-11    0    4.93408e-13    0.0157638    0.0157638 
0.100596    0    8.8045e-11    0    4.93392e-13    0.015769    0.015769 
0.100495    0    8.80444e-11    0    4.93377e-13    0.015769    0.015769 
0.100394    0    8.80439e-11    0    4.93361e-13    0.0157747    0.0157747 
0.100293    0    8.80433e-11    0    4.93346e-13    0.0157747    0.0157747 
0.100193    0    8.80428e-11    0    4.93331e-13    0.0157801    0.0157801 
0.100093    0    8.80422e-11    0    4.93315e-13    0.0157801    0.0157801 
