0.1    1.61443e-24
0.125893    1.65922e-24
0.158489    1.70664e-24
0.199526    1.75143e-24
0.251189    1.79622e-24
0.316228    1.8331e-24
0.398107    1.86472e-24
0.501187    1.87789e-24
0.630957    1.87526e-24
0.794328    1.86472e-24
1    1.84891e-24
1.25893    1.8331e-24
1.58489    1.8173e-24
1.99526    1.80149e-24
2.51189    1.7567e-24
3.16228    1.66712e-24
3.98107    1.4827e-24
5.01187    1.26666e-24
6.30957    1.1481e-24
7.94328    1.07697e-24
10    1.0256e-24
12.5893    9.88711e-25
15.8489    9.61048e-25
19.9526    9.43923e-25
25.1189    9.34701e-25
31.6228    9.32067e-25
39.8107    9.32067e-25
50.1187    9.37336e-25
63.0957    9.4524e-25
79.4328    9.55778e-25
100    9.67634e-25
125.893    9.82124e-25
158.489    9.99249e-25
199.526    1.01637e-24
251.189    1.03482e-24
316.228    1.05458e-24
398.107    1.0717e-24
501.187    1.08883e-24
630.957    1.10332e-24
794.328    1.11517e-24
1000    1.12439e-24
1258.93    1.1323e-24
1584.89    1.13757e-24
1995.26    1.14547e-24
2511.89    1.15337e-24
3162.28    1.16391e-24
3981.07    1.17709e-24
5011.87    1.19026e-24
6309.57    1.20607e-24
7943.28    1.22451e-24
10000    1.24295e-24
