10    3.36708e-08    3.36708e-08    2.88129e-06    2.88129e-06    0.00322036    0.00322036 
9.375    1.35565e-08    1.3564e-08    1.61362e-06    1.61365e-06    0.00322279    0.00322279 
8.82353    5.42999e-09    5.43383e-09    8.99358e-07    8.99394e-07    0.00322481    0.00322481 
8.33333    2.16494e-09    2.16681e-09    4.99103e-07    4.99145e-07    0.00322643    0.00322643 
7.89474    8.59635e-10    8.60543e-10    2.75921e-07    2.75967e-07    0.00322791    0.00322791 
7.5    3.40082e-10    3.40537e-10    1.52012e-07    1.52064e-07    0.00322929    0.00322929 
7.14286    1.34094e-10    1.34334e-10    8.3485e-08    8.35426e-08    0.00323064    0.00323064 
6.81818    5.27118e-11    5.28491e-11    4.57182e-08    4.57817e-08    0.00323192    0.00323192 
6.52174    2.0664e-11    2.07489e-11    2.49712e-08    2.50406e-08    0.00323328    0.00323328 
6.25    8.07992e-12    8.13678e-12    1.36061e-08    1.36821e-08    0.00323459    0.00323459 
6    3.15204e-12    3.19212e-12    7.39727e-09    7.4796e-09    0.003236    0.003236 
5.76923    1.22697e-12    1.25622e-12    4.0134e-09    4.10215e-09    0.00323743    0.00323743 
5.55556    4.76656e-13    4.98354e-13    2.1733e-09    2.26815e-09    0.0032389    0.0032389 
5.35714    1.84831e-13    2.00951e-13    1.17479e-09    1.27485e-09    0.00324047    0.00324047 
5.17241    7.15438e-14    8.34103e-14    6.33965e-10    7.37684e-10    0.00324197    0.00324197 
5    2.76494e-14    3.62218e-14    3.41597e-10    4.46635e-10    0.00324367    0.00324367 
4.83871    1.06692e-14    1.67174e-14    1.83791e-10    2.8743e-10    0.00324539    0.00324539 
4.6875    4.11108e-15    8.27575e-15    9.87488e-11    1.98421e-10    0.0032471    0.0032471 
4.54545    1.58199e-15    4.39028e-15    5.29891e-11    1.46795e-10    0.00324893    0.00324893 
4.41176    6.07985e-16    2.4733e-15    2.83991e-11    1.15332e-10    0.00325073    0.00325073 
4.28571    2.33385e-16    1.46152e-15    1.52031e-11    9.50476e-11    0.00325265    0.00325265 
4.16667    8.94895e-17    8.95463e-16    8.13008e-12    8.12184e-11    0.00325468    0.00325468 
4.05405    3.42765e-17    5.63678e-16    4.34309e-12    7.13041e-11    0.00325667    0.00325667 
3.94737    1.31157e-17    3.62118e-16    2.31786e-12    6.38878e-11    0.00325877    0.00325877 
3.84615    5.01364e-18    2.36287e-16    1.23582e-12    5.81436e-11    0.0032608    0.0032608 
3.75    1.91492e-18    1.56076e-16    6.58378e-13    5.35671e-11    0.00326313    0.00326313 
3.65854    7.30731e-19    1.04105e-16    3.5044e-13    4.98364e-11    0.00326538    0.00326538 
3.57143    2.78603e-19    6.99957e-17    1.86374e-13    4.67373e-11    0.00326754    0.00326754 
3.48837    1.06147e-19    4.73736e-17    9.90509e-14    4.4122e-11    0.00327001    0.00327001 
3.40909    4.04095e-20    3.22411e-17    5.26012e-14    4.18855e-11    0.00327238    0.00327238 
3.33333    1.53718e-20    2.20462e-17    2.7913e-14    3.99511e-11    0.00327462    0.00327462 
3.26087    5.8439e-21    1.51363e-17    1.48035e-14    3.82616e-11    0.00327719    0.00327719 
3.19149    2.22009e-21    1.04288e-17    7.84549e-15    3.67732e-11    0.00327963    0.00327963 
3.125    8.42961e-22    7.20745e-18    4.15575e-15    3.5452e-11    0.00328241    0.00328241 
3.06122    3.19856e-22    4.99467e-18    2.19987e-15    3.42715e-11    0.00328505    0.00328505 
3    1.21289e-22    3.46956e-18    1.16378e-15    3.32103e-11    0.00328751    0.00328751 
2.94118    4.59713e-23    2.4153e-18    6.15388e-16    3.22512e-11    0.00329035    0.00329035 
2.88461    1.74136e-23    1.6846e-18    3.25215e-16    3.13801e-11    0.00329299    0.00329299 
2.83019    6.59285e-24    1.17699e-18    1.71782e-16    3.05856e-11    0.00329572    0.00329572 
2.77778    2.49487e-24    8.23618e-19    9.06949e-17    2.98579e-11    0.00329855    0.00329855 
