0.1    1.89633e-24
0.125893    1.94376e-24
0.158489    1.99382e-24
0.199526    2.04387e-24
0.251189    2.0913e-24
0.316228    2.13608e-24
0.398107    2.17033e-24
0.501187    2.19141e-24
0.630957    2.19141e-24
0.794328    2.1756e-24
1    2.15453e-24
1.25893    2.13345e-24
1.58489    2.11237e-24
1.99526    2.0913e-24
2.51189    2.05178e-24
3.16228    1.9701e-24
3.98107    1.79358e-24
5.01187    1.53276e-24
6.30957    1.36414e-24
7.94328    1.26666e-24
10    1.2008e-24
12.5893    1.15337e-24
15.8489    1.11649e-24
19.9526    1.09146e-24
25.1189    1.07697e-24
31.6228    1.06907e-24
39.8107    1.06775e-24
50.1187    1.07038e-24
63.0957    1.07697e-24
79.4328    1.08619e-24
100    1.09805e-24
125.893    1.11386e-24
158.489    1.12966e-24
199.526    1.1481e-24
251.189    1.16918e-24
316.228    1.18762e-24
398.107    1.20738e-24
501.187    1.22451e-24
630.957    1.24032e-24
794.328    1.25349e-24
1000    1.26403e-24
1258.93    1.27193e-24
1584.89    1.2772e-24
1995.26    1.28247e-24
2511.89    1.29037e-24
3162.28    1.30091e-24
3981.07    1.31145e-24
5011.87    1.32726e-24
6309.57    1.34307e-24
7943.28    1.36019e-24
10000    1.37995e-24
