6.66667    6.45152e-08    6.45152e-08    6.45102e-08    6.45102e-08    0.00308507    0.00308507 
6.25    2.59569e-08    2.67751e-08    2.59519e-08    2.67701e-08    0.00308507    0.00308507 
5.88235    1.03919e-08    1.11976e-08    1.03869e-08    1.11926e-08    0.00308507    0.00308507 
5.55555    4.14266e-09    4.91825e-09    4.13766e-09    4.91325e-09    0.00308507    0.00308507 
5.26316    1.64569e-09    2.36696e-09    1.64069e-09    2.36196e-09    0.00308507    0.00308507 
5    6.5229e-10    1.29684e-09    6.4729e-10    1.29184e-09    0.00308507    0.00308507 
4.7619    2.58613e-10    8.15512e-10    2.53613e-10    8.10512e-10    0.00308507    0.00308507 
4.54545    1.03164e-10    5.74993e-10    9.81636e-11    5.69993e-10    0.00308507    0.00308507 
4.34782    4.20123e-11    4.39807e-10    3.70123e-11    4.34807e-10    0.00308507    0.00308507 
4.16666    1.81141e-11    3.55384e-10    1.31141e-11    3.50384e-10    0.00308507    0.00308507 
3.99984    9.00405e-12    2.98028e-10    4.00405e-12    2.93028e-10    0.00308507    0.00308507 
3.84601    5.9217e-12    2.56749e-10    9.21703e-13    2.51749e-10    0.00308507    0.00308507 
3.70357    5.15951e-12    2.25585e-10    1.59505e-13    2.20585e-10    0.00308507    0.00308507 
3.5713    5.0246e-12    2.01227e-10    2.46035e-14    1.96227e-10    0.00308507    0.00308507 
3.44816    5.0037e-12    1.81666e-10    3.69828e-15    1.76666e-10    0.00308507    0.00308507 
3.33322    5.00055e-12    1.65611e-10    5.52132e-16    1.60611e-10    0.00308507    0.00308507 
3.2257    5.00008e-12    1.52198e-10    8.21334e-17    1.47198e-10    0.00308507    0.00308507 
3.1249    5.00001e-12    1.40824e-10    1.21818e-17    1.35824e-10    0.00308507    0.00308507 
3.03012    5e-12    1.31048e-10    1.7984e-18    1.26048e-10    0.00308507    0.00308507 
2.94092    5e-12    1.22563e-10    2.6482e-19    1.17563e-10    0.00308507    0.00308507 
2.85682    5e-12    1.15129e-10    3.89012e-20    1.10129e-10    0.00308507    0.00308507 
2.77739    5e-12    1.08563e-10    5.70142e-21    1.03563e-10    0.00308507    0.00308507 
2.70226    5e-12    1.02721e-10    8.33803e-22    9.77207e-11    0.00308507    0.00308507 
2.63109    5e-12    9.74889e-11    1.21689e-22    9.24889e-11    0.00308507    0.00308507 
2.56358    5e-12    9.27768e-11    1.77253e-23    8.77768e-11    0.00308507    0.00308507 
2.49944    5e-12    8.85105e-11    2.57708e-24    8.35105e-11    0.00308507    0.00308507 
2.43843    5e-12    8.46296e-11    3.74023e-25    7.96296e-11    0.00308507    0.00308507 
2.38033    5e-12    8.10843e-11    5.41921e-26    7.60843e-11    0.00308507    0.00308507 
2.32493    5e-12    7.78327e-11    7.8393e-27    7.28327e-11    0.00308507    0.00308507 
2.27206    5e-12    7.484e-11    1.13228e-27    6.984e-11    0.00308507    0.00308507 
2.22153    5e-12    7.20763e-11    1.63301e-28    6.70763e-11    0.00308507    0.00308507 
2.1732    5e-12    6.95164e-11    2.35189e-29    6.45164e-11    0.00308507    0.00308507 
2.12694    5e-12    6.71385e-11    3.38268e-30    6.21385e-11    0.00308507    0.00308507 
2.0826    5e-12    6.49239e-11    4.85898e-31    5.99239e-11    0.00308507    0.00308507 
2.04007    5e-12    6.28564e-11    6.97093e-32    5.78564e-11    0.00308507    0.00308507 
1.99924    5e-12    6.09218e-11    9.98894e-33    5.59218e-11    0.00308507    0.00308507 
1.96002    5e-12    5.91077e-11    1.42972e-33    5.41077e-11    0.00308507    0.00308507 
1.9223    5e-12    5.74031e-11    2.04412e-34    5.24031e-11    0.00308507    0.00308507 
1.88601    5e-12    5.57986e-11    2.91945e-35    5.07986e-11    0.00308507    0.00308507 
1.85106    5e-12    5.42854e-11    4.16537e-36    4.92854e-11    0.00308507    0.00308507 
1.81739    5e-12    5.28561e-11    5.93714e-37    4.78561e-11    0.00308507    0.00308507 
1.78492    5e-12    5.15039e-11    8.45453e-38    4.65039e-11    0.00308507    0.00308507 
1.75359    5e-12    5.02226e-11    1.20283e-38    4.52226e-11    0.00308507    0.00308507 
1.72334    5e-12    4.9007e-11    1.70975e-39    4.4007e-11    0.00308507    0.00308507 
1.69411    5e-12    4.7852e-11    2.42824e-40    4.2852e-11    0.00308507    0.00308507 
1.66586    5e-12    4.67533e-11    3.44581e-41    4.17533e-11    0.00308507    0.00308507 
1.63854    5e-12    4.57068e-11    4.88588e-42    4.07068e-11    0.00308507    0.00308507 
1.6121    5e-12    4.4709e-11    6.92242e-43    3.9709e-11    0.00308507    0.00308507 
1.5865    5e-12    4.37564e-11    9.80047e-44    3.87564e-11    0.00308507    0.00308507 
1.56169    5e-12    4.28462e-11    1.3865e-44    3.78462e-11    0.00308507    0.00308507 
1.53768    5e-12    4.19764e-11    1.96397e-45    3.69764e-11    0.00308507    0.00308507 
1.51439    5e-12    4.11435e-11    2.78007e-46    3.61435e-11    0.00308507    0.00308507 
1.4918    5e-12    4.03453e-11    3.93266e-47    3.53453e-11    0.00308507    0.00308507 
1.46987    5e-12    3.95797e-11    5.55954e-48    3.45797e-11    0.00308507    0.00308507 
1.44858    5e-12    3.88447e-11    7.85451e-49    3.38447e-11    0.00308507    0.00308507 
1.4279    5e-12    3.81385e-11    1.10901e-49    3.31385e-11    0.00308507    0.00308507 
1.4078    5e-12    3.74595e-11    1.56494e-50    3.24595e-11    0.00308507    0.00308507 
1.38825    5e-12    3.68061e-11    2.20703e-51    3.18061e-11    0.00308507    0.00308507 
1.36924    5e-12    3.61769e-11    3.11083e-52    3.11769e-11    0.00308507    0.00308507 
1.35075    5e-12    3.55707e-11    4.38237e-53    3.05707e-11    0.00308507    0.00308507 
1.33275    5e-12    3.49861e-11    6.17038e-54    2.99861e-11    0.00308507    0.00308507 
1.31522    5e-12    3.4422e-11    8.68341e-55    2.9422e-11    0.00308507    0.00308507 
1.29814    5e-12    3.38775e-11    1.22138e-55    2.88775e-11    0.00308507    0.00308507 
1.28151    5e-12    3.33514e-11    1.71711e-56    2.83514e-11    0.00308507    0.00308507 
1.26529    5e-12    3.28429e-11    2.4129e-57    2.78429e-11    0.00308507    0.00308507 
1.24948    5e-12    3.23512e-11    3.38905e-58    2.73512e-11    0.00308507    0.00308507 
1.23407    5e-12    3.18753e-11    4.75795e-59    2.68753e-11    0.00308507    0.00308507 
1.21902    5e-12    3.14146e-11    6.67681e-60    2.64146e-11    0.00308507    0.00308507 
1.20434    5e-12    3.09684e-11    9.36549e-61    2.59684e-11    0.00308507    0.00308507 
1.19001    5e-12    3.0536e-11    1.31313e-61    2.5536e-11    0.00308507    0.00308507 
1.17601    5e-12    3.01167e-11    1.84038e-62    2.51167e-11    0.00308507    0.00308507 
1.16234    5e-12    2.971e-11    2.57828e-63    2.471e-11    0.00308507    0.00308507 
1.14899    5e-12    2.93153e-11    3.61063e-64    2.43153e-11    0.00308507    0.00308507 
1.13594    5e-12    2.89322e-11    5.05439e-65    2.39322e-11    0.00308507    0.00308507 
1.12318    5e-12    2.856e-11    7.07279e-66    2.356e-11    0.00308507    0.00308507 
1.1107    5e-12    2.81984e-11    9.89357e-67    2.31984e-11    0.00308507    0.00308507 
1.0985    5e-12    2.7847e-11    1.38344e-67    2.2847e-11    0.00308507    0.00308507 
1.08657    5e-12    2.75052e-11    1.9338e-68    2.25052e-11    0.00308507    0.00308507 
1.07489    5e-12    2.71727e-11    2.70219e-69    2.21727e-11    0.00308507    0.00308507 
1.06346    5e-12    2.68492e-11    3.77461e-70    2.18492e-11    0.00308507    0.00308507 
1.05227    5e-12    2.65343e-11    5.2709e-71    2.15343e-11    0.00308507    0.00308507 
1.04131    5e-12    2.62276e-11    7.35796e-72    2.12276e-11    0.00308507    0.00308507 
1.03058    5e-12    2.59289e-11    1.02682e-72    2.09289e-11    0.00308507    0.00308507 
1.02006    5e-12    2.56378e-11    1.43249e-73    2.06378e-11    0.00308507    0.00308507 
1.00976    5e-12    2.53541e-11    1.99784e-74    2.03541e-11    0.00308507    0.00308507 
0.99967    5e-12    2.50775e-11    2.78547e-75    2.00775e-11    0.00308507    0.00308507 
0.989776    5e-12    2.48077e-11    3.88249e-76    1.98077e-11    0.00308507    0.00308507 
0.980075    5e-12    2.45444e-11    5.41e-77    1.95444e-11    0.00308507    0.00308507 
0.970563    5e-12    2.42876e-11    7.53636e-78    1.92876e-11    0.00308507    0.00308507 
0.961233    5e-12    2.40368e-11    1.04956e-78    1.90368e-11    0.00308507    0.00308507 
0.952082    5e-12    2.3792e-11    1.46128e-79    1.8792e-11    0.00308507    0.00308507 
0.943103    5e-12    2.35529e-11    2.03398e-80    1.85529e-11    0.00308507    0.00308507 
0.934291    5e-12    2.33193e-11    2.83038e-81    1.83193e-11    0.00308507    0.00308507 
0.925643    5e-12    2.30911e-11    3.93761e-82    1.80911e-11    0.00308507    0.00308507 
0.917154    5e-12    2.2868e-11    5.4766e-83    1.7868e-11    0.00308507    0.00308507 
0.908818    5e-12    2.26499e-11    7.61522e-84    1.76499e-11    0.00308507    0.00308507 
0.900633    5e-12    2.24367e-11    1.05864e-84    1.74367e-11    0.00308507    0.00308507 
0.892594    5e-12    2.22281e-11    1.47134e-85    1.72281e-11    0.00308507    0.00308507 
0.884697    5e-12    2.2024e-11    2.04444e-86    1.7024e-11    0.00308507    0.00308507 
0.876939    5e-12    2.18243e-11    2.84011e-87    1.68243e-11    0.00308507    0.00308507 
0.869316    5e-12    2.16289e-11    3.94456e-88    1.66289e-11    0.00308507    0.00308507 
0.861824    5e-12    2.14376e-11    5.47729e-89    1.64376e-11    0.00308507    0.00308507 
0.85446    5e-12    2.12503e-11    7.60394e-90    1.62503e-11    0.00308507    0.00308507 
0.847221    5e-12    2.10669e-11    1.0554e-90    1.60669e-11    0.00308507    0.00308507 
0.840103    5e-12    2.08872e-11    1.46456e-91    1.58872e-11    0.00308507    0.00308507 
0.833104    5e-12    2.07112e-11    2.03191e-92    1.57112e-11    0.00308507    0.00308507 
0.826221    5e-12    2.05387e-11    2.81847e-93    1.55387e-11    0.00308507    0.00308507 
0.81945    5e-12    2.03697e-11    3.90873e-94    1.53697e-11    0.00308507    0.00308507 
0.81279    5e-12    2.0204e-11    5.41965e-95    1.5204e-11    0.00308507    0.00308507 
0.806237    5e-12    2.00416e-11    7.51318e-96    1.50416e-11    0.00308507    0.00308507 
0.799789    5e-12    1.98823e-11    1.04134e-96    1.48823e-11    0.00308507    0.00308507 
0.793443    5e-12    1.97261e-11    1.44305e-97    1.47261e-11    0.00308507    0.00308507 
0.787197    5e-12    1.95729e-11    1.99934e-98    1.45729e-11    0.00308507    0.00308507 
0.781049    5e-12    1.94226e-11    2.76959e-99    1.44226e-11    0.00308507    0.00308507 
0.774996    5e-12    1.92751e-11    3.83588e-100    1.42751e-11    0.00308507    0.00308507 
0.769036    5e-12    1.91304e-11    5.31175e-101    1.41304e-11    0.00308507    0.00308507 
0.763167    5e-12    1.89883e-11    7.3542e-102    1.39883e-11    0.00308507    0.00308507 
0.757386    5e-12    1.88489e-11    1.01802e-102    1.38489e-11    0.00308507    0.00308507 
0.751693    5e-12    1.8712e-11    1.40899e-103    1.3712e-11    0.00308507    0.00308507 
0.746085    5e-12    1.85776e-11    1.94978e-104    1.35776e-11    0.00308507    0.00308507 
0.74056    5e-12    1.84456e-11    2.69769e-105    1.34456e-11    0.00308507    0.00308507 
0.735116    5e-12    1.83159e-11    3.73188e-106    1.33159e-11    0.00308507    0.00308507 
0.729751    5e-12    1.81886e-11    5.16172e-107    1.31886e-11    0.00308507    0.00308507 
0.724464    5e-12    1.80635e-11    7.13828e-108    1.30635e-11    0.00308507    0.00308507 
0.719254    5e-12    1.79405e-11    9.87018e-109    1.29405e-11    0.00308507    0.00308507 
0.714117    5e-12    1.78197e-11    1.36455e-109    1.28197e-11    0.00308507    0.00308507 
0.709054    5e-12    1.7701e-11    1.88621e-110    1.2701e-11    0.00308507    0.00308507 
0.704062    5e-12    1.75843e-11    2.60691e-111    1.25843e-11    0.00308507    0.00308507 
0.699139    5e-12    1.74695e-11    3.60246e-112    1.24695e-11    0.00308507    0.00308507 
0.694285    5e-12    1.73568e-11    4.97747e-113    1.23568e-11    0.00308507    0.00308507 
0.689498    5e-12    1.72458e-11    6.87634e-114    1.22458e-11    0.00308507    0.00308507 
0.684777    5e-12    1.71368e-11    9.49826e-115    1.21368e-11    0.00308507    0.00308507 
0.680119    5e-12    1.70295e-11    1.31181e-115    1.20295e-11    0.00308507    0.00308507 
0.675525    5e-12    1.6924e-11    1.8115e-116    1.1924e-11    0.00308507    0.00308507 
0.670992    5e-12    1.68202e-11    2.5012e-117    1.18202e-11    0.00308507    0.00308507 
0.66652    5e-12    1.67181e-11    3.45303e-118    1.17181e-11    0.00308507    0.00308507 
0.662107    5e-12    1.66177e-11    4.76645e-119    1.16177e-11    0.00308507    0.00308507 
0.657752    5e-12    1.65188e-11    6.57861e-120    1.15188e-11    0.00308507    0.00308507 
0.653454    5e-12    1.64216e-11    9.07856e-121    1.14216e-11    0.00308507    0.00308507 
0.649212    5e-12    1.63258e-11    1.2527e-121    1.13258e-11    0.00308507    0.00308507 
0.645024    5e-12    1.62316e-11    1.7283e-122    1.12316e-11    0.00308507    0.00308507 
0.64089    5e-12    1.61388e-11    2.38419e-123    1.11388e-11    0.00308507    0.00308507 
0.636809    5e-12    1.60475e-11    3.28859e-124    1.10475e-11    0.00308507    0.00308507 
0.632779    5e-12    1.59576e-11    4.53551e-125    1.09576e-11    0.00308507    0.00308507 
0.6288    5e-12    1.58691e-11    6.25447e-126    1.08691e-11    0.00308507    0.00308507 
0.624871    5e-12    1.57819e-11    8.62393e-127    1.07819e-11    0.00308507    0.00308507 
0.620991    5e-12    1.5696e-11    1.18897e-127    1.0696e-11    0.00308507    0.00308507 
0.617158    5e-12    1.56115e-11    1.63902e-128    1.06115e-11    0.00308507    0.00308507 
0.613373    5e-12    1.55282e-11    2.25918e-129    1.05282e-11    0.00308507    0.00308507 
0.609633    5e-12    1.54461e-11    3.11363e-130    1.04461e-11    0.00308507    0.00308507 
0.605939    5e-12    1.53653e-11    4.29079e-131    1.03653e-11    0.00308507    0.00308507 
0.60229    5e-12    1.52857e-11    5.91235e-132    1.02857e-11    0.00308507    0.00308507 
0.598684    5e-12    1.52072e-11    8.14586e-133    1.02072e-11    0.00308507    0.00308507 
0.595121    5e-12    1.51299e-11    1.12219e-133    1.01299e-11    0.00308507    0.00308507 
0.5916    5e-12    1.50537e-11    1.54579e-134    1.00537e-11    0.00308507    0.00308507 
0.588121    5e-12    1.49787e-11    2.12908e-135    9.97865e-12    0.00308507    0.00308507 
0.584682    5e-12    1.49047e-11    2.93216e-136    9.90465e-12    0.00308507    0.00308507 
0.581284    5e-12    1.48317e-11    4.03774e-137    9.83171e-12    0.00308507    0.00308507 
0.577924    5e-12    1.47598e-11    5.55964e-138    9.75982e-12    0.00308507    0.00308507 
0.574604    5e-12    1.46889e-11    7.65442e-139    9.68895e-12    0.00308507    0.00308507 
0.571321    5e-12    1.46191e-11    1.05374e-139    9.61908e-12    0.00308507    0.00308507 
0.568075    5e-12    1.45502e-11    1.45049e-140    9.55019e-12    0.00308507    0.00308507 
0.564866    5e-12    1.44823e-11    1.99644e-141    9.48226e-12    0.00308507    0.00308507 
0.561694    5e-12    1.44153e-11    2.7476e-142    9.41529e-12    0.00308507    0.00308507 
0.558556    5e-12    1.43492e-11    3.78104e-143    9.34924e-12    0.00308507    0.00308507 
0.555454    5e-12    1.42841e-11    5.20271e-144    9.28411e-12    0.00308507    0.00308507 
0.552385    5e-12    1.42199e-11    7.15827e-145    9.21987e-12    0.00308507    0.00308507 
0.549351    5e-12    1.41565e-11    9.84798e-146    9.1565e-12    0.00308507    0.00308507 
0.54635    5e-12    1.4094e-11    1.35471e-146    9.09401e-12    0.00308507    0.00308507 
0.543381    5e-12    1.40324e-11    1.86341e-147    9.03237e-12    0.00308507    0.00308507 
0.540444    5e-12    1.39716e-11    2.56291e-148    8.97155e-12    0.00308507    0.00308507 
0.537539    5e-12    1.39116e-11    3.52468e-149    8.91156e-12    0.00308507    0.00308507 
0.534665    5e-12    1.38524e-11    4.84695e-150    8.85236e-12    0.00308507    0.00308507 
0.531822    5e-12    1.3794e-11    6.66471e-151    8.79396e-12    0.00308507    0.00308507 
0.529008    5e-12    1.37363e-11    9.16341e-152    8.73634e-12    0.00308507    0.00308507 
0.526224    5e-12    1.36795e-11    1.25979e-152    8.67948e-12    0.00308507    0.00308507 
0.52347    5e-12    1.36234e-11    1.73182e-153    8.62337e-12    0.00308507    0.00308507 
0.520744    5e-12    1.3568e-11    2.38052e-154    8.56799e-12    0.00308507    0.00308507 
0.518046    5e-12    1.35133e-11    3.27194e-155    8.51334e-12    0.00308507    0.00308507 
0.515376    5e-12    1.34594e-11    4.49682e-156    8.4594e-12    0.00308507    0.00308507 
0.512734    5e-12    1.34062e-11    6.17975e-157    8.40616e-12    0.00308507    0.00308507 
0.510118    5e-12    1.33536e-11    8.49186e-158    8.35361e-12    0.00308507    0.00308507 
0.507529    5e-12    1.33017e-11    1.16681e-158    8.30173e-12    0.00308507    0.00308507 
0.504966    5e-12    1.32505e-11    1.60312e-159    8.25053e-12    0.00308507    0.00308507 
0.502429    5e-12    1.32e-11    2.20242e-160    8.19997e-12    0.00308507    0.00308507 
0.499918    5e-12    1.31501e-11    3.02551e-161    8.15006e-12    0.00308507    0.00308507 
0.497431    5e-12    1.31008e-11    4.15592e-162    8.10078e-12    0.00308507    0.00308507 
0.494969    5e-12    1.30521e-11    5.70825e-163    8.05212e-12    0.00308507    0.00308507 
0.492531    5e-12    1.30041e-11    7.83985e-164    8.00408e-12    0.00308507    0.00308507 
0.490117    5e-12    1.29566e-11    1.07667e-164    7.95664e-12    0.00308507    0.00308507 
0.487726    5e-12    1.29098e-11    1.47851e-165    7.9098e-12    0.00308507    0.00308507 
0.485359    5e-12    1.28635e-11    2.03018e-166    7.86353e-12    0.00308507    0.00308507 
0.483015    5e-12    1.28178e-11    2.78751e-167    7.81784e-12    0.00308507    0.00308507 
0.480693    5e-12    1.27727e-11    3.82708e-168    7.77271e-12    0.00308507    0.00308507 
0.478393    5e-12    1.27281e-11    5.25399e-169    7.72814e-12    0.00308507    0.00308507 
0.476116    5e-12    1.26841e-11    7.21243e-170    7.68412e-12    0.00308507    0.00308507 
0.47386    5e-12    1.26406e-11    9.90021e-171    7.64064e-12    0.00308507    0.00308507 
0.471625    5e-12    1.25977e-11    1.35887e-171    7.59768e-12    0.00308507    0.00308507 
0.469411    5e-12    1.25553e-11    1.86502e-172    7.55525e-12    0.00308507    0.00308507 
0.467218    5e-12    1.25133e-11    2.55954e-173    7.51333e-12    0.00308507    0.00308507 
0.465045    5e-12    1.24719e-11    3.51245e-174    7.47192e-12    0.00308507    0.00308507 
0.462892    5e-12    1.2431e-11    4.81982e-175    7.43101e-12    0.00308507    0.00308507 
0.460759    5e-12    1.23906e-11    6.6134e-176    7.39058e-12    0.00308507    0.00308507 
0.458646    5e-12    1.23506e-11    9.07383e-177    7.35064e-12    0.00308507    0.00308507 
0.456552    5e-12    1.23112e-11    1.24489e-177    7.31118e-12    0.00308507    0.00308507 
0.454477    5e-12    1.22722e-11    1.70782e-178    7.27218e-12    0.00308507    0.00308507 
0.452421    5e-12    1.22336e-11    2.34276e-179    7.23364e-12    0.00308507    0.00308507 
0.450383    5e-12    1.21956e-11    3.21356e-180    7.19556e-12    0.00308507    0.00308507 
0.448364    5e-12    1.21579e-11    4.40778e-181    7.15793e-12    0.00308507    0.00308507 
0.446363    5e-12    1.21207e-11    6.04543e-182    7.12074e-12    0.00308507    0.00308507 
0.444379    5e-12    1.2084e-11    8.29103e-183    7.08398e-12    0.00308507    0.00308507 
0.442413    5e-12    1.20476e-11    1.13701e-183    7.04764e-12    0.00308507    0.00308507 
0.440465    5e-12    1.20117e-11    1.55918e-184    7.01173e-12    0.00308507    0.00308507 
0.438533    5e-12    1.19762e-11    2.13797e-185    6.97624e-12    0.00308507    0.00308507 
0.436618    5e-12    1.19412e-11    2.93145e-186    6.94115e-12    0.00308507    0.00308507 
0.43472    5e-12    1.19065e-11    4.01919e-187    6.90647e-12    0.00308507    0.00308507 
0.432839    5e-12    1.18722e-11    5.51025e-188    6.87218e-12    0.00308507    0.00308507 
0.430973    5e-12    1.18383e-11    7.55404e-189    6.83829e-12    0.00308507    0.00308507 
0.429124    5e-12    1.18048e-11    1.03553e-189    6.80478e-12    0.00308507    0.00308507 
0.42729    5e-12    1.17717e-11    1.41946e-190    6.77166e-12    0.00308507    0.00308507 
0.425472    5e-12    1.17389e-11    1.94563e-191    6.7389e-12    0.00308507    0.00308507 
0.42367    5e-12    1.17065e-11    2.6667e-192    6.70652e-12    0.00308507    0.00308507 
0.421882    5e-12    1.16745e-11    3.6548e-193    6.6745e-12    0.00308507    0.00308507 
0.42011    5e-12    1.16428e-11    5.00877e-194    6.64284e-12    0.00308507    0.00308507 
0.418352    5e-12    1.16115e-11    6.86398e-195    6.61153e-12    0.00308507    0.00308507 
0.416609    5e-12    1.15806e-11    9.40585e-196    6.58057e-12    0.00308507    0.00308507 
0.414881    5e-12    1.155e-11    1.28884e-196    6.54995e-12    0.00308507    0.00308507 
0.413167    5e-12    1.15197e-11    1.76594e-197    6.51968e-12    0.00308507    0.00308507 
0.411467    5e-12    1.14897e-11    2.41953e-198    6.48974e-12    0.00308507    0.00308507 
0.409781    5e-12    1.14601e-11    3.31485e-199    6.46012e-12    0.00308507    0.00308507 
0.408108    5e-12    1.14308e-11    4.54126e-200    6.43084e-12    0.00308507    0.00308507 
0.40645    5e-12    1.14019e-11    6.22109e-201    6.40187e-12    0.00308507    0.00308507 
0.404804    5e-12    1.13732e-11    8.52189e-202    6.37321e-12    0.00308507    0.00308507 
0.403172    5e-12    1.13449e-11    1.1673e-202    6.34487e-12    0.00308507    0.00308507 
0.401553    5e-12    1.13168e-11    1.59886e-203    6.31684e-12    0.00308507    0.00308507 
0.399947    5e-12    1.12891e-11    2.18987e-204    6.28911e-12    0.00308507    0.00308507 
0.398354    5e-12    1.12617e-11    2.99918e-205    6.26168e-12    0.00308507    0.00308507 
0.396773    5e-12    1.12345e-11    4.10741e-206    6.23454e-12    0.00308507    0.00308507 
0.395205    5e-12    1.12077e-11    5.62488e-207    6.20769e-12    0.00308507    0.00308507 
0.39365    5e-12    1.11811e-11    7.70261e-208    6.18113e-12    0.00308507    0.00308507 
0.392106    5e-12    1.11549e-11    1.05473e-208    6.15485e-12    0.00308507    0.00308507 
0.390575    5e-12    1.11289e-11    1.4442e-209    6.12885e-12    0.00308507    0.00308507 
0.389054    5e-12    1.11031e-11    1.97346e-210    6.1031e-12    0.00308507    0.00308507 
0.387544    5e-12    1.10776e-11    2.69657e-211    6.07763e-12    0.00308507    0.00308507 
0.386047    5e-12    1.10524e-11    3.68446e-212    6.05242e-12    0.00308507    0.00308507 
0.384561    5e-12    1.10275e-11    5.03405e-213    6.02747e-12    0.00308507    0.00308507 
0.383086    5e-12    1.10028e-11    6.87767e-214    6.00279e-12    0.00308507    0.00308507 
0.381623    5e-12    1.09784e-11    9.39608e-215    5.97836e-12    0.00308507    0.00308507 
0.38017    5e-12    1.09542e-11    1.28361e-215    5.95419e-12    0.00308507    0.00308507 
0.378729    5e-12    1.09303e-11    1.75348e-216    5.93027e-12    0.00308507    0.00308507 
0.377299    5e-12    1.09066e-11    2.39525e-217    5.90659e-12    0.00308507    0.00308507 
0.375879    5e-12    1.08832e-11    3.27176e-218    5.88316e-12    0.00308507    0.00308507 
0.37447    5e-12    1.086e-11    4.46883e-219    5.85997e-12    0.00308507    0.00308507 
0.373072    5e-12    1.0837e-11    6.10363e-220    5.83702e-12    0.00308507    0.00308507 
0.371684    5e-12    1.08143e-11    8.33613e-221    5.81431e-12    0.00308507    0.00308507 
0.370306    5e-12    1.07918e-11    1.13847e-221    5.79182e-12    0.00308507    0.00308507 
0.368938    5e-12    1.07696e-11    1.55476e-222    5.76956e-12    0.00308507    0.00308507 
0.367581    5e-12    1.07475e-11    2.12318e-223    5.74753e-12    0.00308507    0.00308507 
0.366233    5e-12    1.07257e-11    2.8993e-224    5.72572e-12    0.00308507    0.00308507 
0.364896    5e-12    1.07041e-11    3.95896e-225    5.70413e-12    0.00308507    0.00308507 
0.363568    5e-12    1.06828e-11    5.4057e-226    5.68276e-12    0.00308507    0.00308507 
0.362249    5e-12    1.06616e-11    7.38085e-227    5.6616e-12    0.00308507    0.00308507 
0.36094    5e-12    1.06406e-11    1.00773e-227    5.64065e-12    0.00308507    0.00308507 
0.359641    5e-12    1.06199e-11    1.37583e-228    5.61991e-12    0.00308507    0.00308507 
0.358351    5e-12    1.05994e-11    1.87831e-229    5.59937e-12    0.00308507    0.00308507 
0.35707    5e-12    1.0579e-11    2.56421e-230    5.57904e-12    0.00308507    0.00308507 
0.355798    5e-12    1.05589e-11    3.50045e-231    5.55891e-12    0.00308507    0.00308507 
0.354536    5e-12    1.0539e-11    4.77835e-232    5.53898e-12    0.00308507    0.00308507 
0.353282    5e-12    1.05192e-11    6.52253e-233    5.51924e-12    0.00308507    0.00308507 
0.352037    5e-12    1.04997e-11    8.90302e-234    5.4997e-12    0.00308507    0.00308507 
0.350801    5e-12    1.04803e-11    1.21519e-234    5.48034e-12    0.00308507    0.00308507 
0.349573    5e-12    1.04612e-11    1.65857e-235    5.46118e-12    0.00308507    0.00308507 
0.348354    5e-12    1.04422e-11    2.26364e-236    5.4422e-12    0.00308507    0.00308507 
0.347144    5e-12    1.04234e-11    3.08933e-237    5.4234e-12    0.00308507    0.00308507 
0.345942    5e-12    1.04048e-11    4.21606e-238    5.40479e-12    0.00308507    0.00308507 
0.344748    5e-12    1.03863e-11    5.75353e-239    5.38635e-12    0.00308507    0.00308507 
0.343562    5e-12    1.03681e-11    7.85138e-240    5.36809e-12    0.00308507    0.00308507 
0.342385    5e-12    1.035e-11    1.07138e-240    5.35e-12    0.00308507    0.00308507 
0.341215    5e-12    1.03321e-11    1.46192e-241    5.33209e-12    0.00308507    0.00308507 
0.340054    5e-12    1.03143e-11    1.99475e-242    5.31434e-12    0.00308507    0.00308507 
0.3389    5e-12    1.02968e-11    2.7217e-243    5.29677e-12    0.00308507    0.00308507 
0.337755    5e-12    1.02794e-11    3.71344e-244    5.27936e-12    0.00308507    0.00308507 
0.336616    5e-12    1.02621e-11    5.06639e-245    5.26211e-12    0.00308507    0.00308507 
0.335486    5e-12    1.0245e-11    6.91202e-246    5.24503e-12    0.00308507    0.00308507 
0.334363    5e-12    1.02281e-11    9.42969e-247    5.2281e-12    0.00308507    0.00308507 
0.333248    5e-12    1.02113e-11    1.2864e-247    5.21133e-12    0.00308507    0.00308507 
0.33214    5e-12    1.01947e-11    1.75484e-248    5.19472e-12    0.00308507    0.00308507 
0.331039    5e-12    1.01783e-11    2.3938e-249    5.17826e-12    0.00308507    0.00308507 
0.329946    5e-12    1.0162e-11    3.2653e-250    5.16196e-12    0.00308507    0.00308507 
0.32886    5e-12    1.01458e-11    4.45393e-251    5.1458e-12    0.00308507    0.00308507 
0.327781    5e-12    1.01298e-11    6.07505e-252    5.1298e-12    0.00308507    0.00308507 
0.326709    5e-12    1.01139e-11    8.28597e-253    5.11394e-12    0.00308507    0.00308507 
0.325644    5e-12    1.00982e-11    1.13011e-253    5.09822e-12    0.00308507    0.00308507 
0.324586    5e-12    1.00826e-11    1.5413e-254    5.08265e-12    0.00308507    0.00308507 
0.323535    5e-12    1.00672e-11    2.10203e-255    5.06722e-12    0.00308507    0.00308507 
0.32249    5e-12    1.00519e-11    2.86667e-256    5.05193e-12    0.00308507    0.00308507 
0.321452    5e-12    1.00368e-11    3.90933e-257    5.03677e-12    0.00308507    0.00308507 
0.320421    5e-12    1.00218e-11    5.33106e-258    5.02176e-12    0.00308507    0.00308507 
0.319397    5e-12    1.00069e-11    7.26962e-259    5.00687e-12    0.00308507    0.00308507 
0.318379    5e-12    9.99213e-12    9.9128e-260    4.99213e-12    0.00308507    0.00308507 
0.317368    5e-12    9.97751e-12    1.35166e-260    4.97751e-12    0.00308507    0.00308507 
0.316363    5e-12    9.96302e-12    1.84301e-261    4.96302e-12    0.00308507    0.00308507 
0.315364    5e-12    9.94866e-12    2.51288e-262    4.94866e-12    0.00308507    0.00308507 
0.314371    5e-12    9.93443e-12    3.42614e-263    4.93443e-12    0.00308507    0.00308507 
0.313385    5e-12    9.92032e-12    4.67116e-264    4.92032e-12    0.00308507    0.00308507 
0.312405    5e-12    9.90634e-12    6.36843e-265    4.90634e-12    0.00308507    0.00308507 
0.311431    5e-12    9.89248e-12    8.68214e-266    4.89248e-12    0.00308507    0.00308507 
0.310464    5e-12    9.87874e-12    1.18361e-266    4.87874e-12    0.00308507    0.00308507 
0.309502    5e-12    9.86512e-12    1.61354e-267    4.86512e-12    0.00308507    0.00308507 
0.308546    5e-12    9.85162e-12    2.19956e-268    4.85162e-12    0.00308507    0.00308507 
0.307596    5e-12    9.83824e-12    2.99834e-269    4.83824e-12    0.00308507    0.00308507 
0.306652    5e-12    9.82497e-12    4.08708e-270    4.82497e-12    0.00308507    0.00308507 
0.305713    5e-12    9.81181e-12    5.57101e-271    4.81181e-12    0.00308507    0.00308507 
0.30478    5e-12    9.79877e-12    7.5935e-272    4.79877e-12    0.00308507    0.00308507 
0.303853    5e-12    9.78584e-12    1.03499e-272    4.78584e-12    0.00308507    0.00308507 
0.302932    5e-12    9.77302e-12    1.41066e-273    4.77302e-12    0.00308507    0.00308507 
0.302016    5e-12    9.76031e-12    1.92263e-274    4.76031e-12    0.00308507    0.00308507 
0.301106    5e-12    9.74771e-12    2.62033e-275    4.74771e-12    0.00308507    0.00308507 
0.300201    5e-12    9.73521e-12    3.57112e-276    4.73521e-12    0.00308507    0.00308507 
0.299302    5e-12    9.72282e-12    4.86678e-277    4.72282e-12    0.00308507    0.00308507 
0.298408    5e-12    9.71053e-12    6.63234e-278    4.71053e-12    0.00308507    0.00308507 
0.297519    5e-12    9.69835e-12    9.03818e-279    4.69835e-12    0.00308507    0.00308507 
0.296636    5e-12    9.68627e-12    1.23164e-279    4.68627e-12    0.00308507    0.00308507 
0.295757    5e-12    9.67429e-12    1.67832e-280    4.67429e-12    0.00308507    0.00308507 
0.294884    5e-12    9.66241e-12    2.28694e-281    4.66241e-12    0.00308507    0.00308507 
0.294016    5e-12    9.65062e-12    3.11618e-282    4.65062e-12    0.00308507    0.00308507 
0.293154    5e-12    9.63894e-12    4.246e-283    4.63894e-12    0.00308507    0.00308507 
0.292296    5e-12    9.62735e-12    5.78531e-284    4.62735e-12    0.00308507    0.00308507 
0.291443    5e-12    9.61585e-12    7.88246e-285    4.61585e-12    0.00308507    0.00308507 
0.290595    5e-12    9.60445e-12    1.07395e-285    4.60445e-12    0.00308507    0.00308507 
0.289753    5e-12    9.59315e-12    1.46318e-286    4.59315e-12    0.00308507    0.00308507 
0.288915    5e-12    9.58193e-12    1.99343e-287    4.58193e-12    0.00308507    0.00308507 
0.288081    5e-12    9.57081e-12    2.71577e-288    4.57081e-12    0.00308507    0.00308507 
0.287253    5e-12    9.55977e-12    3.69976e-289    4.55977e-12    0.00308507    0.00308507 
0.28643    5e-12    9.54883e-12    5.04015e-290    4.54883e-12    0.00308507    0.00308507 
0.285611    5e-12    9.53797e-12    6.86598e-291    4.53797e-12    0.00308507    0.00308507 
0.284796    5e-12    9.5272e-12    9.35301e-292    4.5272e-12    0.00308507    0.00308507 
0.283987    5e-12    9.51652e-12    1.27406e-292    4.51652e-12    0.00308507    0.00308507 
0.283182    5e-12    9.50592e-12    1.73547e-293    4.50592e-12    0.00308507    0.00308507 
0.282381    5e-12    9.4954e-12    2.36393e-294    4.4954e-12    0.00308507    0.00308507 
0.281585    5e-12    9.48497e-12    3.2199e-295    4.48497e-12    0.00308507    0.00308507 
0.280794    5e-12    9.47463e-12    4.3857e-296    4.47463e-12    0.00308507    0.00308507 
0.280007    5e-12    9.46436e-12    5.97346e-297    4.46436e-12    0.00308507    0.00308507 
0.279224    5e-12    9.45417e-12    8.13583e-298    4.45417e-12    0.00308507    0.00308507 
0.278446    5e-12    9.44407e-12    1.10807e-298    4.44407e-12    0.00308507    0.00308507 
0.277672    5e-12    9.43404e-12    1.50912e-299    4.43404e-12    0.00308507    0.00308507 
0.276902    5e-12    9.42409e-12    2.05528e-300    4.42409e-12    0.00308507    0.00308507 
0.276137    5e-12    9.41422e-12    2.79903e-301    4.41422e-12    0.00308507    0.00308507 
0.275376    5e-12    9.40442e-12    3.81183e-302    4.40442e-12    0.00308507    0.00308507 
0.274619    5e-12    9.3947e-12    5.19099e-303    4.3947e-12    0.00308507    0.00308507 
0.273866    5e-12    9.38506e-12    7.06899e-304    4.38506e-12    0.00308507    0.00308507 
0.273117    5e-12    9.37549e-12    9.62619e-305    4.37549e-12    0.00308507    0.00308507 
0.272373    5e-12    9.36599e-12    1.31082e-305    4.36599e-12    0.00308507    0.00308507 
0.271632    5e-12    9.35656e-12    1.78492e-306    4.35656e-12    0.00308507    0.00308507 
0.270896    5e-12    9.34721e-12    2.43046e-307    4.34721e-12    0.00308507    0.00308507 
0.270163    5e-12    9.33793e-12    3.30938e-308    4.33793e-12    0.00308507    0.00308507 
0.269434    5e-12    9.32872e-12    4.50605e-309    4.32872e-12    0.00308507    0.00308507 
0.26871    5e-12    9.31957e-12    6.1353e-310    4.31957e-12    0.00308507    0.00308507 
0.267989    5e-12    9.3105e-12    8.35346e-311    4.3105e-12    0.00308507    0.00308507 
0.267272    5e-12    9.3015e-12    1.13733e-311    4.3015e-12    0.00308507    0.00308507 
0.266559    5e-12    9.29256e-12    1.54846e-312    4.29256e-12    0.00308507    0.00308507 
0.265849    5e-12    9.28369e-12    2.10815e-313    4.28369e-12    0.00308507    0.00308507 
0.265144    5e-12    9.27488e-12    2.87009e-314    4.27488e-12    0.00308507    0.00308507 
0.264442    5e-12    9.26614e-12    3.90733e-315    4.26614e-12    0.00308507    0.00308507 
0.263744    5e-12    9.25747e-12    5.31931e-316    4.25747e-12    0.00308507    0.00308507 
0.263049    5e-12    9.24885e-12    7.24139e-317    4.24885e-12    0.00308507    0.00308507 
0.262358    5e-12    9.24031e-12    9.85778e-318    4.24031e-12    0.00308507    0.00308507 
0.261671    5e-12    9.23182e-12    1.34192e-318    4.23182e-12    0.00308507    0.00308507 
0.260988    5e-12    9.2234e-12    1.82671e-319    4.2234e-12    0.00308507    0.00308507 
0.260308    5e-12    9.21504e-12    2.48663e-320    4.21504e-12    0.00308507    0.00308507 
0.259631    5e-12    9.20673e-12    3.38435e-321    4.20673e-12    0.00308507    0.00308507 
0.258958    5e-12    9.19849e-12    4.59481e-322    4.19849e-12    0.00308507    0.00308507 
0.258288    5e-12    9.19031e-12    6.42285e-323    4.19031e-12    0.00308507    0.00308507 
0.257622    5e-12    9.18219e-12    9.88131e-324    4.18219e-12    0.00308507    0.00308507 
0.25696    5e-12    9.17413e-12    0    4.17413e-12    0.00308507    0.00308507 
0.256301    5e-12    9.16612e-12    0    4.16612e-12    0.00308507    0.00308507 
0.255645    5e-12    9.15817e-12    0    4.15817e-12    0.00308507    0.00308507 
0.254992    5e-12    9.15028e-12    0    4.15028e-12    0.00308507    0.00308507 
0.254343    5e-12    9.14244e-12    0    4.14244e-12    0.00308507    0.00308507 
0.253697    5e-12    9.13466e-12    0    4.13466e-12    0.00308507    0.00308507 
0.253054    5e-12    9.12694e-12    0    4.12694e-12    0.00308507    0.00308507 
0.252415    5e-12    9.11927e-12    0    4.11927e-12    0.00308507    0.00308507 
0.251779    5e-12    9.11165e-12    0    4.11165e-12    0.00308507    0.00308507 
0.251146    5e-12    9.10409e-12    0    4.10409e-12    0.00308507    0.00308507 
0.250516    5e-12    9.09657e-12    0    4.09657e-12    0.00308507    0.00308507 
0.249889    5e-12    9.08912e-12    0    4.08912e-12    0.00308507    0.00308507 
0.249266    5e-12    9.08171e-12    0    4.08171e-12    0.00308507    0.00308507 
0.248646    5e-12    9.07435e-12    0    4.07435e-12    0.00308507    0.00308507 
0.248028    5e-12    9.06705e-12    0    4.06705e-12    0.00308507    0.00308507 
0.247414    5e-12    9.0598e-12    0    4.0598e-12    0.00308507    0.00308507 
0.246803    5e-12    9.05259e-12    0    4.05259e-12    0.00308507    0.00308507 
0.246194    5e-12    9.04544e-12    0    4.04544e-12    0.00308507    0.00308507 
0.245589    5e-12    9.03833e-12    0    4.03833e-12    0.00308507    0.00308507 
0.244987    5e-12    9.03127e-12    0    4.03127e-12    0.00308507    0.00308507 
0.244388    5e-12    9.02426e-12    0    4.02426e-12    0.00308507    0.00308507 
0.243791    5e-12    9.0173e-12    0    4.0173e-12    0.00308507    0.00308507 
0.243198    5e-12    9.01039e-12    0    4.01039e-12    0.00308507    0.00308507 
0.242607    5e-12    9.00352e-12    0    4.00352e-12    0.00308507    0.00308507 
0.242019    5e-12    8.9967e-12    0    3.9967e-12    0.00308507    0.00308507 
0.241435    5e-12    8.98992e-12    0    3.98992e-12    0.00308507    0.00308507 
0.240852    5e-12    8.98319e-12    0    3.98319e-12    0.00308507    0.00308507 
0.240273    5e-12    8.97651e-12    0    3.97651e-12    0.00308507    0.00308507 
0.239697    5e-12    8.96986e-12    0    3.96986e-12    0.00308507    0.00308507 
0.239123    5e-12    8.96327e-12    0    3.96327e-12    0.00308507    0.00308507 
0.238552    5e-12    8.95671e-12    0    3.95671e-12    0.00308507    0.00308507 
0.237984    5e-12    8.9502e-12    0    3.9502e-12    0.00308507    0.00308507 
0.237418    5e-12    8.94373e-12    0    3.94373e-12    0.00308507    0.00308507 
0.236855    5e-12    8.93731e-12    0    3.93731e-12    0.00308507    0.00308507 
0.236295    5e-12    8.93093e-12    0    3.93093e-12    0.00308507    0.00308507 
0.235737    5e-12    8.92458e-12    0    3.92458e-12    0.00308507    0.00308507 
0.235182    5e-12    8.91828e-12    0    3.91828e-12    0.00308507    0.00308507 
0.23463    5e-12    8.91202e-12    0    3.91202e-12    0.00308507    0.00308507 
0.23408    5e-12    8.90581e-12    0    3.90581e-12    0.00308507    0.00308507 
0.233533    5e-12    8.89963e-12    0    3.89963e-12    0.00308507    0.00308507 
0.232988    5e-12    8.89349e-12    0    3.89349e-12    0.00308507    0.00308507 
0.232446    5e-12    8.88739e-12    0    3.88739e-12    0.00308507    0.00308507 
0.231907    5e-12    8.88133e-12    0    3.88133e-12    0.00308507    0.00308507 
0.23137    5e-12    8.87531e-12    0    3.87531e-12    0.00308507    0.00308507 
0.230835    5e-12    8.86932e-12    0    3.86932e-12    0.00308507    0.00308507 
0.230303    5e-12    8.86338e-12    0    3.86338e-12    0.00308507    0.00308507 
0.229773    5e-12    8.85747e-12    0    3.85747e-12    0.00308507    0.00308507 
0.229246    5e-12    8.8516e-12    0    3.8516e-12    0.00308507    0.00308507 
0.228721    5e-12    8.84577e-12    0    3.84577e-12    0.00308507    0.00308507 
0.228198    5e-12    8.83997e-12    0    3.83997e-12    0.00308507    0.00308507 
0.227678    5e-12    8.83421e-12    0    3.83421e-12    0.00308507    0.00308507 
0.227161    5e-12    8.82849e-12    0    3.82849e-12    0.00308507    0.00308507 
0.226645    5e-12    8.8228e-12    0    3.8228e-12    0.00308507    0.00308507 
0.226132    5e-12    8.81714e-12    0    3.81714e-12    0.00308507    0.00308507 
0.225622    5e-12    8.81153e-12    0    3.81153e-12    0.00308507    0.00308507 
0.225113    5e-12    8.80594e-12    0    3.80594e-12    0.00308507    0.00308507 
0.224607    5e-12    8.80039e-12    0    3.80039e-12    0.00308507    0.00308507 
0.224103    5e-12    8.79488e-12    0    3.79488e-12    0.00308507    0.00308507 
0.223602    5e-12    8.7894e-12    0    3.7894e-12    0.00308507    0.00308507 
0.223102    5e-12    8.78395e-12    0    3.78395e-12    0.00308507    0.00308507 
0.222605    5e-12    8.77854e-12    0    3.77854e-12    0.00308507    0.00308507 
0.22211    5e-12    8.77316e-12    0    3.77316e-12    0.00308507    0.00308507 
0.221617    5e-12    8.76781e-12    0    3.76781e-12    0.00308507    0.00308507 
0.221127    5e-12    8.76249e-12    0    3.76249e-12    0.00308507    0.00308507 
0.220639    5e-12    8.75721e-12    0    3.75721e-12    0.00308507    0.00308507 
0.220152    5e-12    8.75195e-12    0    3.75195e-12    0.00308507    0.00308507 
0.219668    5e-12    8.74673e-12    0    3.74673e-12    0.00308507    0.00308507 
0.219186    5e-12    8.74155e-12    0    3.74155e-12    0.00308507    0.00308507 
0.218706    5e-12    8.73639e-12    0    3.73639e-12    0.00308507    0.00308507 
0.218229    5e-12    8.73126e-12    0    3.73126e-12    0.00308507    0.00308507 
0.217753    5e-12    8.72616e-12    0    3.72616e-12    0.00308507    0.00308507 
0.217279    5e-12    8.7211e-12    0    3.7211e-12    0.00308507    0.00308507 
0.216808    5e-12    8.71606e-12    0    3.71606e-12    0.00308507    0.00308507 
0.216338    5e-12    8.71105e-12    0    3.71105e-12    0.00308507    0.00308507 
0.215871    5e-12    8.70608e-12    0    3.70608e-12    0.00308507    0.00308507 
0.215405    5e-12    8.70113e-12    0    3.70113e-12    0.00308507    0.00308507 
0.214942    5e-12    8.69621e-12    0    3.69621e-12    0.00308507    0.00308507 
0.21448    5e-12    8.69132e-12    0    3.69132e-12    0.00308507    0.00308507 
0.214021    5e-12    8.68646e-12    0    3.68646e-12    0.00308507    0.00308507 
0.213563    5e-12    8.68162e-12    0    3.68162e-12    0.00308507    0.00308507 
0.213108    5e-12    8.67682e-12    0    3.67682e-12    0.00308507    0.00308507 
0.212654    5e-12    8.67204e-12    0    3.67204e-12    0.00308507    0.00308507 
0.212202    5e-12    8.66729e-12    0    3.66729e-12    0.00308507    0.00308507 
0.211753    5e-12    8.66257e-12    0    3.66257e-12    0.00308507    0.00308507 
0.211305    5e-12    8.65787e-12    0    3.65787e-12    0.00308507    0.00308507 
0.210859    5e-12    8.6532e-12    0    3.6532e-12    0.00308507    0.00308507 
0.210415    5e-12    8.64856e-12    0    3.64856e-12    0.00308507    0.00308507 
0.209972    5e-12    8.64395e-12    0    3.64395e-12    0.00308507    0.00308507 
0.209532    5e-12    8.63936e-12    0    3.63936e-12    0.00308507    0.00308507 
0.209093    5e-12    8.63479e-12    0    3.63479e-12    0.00308507    0.00308507 
0.208657    5e-12    8.63025e-12    0    3.63025e-12    0.00308507    0.00308507 
0.208222    5e-12    8.62574e-12    0    3.62574e-12    0.00308507    0.00308507 
0.207789    5e-12    8.62126e-12    0    3.62126e-12    0.00308507    0.00308507 
0.207357    5e-12    8.6168e-12    0    3.6168e-12    0.00308507    0.00308507 
0.206928    5e-12    8.61236e-12    0    3.61236e-12    0.00308507    0.00308507 
0.2065    5e-12    8.60795e-12    0    3.60795e-12    0.00308507    0.00308507 
0.206074    5e-12    8.60356e-12    0    3.60356e-12    0.00308507    0.00308507 
0.20565    5e-12    8.5992e-12    0    3.5992e-12    0.00308507    0.00308507 
0.205228    5e-12    8.59486e-12    0    3.59486e-12    0.00308507    0.00308507 
0.204807    5e-12    8.59055e-12    0    3.59055e-12    0.00308507    0.00308507 
0.204388    5e-12    8.58626e-12    0    3.58626e-12    0.00308507    0.00308507 
0.20397    5e-12    8.58199e-12    0    3.58199e-12    0.00308507    0.00308507 
0.203555    5e-12    8.57774e-12    0    3.57774e-12    0.00308507    0.00308507 
0.203141    5e-12    8.57352e-12    0    3.57352e-12    0.00308507    0.00308507 
0.202729    5e-12    8.56933e-12    0    3.56933e-12    0.00308507    0.00308507 
0.202318    5e-12    8.56515e-12    0    3.56515e-12    0.00308507    0.00308507 
0.201909    5e-12    8.561e-12    0    3.561e-12    0.00308507    0.00308507 
0.201502    5e-12    8.55687e-12    0    3.55687e-12    0.00308507    0.00308507 
0.201096    5e-12    8.55277e-12    0    3.55277e-12    0.00308507    0.00308507 
0.200692    5e-12    8.54868e-12    0    3.54868e-12    0.00308507    0.00308507 
0.20029    5e-12    8.54462e-12    0    3.54462e-12    0.00308507    0.00308507 
0.199889    5e-12    8.54058e-12    0    3.54058e-12    0.00308507    0.00308507 
0.19949    5e-12    8.53656e-12    0    3.53656e-12    0.00308507    0.00308507 
0.199093    5e-12    8.53256e-12    0    3.53256e-12    0.00308507    0.00308507 
0.198697    5e-12    8.52859e-12    0    3.52859e-12    0.00308507    0.00308507 
0.198302    5e-12    8.52463e-12    0    3.52463e-12    0.00308507    0.00308507 
0.197909    5e-12    8.5207e-12    0    3.5207e-12    0.00308507    0.00308507 
0.197518    5e-12    8.51678e-12    0    3.51678e-12    0.00308507    0.00308507 
0.197128    5e-12    8.51289e-12    0    3.51289e-12    0.00308507    0.00308507 
0.19674    5e-12    8.50902e-12    0    3.50902e-12    0.00308507    0.00308507 
0.196353    5e-12    8.50517e-12    0    3.50517e-12    0.00308507    0.00308507 
0.195968    5e-12    8.50134e-12    0    3.50134e-12    0.00308507    0.00308507 
0.195584    5e-12    8.49753e-12    0    3.49753e-12    0.00308507    0.00308507 
0.195202    5e-12    8.49374e-12    0    3.49374e-12    0.00308507    0.00308507 
0.194822    5e-12    8.48996e-12    0    3.48996e-12    0.00308507    0.00308507 
0.194442    5e-12    8.48621e-12    0    3.48621e-12    0.00308507    0.00308507 
0.194065    5e-12    8.48248e-12    0    3.48248e-12    0.00308507    0.00308507 
0.193688    5e-12    8.47877e-12    0    3.47877e-12    0.00308507    0.00308507 
0.193314    5e-12    8.47507e-12    0    3.47507e-12    0.00308507    0.00308507 
0.19294    5e-12    8.4714e-12    0    3.4714e-12    0.00308507    0.00308507 
0.192568    5e-12    8.46774e-12    0    3.46774e-12    0.00308507    0.00308507 
0.192198    5e-12    8.4641e-12    0    3.4641e-12    0.00308507    0.00308507 
0.191829    5e-12    8.46049e-12    0    3.46049e-12    0.00308507    0.00308507 
0.191461    5e-12    8.45688e-12    0    3.45688e-12    0.00308507    0.00308507 
0.191095    5e-12    8.4533e-12    0    3.4533e-12    0.00308507    0.00308507 
0.19073    5e-12    8.44974e-12    0    3.44974e-12    0.00308507    0.00308507 
0.190367    5e-12    8.44619e-12    0    3.44619e-12    0.00308507    0.00308507 
0.190005    5e-12    8.44267e-12    0    3.44267e-12    0.00308507    0.00308507 
0.189644    5e-12    8.43916e-12    0    3.43916e-12    0.00308507    0.00308507 
0.189285    5e-12    8.43566e-12    0    3.43566e-12    0.00308507    0.00308507 
0.188927    5e-12    8.43219e-12    0    3.43219e-12    0.00308507    0.00308507 
0.18857    5e-12    8.42873e-12    0    3.42873e-12    0.00308507    0.00308507 
0.188215    5e-12    8.42529e-12    0    3.42529e-12    0.00308507    0.00308507 
0.187861    5e-12    8.42187e-12    0    3.42187e-12    0.00308507    0.00308507 
0.187508    5e-12    8.41846e-12    0    3.41846e-12    0.00308507    0.00308507 
0.187157    5e-12    8.41507e-12    0    3.41507e-12    0.00308507    0.00308507 
0.186807    5e-12    8.4117e-12    0    3.4117e-12    0.00308507    0.00308507 
0.186458    5e-12    8.40835e-12    0    3.40835e-12    0.00308507    0.00308507 
0.186111    5e-12    8.40501e-12    0    3.40501e-12    0.00308507    0.00308507 
0.185765    5e-12    8.40169e-12    0    3.40169e-12    0.00308507    0.00308507 
0.18542    5e-12    8.39838e-12    0    3.39838e-12    0.00308507    0.00308507 
0.185077    5e-12    8.39509e-12    0    3.39509e-12    0.00308507    0.00308507 
0.184734    5e-12    8.39182e-12    0    3.39182e-12    0.00308507    0.00308507 
0.184393    5e-12    8.38856e-12    0    3.38856e-12    0.00308507    0.00308507 
0.184054    5e-12    8.38532e-12    0    3.38532e-12    0.00308507    0.00308507 
0.183715    5e-12    8.38209e-12    0    3.38209e-12    0.00308507    0.00308507 
0.183378    5e-12    8.37888e-12    0    3.37888e-12    0.00308507    0.00308507 
0.183042    5e-12    8.37568e-12    0    3.37568e-12    0.00308507    0.00308507 
0.182707    5e-12    8.3725e-12    0    3.3725e-12    0.00308507    0.00308507 
0.182374    5e-12    8.36934e-12    0    3.36934e-12    0.00308507    0.00308507 
0.182041    5e-12    8.36619e-12    0    3.36619e-12    0.00308507    0.00308507 
0.18171    5e-12    8.36306e-12    0    3.36306e-12    0.00308507    0.00308507 
0.18138    5e-12    8.35994e-12    0    3.35994e-12    0.00308507    0.00308507 
0.181052    5e-12    8.35683e-12    0    3.35683e-12    0.00308507    0.00308507 
0.180724    5e-12    8.35374e-12    0    3.35374e-12    0.00308507    0.00308507 
0.180398    5e-12    8.35067e-12    0    3.35067e-12    0.00308507    0.00308507 
0.180072    5e-12    8.34761e-12    0    3.34761e-12    0.00308507    0.00308507 
0.179748    5e-12    8.34456e-12    0    3.34456e-12    0.00308507    0.00308507 
0.179426    5e-12    8.34153e-12    0    3.34153e-12    0.00308507    0.00308507 
0.179104    5e-12    8.33851e-12    0    3.33851e-12    0.00308507    0.00308507 
0.178783    5e-12    8.33551e-12    0    3.33551e-12    0.00308507    0.00308507 
0.178464    5e-12    8.33252e-12    0    3.33252e-12    0.00308507    0.00308507 
0.178146    5e-12    8.32955e-12    0    3.32955e-12    0.00308507    0.00308507 
0.177829    5e-12    8.32659e-12    0    3.32659e-12    0.00308507    0.00308507 
0.177513    5e-12    8.32364e-12    0    3.32364e-12    0.00308507    0.00308507 
0.177198    5e-12    8.32071e-12    0    3.32071e-12    0.00308507    0.00308507 
0.176884    5e-12    8.31779e-12    0    3.31779e-12    0.00308507    0.00308507 
0.176571    5e-12    8.31488e-12    0    3.31488e-12    0.00308507    0.00308507 
0.17626    5e-12    8.31199e-12    0    3.31199e-12    0.00308507    0.00308507 
0.175949    5e-12    8.30911e-12    0    3.30911e-12    0.00308507    0.00308507 
0.17564    5e-12    8.30624e-12    0    3.30624e-12    0.00308507    0.00308507 
0.175332    5e-12    8.30339e-12    0    3.30339e-12    0.00308507    0.00308507 
0.175025    5e-12    8.30055e-12    0    3.30055e-12    0.00308507    0.00308507 
0.174719    5e-12    8.29772e-12    0    3.29772e-12    0.00308507    0.00308507 
0.174414    5e-12    8.29491e-12    0    3.29491e-12    0.00308507    0.00308507 
0.17411    5e-12    8.2921e-12    0    3.2921e-12    0.00308507    0.00308507 
0.173807    5e-12    8.28932e-12    0    3.28932e-12    0.00308507    0.00308507 
0.173505    5e-12    8.28654e-12    0    3.28654e-12    0.00308507    0.00308507 
0.173204    5e-12    8.28378e-12    0    3.28378e-12    0.00308507    0.00308507 
0.172904    5e-12    8.28103e-12    0    3.28103e-12    0.00308507    0.00308507 
0.172605    5e-12    8.27829e-12    0    3.27829e-12    0.00308507    0.00308507 
0.172308    5e-12    8.27556e-12    0    3.27556e-12    0.00308507    0.00308507 
0.172011    5e-12    8.27285e-12    0    3.27285e-12    0.00308507    0.00308507 
0.171715    5e-12    8.27014e-12    0    3.27014e-12    0.00308507    0.00308507 
0.171421    5e-12    8.26745e-12    0    3.26745e-12    0.00308507    0.00308507 
0.171127    5e-12    8.26478e-12    0    3.26478e-12    0.00308507    0.00308507 
0.170834    5e-12    8.26211e-12    0    3.26211e-12    0.00308507    0.00308507 
0.170543    5e-12    8.25946e-12    0    3.25946e-12    0.00308507    0.00308507 
0.170252    5e-12    8.25681e-12    0    3.25681e-12    0.00308507    0.00308507 
0.169963    5e-12    8.25418e-12    0    3.25418e-12    0.00308507    0.00308507 
0.169674    5e-12    8.25156e-12    0    3.25156e-12    0.00308507    0.00308507 
0.169386    5e-12    8.24896e-12    0    3.24896e-12    0.00308507    0.00308507 
0.169099    5e-12    8.24636e-12    0    3.24636e-12    0.00308507    0.00308507 
0.168814    5e-12    8.24377e-12    0    3.24377e-12    0.00308507    0.00308507 
0.168529    5e-12    8.2412e-12    0    3.2412e-12    0.00308507    0.00308507 
0.168245    5e-12    8.23864e-12    0    3.23864e-12    0.00308507    0.00308507 
0.167962    5e-12    8.23609e-12    0    3.23609e-12    0.00308507    0.00308507 
0.16768    5e-12    8.23355e-12    0    3.23355e-12    0.00308507    0.00308507 
0.167399    5e-12    8.23102e-12    0    3.23102e-12    0.00308507    0.00308507 
0.167119    5e-12    8.2285e-12    0    3.2285e-12    0.00308507    0.00308507 
0.16684    5e-12    8.22599e-12    0    3.22599e-12    0.00308507    0.00308507 
0.166562    5e-12    8.2235e-12    0    3.2235e-12    0.00308507    0.00308507 
0.166285    5e-12    8.22101e-12    0    3.22101e-12    0.00308507    0.00308507 
0.166008    5e-12    8.21854e-12    0    3.21854e-12    0.00308507    0.00308507 
0.165733    5e-12    8.21607e-12    0    3.21607e-12    0.00308507    0.00308507 
0.165459    5e-12    8.21362e-12    0    3.21362e-12    0.00308507    0.00308507 
0.165185    5e-12    8.21117e-12    0    3.21117e-12    0.00308507    0.00308507 
0.164912    5e-12    8.20874e-12    0    3.20874e-12    0.00308507    0.00308507 
0.16464    5e-12    8.20632e-12    0    3.20632e-12    0.00308507    0.00308507 
0.16437    5e-12    8.20391e-12    0    3.20391e-12    0.00308507    0.00308507 
0.1641    5e-12    8.2015e-12    0    3.2015e-12    0.00308507    0.00308507 
0.16383    5e-12    8.19911e-12    0    3.19911e-12    0.00308507    0.00308507 
0.163562    5e-12    8.19673e-12    0    3.19673e-12    0.00308507    0.00308507 
0.163295    5e-12    8.19436e-12    0    3.19436e-12    0.00308507    0.00308507 
0.163028    5e-12    8.192e-12    0    3.192e-12    0.00308507    0.00308507 
0.162763    5e-12    8.18965e-12    0    3.18965e-12    0.00308507    0.00308507 
0.162498    5e-12    8.1873e-12    0    3.1873e-12    0.00308507    0.00308507 
0.162234    5e-12    8.18497e-12    0    3.18497e-12    0.00308507    0.00308507 
0.161971    5e-12    8.18265e-12    0    3.18265e-12    0.00308507    0.00308507 
0.161709    5e-12    8.18034e-12    0    3.18034e-12    0.00308507    0.00308507 
0.161448    5e-12    8.17803e-12    0    3.17803e-12    0.00308507    0.00308507 
0.161187    5e-12    8.17574e-12    0    3.17574e-12    0.00308507    0.00308507 
0.160927    5e-12    8.17345e-12    0    3.17345e-12    0.00308507    0.00308507 
0.160669    5e-12    8.17118e-12    0    3.17118e-12    0.00308507    0.00308507 
0.160411    5e-12    8.16891e-12    0    3.16891e-12    0.00308507    0.00308507 
0.160153    5e-12    8.16666e-12    0    3.16666e-12    0.00308507    0.00308507 
0.159897    5e-12    8.16441e-12    0    3.16441e-12    0.00308507    0.00308507 
0.159642    5e-12    8.16217e-12    0    3.16217e-12    0.00308507    0.00308507 
0.159387    5e-12    8.15994e-12    0    3.15994e-12    0.00308507    0.00308507 
0.159133    5e-12    8.15772e-12    0    3.15772e-12    0.00308507    0.00308507 
0.15888    5e-12    8.15551e-12    0    3.15551e-12    0.00308507    0.00308507 
0.158628    5e-12    8.15331e-12    0    3.15331e-12    0.00308507    0.00308507 
0.158376    5e-12    8.15112e-12    0    3.15112e-12    0.00308507    0.00308507 
0.158126    5e-12    8.14894e-12    0    3.14894e-12    0.00308507    0.00308507 
0.157876    5e-12    8.14676e-12    0    3.14676e-12    0.00308507    0.00308507 
0.157627    5e-12    8.1446e-12    0    3.1446e-12    0.00308507    0.00308507 
0.157378    5e-12    8.14244e-12    0    3.14244e-12    0.00308507    0.00308507 
0.157131    5e-12    8.14029e-12    0    3.14029e-12    0.00308507    0.00308507 
0.156884    5e-12    8.13815e-12    0    3.13815e-12    0.00308507    0.00308507 
0.156638    5e-12    8.13602e-12    0    3.13602e-12    0.00308507    0.00308507 
0.156393    5e-12    8.1339e-12    0    3.1339e-12    0.00308507    0.00308507 
0.156148    5e-12    8.13178e-12    0    3.13178e-12    0.00308507    0.00308507 
0.155905    5e-12    8.12967e-12    0    3.12967e-12    0.00308507    0.00308507 
0.155662    5e-12    8.12758e-12    0    3.12758e-12    0.00308507    0.00308507 
0.155419    5e-12    8.12549e-12    0    3.12549e-12    0.00308507    0.00308507 
0.155178    5e-12    8.12341e-12    0    3.12341e-12    0.00308507    0.00308507 
0.154937    5e-12    8.12133e-12    0    3.12133e-12    0.00308507    0.00308507 
0.154697    5e-12    8.11927e-12    0    3.11927e-12    0.00308507    0.00308507 
0.154458    5e-12    8.11721e-12    0    3.11721e-12    0.00308507    0.00308507 
0.15422    5e-12    8.11516e-12    0    3.11516e-12    0.00308507    0.00308507 
0.153982    5e-12    8.11312e-12    0    3.11312e-12    0.00308507    0.00308507 
0.153745    5e-12    8.11109e-12    0    3.11109e-12    0.00308507    0.00308507 
0.153509    5e-12    8.10907e-12    0    3.10907e-12    0.00308507    0.00308507 
0.153273    5e-12    8.10705e-12    0    3.10705e-12    0.00308507    0.00308507 
0.153039    5e-12    8.10504e-12    0    3.10504e-12    0.00308507    0.00308507 
0.152804    5e-12    8.10304e-12    0    3.10304e-12    0.00308507    0.00308507 
0.152571    5e-12    8.10105e-12    0    3.10105e-12    0.00308507    0.00308507 
0.152338    5e-12    8.09906e-12    0    3.09906e-12    0.00308507    0.00308507 
0.152107    5e-12    8.09708e-12    0    3.09708e-12    0.00308507    0.00308507 
0.151875    5e-12    8.09511e-12    0    3.09511e-12    0.00308507    0.00308507 
0.151645    5e-12    8.09315e-12    0    3.09315e-12    0.00308507    0.00308507 
0.151415    5e-12    8.0912e-12    0    3.0912e-12    0.00308507    0.00308507 
0.151186    5e-12    8.08925e-12    0    3.08925e-12    0.00308507    0.00308507 
0.150957    5e-12    8.08731e-12    0    3.08731e-12    0.00308507    0.00308507 
0.15073    5e-12    8.08537e-12    0    3.08537e-12    0.00308507    0.00308507 
0.150502    5e-12    8.08345e-12    0    3.08345e-12    0.00308507    0.00308507 
0.150276    5e-12    8.08153e-12    0    3.08153e-12    0.00308507    0.00308507 
0.15005    5e-12    8.07962e-12    0    3.07962e-12    0.00308507    0.00308507 
0.149825    5e-12    8.07772e-12    0    3.07772e-12    0.00308507    0.00308507 
0.149601    5e-12    8.07582e-12    0    3.07582e-12    0.00308507    0.00308507 
0.149377    5e-12    8.07393e-12    0    3.07393e-12    0.00308507    0.00308507 
0.149154    5e-12    8.07205e-12    0    3.07205e-12    0.00308507    0.00308507 
0.148932    5e-12    8.07017e-12    0    3.07017e-12    0.00308507    0.00308507 
0.14871    5e-12    8.06831e-12    0    3.06831e-12    0.00308507    0.00308507 
0.148489    5e-12    8.06645e-12    0    3.06645e-12    0.00308507    0.00308507 
0.148269    5e-12    8.06459e-12    0    3.06459e-12    0.00308507    0.00308507 
0.148049    5e-12    8.06275e-12    0    3.06275e-12    0.00308507    0.00308507 
0.14783    5e-12    8.06091e-12    0    3.06091e-12    0.00308507    0.00308507 
0.147611    5e-12    8.05907e-12    0    3.05907e-12    0.00308507    0.00308507 
0.147394    5e-12    8.05725e-12    0    3.05725e-12    0.00308507    0.00308507 
0.147177    5e-12    8.05543e-12    0    3.05543e-12    0.00308507    0.00308507 
0.14696    5e-12    8.05361e-12    0    3.05361e-12    0.00308507    0.00308507 
0.146744    5e-12    8.05181e-12    0    3.05181e-12    0.00308507    0.00308507 
0.146529    5e-12    8.05001e-12    0    3.05001e-12    0.00308507    0.00308507 
0.146314    5e-12    8.04821e-12    0    3.04821e-12    0.00308507    0.00308507 
0.1461    5e-12    8.04643e-12    0    3.04643e-12    0.00308507    0.00308507 
0.145887    5e-12    8.04465e-12    0    3.04465e-12    0.00308507    0.00308507 
0.145674    5e-12    8.04288e-12    0    3.04288e-12    0.00308507    0.00308507 
0.145462    5e-12    8.04111e-12    0    3.04111e-12    0.00308507    0.00308507 
0.145251    5e-12    8.03935e-12    0    3.03935e-12    0.00308507    0.00308507 
0.14504    5e-12    8.03759e-12    0    3.03759e-12    0.00308507    0.00308507 
0.14483    5e-12    8.03585e-12    0    3.03585e-12    0.00308507    0.00308507 
0.14462    5e-12    8.03411e-12    0    3.03411e-12    0.00308507    0.00308507 
0.144411    5e-12    8.03237e-12    0    3.03237e-12    0.00308507    0.00308507 
0.144202    5e-12    8.03064e-12    0    3.03064e-12    0.00308507    0.00308507 
0.143994    5e-12    8.02892e-12    0    3.02892e-12    0.00308507    0.00308507 
0.143787    5e-12    8.02721e-12    0    3.02721e-12    0.00308507    0.00308507 
0.143581    5e-12    8.0255e-12    0    3.0255e-12    0.00308507    0.00308507 
0.143375    5e-12    8.02379e-12    0    3.02379e-12    0.00308507    0.00308507 
0.143169    5e-12    8.02209e-12    0    3.02209e-12    0.00308507    0.00308507 
0.142964    5e-12    8.0204e-12    0    3.0204e-12    0.00308507    0.00308507 
0.14276    5e-12    8.01872e-12    0    3.01872e-12    0.00308507    0.00308507 
0.142556    5e-12    8.01704e-12    0    3.01704e-12    0.00308507    0.00308507 
0.142353    5e-12    8.01536e-12    0    3.01536e-12    0.00308507    0.00308507 
0.14215    5e-12    8.0137e-12    0    3.0137e-12    0.00308507    0.00308507 
0.141948    5e-12    8.01204e-12    0    3.01204e-12    0.00308507    0.00308507 
0.141747    5e-12    8.01038e-12    0    3.01038e-12    0.00308507    0.00308507 
0.141546    5e-12    8.00873e-12    0    3.00873e-12    0.00308507    0.00308507 
0.141346    5e-12    8.00709e-12    0    3.00709e-12    0.00308507    0.00308507 
0.141146    5e-12    8.00545e-12    0    3.00545e-12    0.00308507    0.00308507 
0.140947    5e-12    8.00382e-12    0    3.00382e-12    0.00308507    0.00308507 
0.140749    5e-12    8.00219e-12    0    3.00219e-12    0.00308507    0.00308507 
0.140551    5e-12    8.00057e-12    0    3.00057e-12    0.00308507    0.00308507 
0.140353    5e-12    7.99895e-12    0    2.99895e-12    0.00308507    0.00308507 
0.140156    5e-12    7.99734e-12    0    2.99734e-12    0.00308507    0.00308507 
0.13996    5e-12    7.99574e-12    0    2.99574e-12    0.00308507    0.00308507 
0.139764    5e-12    7.99414e-12    0    2.99414e-12    0.00308507    0.00308507 
0.139569    5e-12    7.99255e-12    0    2.99255e-12    0.00308507    0.00308507 
0.139374    5e-12    7.99096e-12    0    2.99096e-12    0.00308507    0.00308507 
0.13918    5e-12    7.98938e-12    0    2.98938e-12    0.00308507    0.00308507 
0.138986    5e-12    7.9878e-12    0    2.9878e-12    0.00308507    0.00308507 
0.138793    5e-12    7.98623e-12    0    2.98623e-12    0.00308507    0.00308507 
0.138601    5e-12    7.98467e-12    0    2.98467e-12    0.00308507    0.00308507 
0.138408    5e-12    7.98311e-12    0    2.98311e-12    0.00308507    0.00308507 
0.138217    5e-12    7.98155e-12    0    2.98155e-12    0.00308507    0.00308507 
0.138026    5e-12    7.98e-12    0    2.98e-12    0.00308507    0.00308507 
0.137836    5e-12    7.97846e-12    0    2.97846e-12    0.00308507    0.00308507 
0.137646    5e-12    7.97692e-12    0    2.97692e-12    0.00308507    0.00308507 
0.137456    5e-12    7.97539e-12    0    2.97539e-12    0.00308507    0.00308507 
0.137267    5e-12    7.97386e-12    0    2.97386e-12    0.00308507    0.00308507 
0.137079    5e-12    7.97234e-12    0    2.97234e-12    0.00308507    0.00308507 
0.136891    5e-12    7.97082e-12    0    2.97082e-12    0.00308507    0.00308507 
0.136704    5e-12    7.96931e-12    0    2.96931e-12    0.00308507    0.00308507 
0.136517    5e-12    7.9678e-12    0    2.9678e-12    0.00308507    0.00308507 
0.136331    5e-12    7.9663e-12    0    2.9663e-12    0.00308507    0.00308507 
0.136145    5e-12    7.9648e-12    0    2.9648e-12    0.00308507    0.00308507 
0.13596    5e-12    7.96331e-12    0    2.96331e-12    0.00308507    0.00308507 
0.135775    5e-12    7.96182e-12    0    2.96182e-12    0.00308507    0.00308507 
0.135591    5e-12    7.96034e-12    0    2.96034e-12    0.00308507    0.00308507 
0.135407    5e-12    7.95886e-12    0    2.95886e-12    0.00308507    0.00308507 
0.135224    5e-12    7.95739e-12    0    2.95739e-12    0.00308507    0.00308507 
0.135041    5e-12    7.95592e-12    0    2.95592e-12    0.00308507    0.00308507 
0.134858    5e-12    7.95446e-12    0    2.95446e-12    0.00308507    0.00308507 
0.134677    5e-12    7.953e-12    0    2.953e-12    0.00308507    0.00308507 
0.134495    5e-12    7.95155e-12    0    2.95155e-12    0.00308507    0.00308507 
0.134315    5e-12    7.9501e-12    0    2.9501e-12    0.00308507    0.00308507 
0.134134    5e-12    7.94866e-12    0    2.94866e-12    0.00308507    0.00308507 
0.133954    5e-12    7.94722e-12    0    2.94722e-12    0.00308507    0.00308507 
0.133775    5e-12    7.94579e-12    0    2.94579e-12    0.00308507    0.00308507 
0.133596    5e-12    7.94436e-12    0    2.94436e-12    0.00308507    0.00308507 
0.133418    5e-12    7.94294e-12    0    2.94294e-12    0.00308507    0.00308507 
0.13324    5e-12    7.94152e-12    0    2.94152e-12    0.00308507    0.00308507 
0.133062    5e-12    7.9401e-12    0    2.9401e-12    0.00308507    0.00308507 
0.132885    5e-12    7.93869e-12    0    2.93869e-12    0.00308507    0.00308507 
0.132709    5e-12    7.93729e-12    0    2.93729e-12    0.00308507    0.00308507 
0.132533    5e-12    7.93589e-12    0    2.93589e-12    0.00308507    0.00308507 
0.132357    5e-12    7.93449e-12    0    2.93449e-12    0.00308507    0.00308507 
0.132182    5e-12    7.9331e-12    0    2.9331e-12    0.00308507    0.00308507 
0.132007    5e-12    7.93171e-12    0    2.93171e-12    0.00308507    0.00308507 
0.131833    5e-12    7.93033e-12    0    2.93033e-12    0.00308507    0.00308507 
0.131659    5e-12    7.92895e-12    0    2.92895e-12    0.00308507    0.00308507 
0.131486    5e-12    7.92758e-12    0    2.92758e-12    0.00308507    0.00308507 
0.131313    5e-12    7.92621e-12    0    2.92621e-12    0.00308507    0.00308507 
0.131141    5e-12    7.92484e-12    0    2.92484e-12    0.00308507    0.00308507 
0.130969    5e-12    7.92348e-12    0    2.92348e-12    0.00308507    0.00308507 
0.130797    5e-12    7.92213e-12    0    2.92213e-12    0.00308507    0.00308507 
0.130626    5e-12    7.92077e-12    0    2.92077e-12    0.00308507    0.00308507 
0.130456    5e-12    7.91943e-12    0    2.91943e-12    0.00308507    0.00308507 
0.130286    5e-12    7.91808e-12    0    2.91808e-12    0.00308507    0.00308507 
0.130116    5e-12    7.91675e-12    0    2.91675e-12    0.00308507    0.00308507 
0.129947    5e-12    7.91541e-12    0    2.91541e-12    0.00308507    0.00308507 
0.129778    5e-12    7.91408e-12    0    2.91408e-12    0.00308507    0.00308507 
0.12961    5e-12    7.91276e-12    0    2.91276e-12    0.00308507    0.00308507 
0.129442    5e-12    7.91143e-12    0    2.91143e-12    0.00308507    0.00308507 
0.129274    5e-12    7.91012e-12    0    2.91012e-12    0.00308507    0.00308507 
0.129107    5e-12    7.9088e-12    0    2.9088e-12    0.00308507    0.00308507 
0.12894    5e-12    7.90749e-12    0    2.90749e-12    0.00308507    0.00308507 
0.128774    5e-12    7.90619e-12    0    2.90619e-12    0.00308507    0.00308507 
0.128608    5e-12    7.90489e-12    0    2.90489e-12    0.00308507    0.00308507 
0.128443    5e-12    7.90359e-12    0    2.90359e-12    0.00308507    0.00308507 
0.128278    5e-12    7.9023e-12    0    2.9023e-12    0.00308507    0.00308507 
0.128114    5e-12    7.90101e-12    0    2.90101e-12    0.00308507    0.00308507 
0.12795    5e-12    7.89973e-12    0    2.89973e-12    0.00308507    0.00308507 
0.127786    5e-12    7.89845e-12    0    2.89845e-12    0.00308507    0.00308507 
0.127623    5e-12    7.89717e-12    0    2.89717e-12    0.00308507    0.00308507 
0.12746    5e-12    7.8959e-12    0    2.8959e-12    0.00308507    0.00308507 
0.127297    5e-12    7.89463e-12    0    2.89463e-12    0.00308507    0.00308507 
0.127135    5e-12    7.89336e-12    0    2.89336e-12    0.00308507    0.00308507 
0.126974    5e-12    7.8921e-12    0    2.8921e-12    0.00308507    0.00308507 
0.126813    5e-12    7.89085e-12    0    2.89085e-12    0.00308507    0.00308507 
0.126652    5e-12    7.88959e-12    0    2.88959e-12    0.00308507    0.00308507 
0.126491    5e-12    7.88834e-12    0    2.88834e-12    0.00308507    0.00308507 
0.126332    5e-12    7.8871e-12    0    2.8871e-12    0.00308507    0.00308507 
0.126172    5e-12    7.88586e-12    0    2.88586e-12    0.00308507    0.00308507 
0.126013    5e-12    7.88462e-12    0    2.88462e-12    0.00308507    0.00308507 
0.125854    5e-12    7.88339e-12    0    2.88339e-12    0.00308507    0.00308507 
0.125696    5e-12    7.88216e-12    0    2.88216e-12    0.00308507    0.00308507 
0.125538    5e-12    7.88093e-12    0    2.88093e-12    0.00308507    0.00308507 
0.12538    5e-12    7.87971e-12    0    2.87971e-12    0.00308507    0.00308507 
0.125223    5e-12    7.87849e-12    0    2.87849e-12    0.00308507    0.00308507 
0.125066    5e-12    7.87728e-12    0    2.87728e-12    0.00308507    0.00308507 
0.12491    5e-12    7.87606e-12    0    2.87606e-12    0.00308507    0.00308507 
0.124754    5e-12    7.87486e-12    0    2.87486e-12    0.00308507    0.00308507 
0.124598    5e-12    7.87365e-12    0    2.87365e-12    0.00308507    0.00308507 
0.124443    5e-12    7.87245e-12    0    2.87245e-12    0.00308507    0.00308507 
0.124288    5e-12    7.87126e-12    0    2.87126e-12    0.00308507    0.00308507 
0.124134    5e-12    7.87006e-12    0    2.87006e-12    0.00308507    0.00308507 
0.12398    5e-12    7.86887e-12    0    2.86887e-12    0.00308507    0.00308507 
0.123826    5e-12    7.86769e-12    0    2.86769e-12    0.00308507    0.00308507 
0.123673    5e-12    7.86651e-12    0    2.86651e-12    0.00308507    0.00308507 
0.12352    5e-12    7.86533e-12    0    2.86533e-12    0.00308507    0.00308507 
0.123367    5e-12    7.86415e-12    0    2.86415e-12    0.00308507    0.00308507 
0.123215    5e-12    7.86298e-12    0    2.86298e-12    0.00308507    0.00308507 
0.123063    5e-12    7.86181e-12    0    2.86181e-12    0.00308507    0.00308507 
0.122912    5e-12    7.86065e-12    0    2.86065e-12    0.00308507    0.00308507 
0.122761    5e-12    7.85949e-12    0    2.85949e-12    0.00308507    0.00308507 
0.12261    5e-12    7.85833e-12    0    2.85833e-12    0.00308507    0.00308507 
0.12246    5e-12    7.85718e-12    0    2.85718e-12    0.00308507    0.00308507 
0.12231    5e-12    7.85603e-12    0    2.85603e-12    0.00308507    0.00308507 
0.122161    5e-12    7.85488e-12    0    2.85488e-12    0.00308507    0.00308507 
0.122011    5e-12    7.85374e-12    0    2.85374e-12    0.00308507    0.00308507 
0.121862    5e-12    7.8526e-12    0    2.8526e-12    0.00308507    0.00308507 
0.121714    5e-12    7.85146e-12    0    2.85146e-12    0.00308507    0.00308507 
0.121566    5e-12    7.85032e-12    0    2.85032e-12    0.00308507    0.00308507 
0.121418    5e-12    7.84919e-12    0    2.84919e-12    0.00308507    0.00308507 
0.121271    5e-12    7.84807e-12    0    2.84807e-12    0.00308507    0.00308507 
0.121124    5e-12    7.84694e-12    0    2.84694e-12    0.00308507    0.00308507 
0.120977    5e-12    7.84582e-12    0    2.84582e-12    0.00308507    0.00308507 
0.120831    5e-12    7.84471e-12    0    2.84471e-12    0.00308507    0.00308507 
0.120685    5e-12    7.84359e-12    0    2.84359e-12    0.00308507    0.00308507 
0.120539    5e-12    7.84248e-12    0    2.84248e-12    0.00308507    0.00308507 
0.120394    5e-12    7.84137e-12    0    2.84137e-12    0.00308507    0.00308507 
0.120249    5e-12    7.84027e-12    0    2.84027e-12    0.00308507    0.00308507 
0.120104    5e-12    7.83917e-12    0    2.83917e-12    0.00308507    0.00308507 
0.11996    5e-12    7.83807e-12    0    2.83807e-12    0.00308507    0.00308507 
0.119816    5e-12    7.83698e-12    0    2.83698e-12    0.00308507    0.00308507 
0.119673    5e-12    7.83589e-12    0    2.83589e-12    0.00308507    0.00308507 
0.11953    5e-12    7.8348e-12    0    2.8348e-12    0.00308507    0.00308507 
0.119387    5e-12    7.83371e-12    0    2.83371e-12    0.00308507    0.00308507 
0.119244    5e-12    7.83263e-12    0    2.83263e-12    0.00308507    0.00308507 
0.119102    5e-12    7.83155e-12    0    2.83155e-12    0.00308507    0.00308507 
0.11896    5e-12    7.83048e-12    0    2.83048e-12    0.00308507    0.00308507 
0.118819    5e-12    7.8294e-12    0    2.8294e-12    0.00308507    0.00308507 
0.118678    5e-12    7.82834e-12    0    2.82834e-12    0.00308507    0.00308507 
0.118537    5e-12    7.82727e-12    0    2.82727e-12    0.00308507    0.00308507 
0.118396    5e-12    7.82621e-12    0    2.82621e-12    0.00308507    0.00308507 
0.118256    5e-12    7.82515e-12    0    2.82515e-12    0.00308507    0.00308507 
0.118116    5e-12    7.82409e-12    0    2.82409e-12    0.00308507    0.00308507 
0.117977    5e-12    7.82303e-12    0    2.82303e-12    0.00308507    0.00308507 
0.117838    5e-12    7.82198e-12    0    2.82198e-12    0.00308507    0.00308507 
0.117699    5e-12    7.82093e-12    0    2.82093e-12    0.00308507    0.00308507 
0.11756    5e-12    7.81989e-12    0    2.81989e-12    0.00308507    0.00308507 
0.117422    5e-12    7.81885e-12    0    2.81885e-12    0.00308507    0.00308507 
0.117284    5e-12    7.81781e-12    0    2.81781e-12    0.00308507    0.00308507 
0.117147    5e-12    7.81677e-12    0    2.81677e-12    0.00308507    0.00308507 
0.11701    5e-12    7.81574e-12    0    2.81574e-12    0.00308507    0.00308507 
0.116873    5e-12    7.81471e-12    0    2.81471e-12    0.00308507    0.00308507 
0.116736    5e-12    7.81368e-12    0    2.81368e-12    0.00308507    0.00308507 
0.1166    5e-12    7.81265e-12    0    2.81265e-12    0.00308507    0.00308507 
0.116464    5e-12    7.81163e-12    0    2.81163e-12    0.00308507    0.00308507 
0.116328    5e-12    7.81061e-12    0    2.81061e-12    0.00308507    0.00308507 
0.116193    5e-12    7.8096e-12    0    2.8096e-12    0.00308507    0.00308507 
0.116058    5e-12    7.80858e-12    0    2.80858e-12    0.00308507    0.00308507 
0.115923    5e-12    7.80757e-12    0    2.80757e-12    0.00308507    0.00308507 
0.115789    5e-12    7.80657e-12    0    2.80657e-12    0.00308507    0.00308507 
0.115655    5e-12    7.80556e-12    0    2.80556e-12    0.00308507    0.00308507 
0.115521    5e-12    7.80456e-12    0    2.80456e-12    0.00308507    0.00308507 
0.115388    5e-12    7.80356e-12    0    2.80356e-12    0.00308507    0.00308507 
0.115255    5e-12    7.80256e-12    0    2.80256e-12    0.00308507    0.00308507 
0.115122    5e-12    7.80157e-12    0    2.80157e-12    0.00308507    0.00308507 
0.114989    5e-12    7.80058e-12    0    2.80058e-12    0.00308507    0.00308507 
0.114857    5e-12    7.79959e-12    0    2.79959e-12    0.00308507    0.00308507 
0.114725    5e-12    7.7986e-12    0    2.7986e-12    0.00308507    0.00308507 
0.114594    5e-12    7.79762e-12    0    2.79762e-12    0.00308507    0.00308507 
0.114462    5e-12    7.79664e-12    0    2.79664e-12    0.00308507    0.00308507 
0.114331    5e-12    7.79566e-12    0    2.79566e-12    0.00308507    0.00308507 
0.114201    5e-12    7.79469e-12    0    2.79469e-12    0.00308507    0.00308507 
0.11407    5e-12    7.79372e-12    0    2.79372e-12    0.00308507    0.00308507 
0.11394    5e-12    7.79275e-12    0    2.79275e-12    0.00308507    0.00308507 
0.11381    5e-12    7.79178e-12    0    2.79178e-12    0.00308507    0.00308507 
0.113681    5e-12    7.79082e-12    0    2.79082e-12    0.00308507    0.00308507 
0.113552    5e-12    7.78986e-12    0    2.78986e-12    0.00308507    0.00308507 
0.113423    5e-12    7.7889e-12    0    2.7889e-12    0.00308507    0.00308507 
0.113294    5e-12    7.78794e-12    0    2.78794e-12    0.00308507    0.00308507 
0.113166    5e-12    7.78699e-12    0    2.78699e-12    0.00308507    0.00308507 
0.113038    5e-12    7.78604e-12    0    2.78604e-12    0.00308507    0.00308507 
0.11291    5e-12    7.78509e-12    0    2.78509e-12    0.00308507    0.00308507 
0.112782    5e-12    7.78414e-12    0    2.78414e-12    0.00308507    0.00308507 
0.112655    5e-12    7.7832e-12    0    2.7832e-12    0.00308507    0.00308507 
0.112528    5e-12    7.78226e-12    0    2.78226e-12    0.00308507    0.00308507 
0.112402    5e-12    7.78132e-12    0    2.78132e-12    0.00308507    0.00308507 
0.112275    5e-12    7.78038e-12    0    2.78038e-12    0.00308507    0.00308507 
0.112149    5e-12    7.77945e-12    0    2.77945e-12    0.00308507    0.00308507 
0.112024    5e-12    7.77852e-12    0    2.77852e-12    0.00308507    0.00308507 
0.111898    5e-12    7.77759e-12    0    2.77759e-12    0.00308507    0.00308507 
0.111773    5e-12    7.77666e-12    0    2.77666e-12    0.00308507    0.00308507 
0.111648    5e-12    7.77574e-12    0    2.77574e-12    0.00308507    0.00308507 
0.111523    5e-12    7.77482e-12    0    2.77482e-12    0.00308507    0.00308507 
0.111399    5e-12    7.7739e-12    0    2.7739e-12    0.00308507    0.00308507 
0.111275    5e-12    7.77299e-12    0    2.77299e-12    0.00308507    0.00308507 
0.111151    5e-12    7.77207e-12    0    2.77207e-12    0.00308507    0.00308507 
0.111028    5e-12    7.77116e-12    0    2.77116e-12    0.00308507    0.00308507 
0.110904    5e-12    7.77025e-12    0    2.77025e-12    0.00308507    0.00308507 
0.110781    5e-12    7.76935e-12    0    2.76935e-12    0.00308507    0.00308507 
0.110659    5e-12    7.76844e-12    0    2.76844e-12    0.00308507    0.00308507 
0.110536    5e-12    7.76754e-12    0    2.76754e-12    0.00308507    0.00308507 
0.110414    5e-12    7.76664e-12    0    2.76664e-12    0.00308507    0.00308507 
0.110292    5e-12    7.76574e-12    0    2.76574e-12    0.00308507    0.00308507 
0.11017    5e-12    7.76485e-12    0    2.76485e-12    0.00308507    0.00308507 
0.110049    5e-12    7.76396e-12    0    2.76396e-12    0.00308507    0.00308507 
0.109928    5e-12    7.76307e-12    0    2.76307e-12    0.00308507    0.00308507 
0.109807    5e-12    7.76218e-12    0    2.76218e-12    0.00308507    0.00308507 
0.109687    5e-12    7.7613e-12    0    2.7613e-12    0.00308507    0.00308507 
0.109566    5e-12    7.76041e-12    0    2.76041e-12    0.00308507    0.00308507 
0.109446    5e-12    7.75953e-12    0    2.75953e-12    0.00308507    0.00308507 
0.109327    5e-12    7.75865e-12    0    2.75865e-12    0.00308507    0.00308507 
0.109207    5e-12    7.75778e-12    0    2.75778e-12    0.00308507    0.00308507 
0.109088    5e-12    7.75691e-12    0    2.75691e-12    0.00308507    0.00308507 
0.108969    5e-12    7.75603e-12    0    2.75603e-12    0.00308507    0.00308507 
0.10885    5e-12    7.75516e-12    0    2.75516e-12    0.00308507    0.00308507 
0.108732    5e-12    7.7543e-12    0    2.7543e-12    0.00308507    0.00308507 
0.108613    5e-12    7.75343e-12    0    2.75343e-12    0.00308507    0.00308507 
0.108495    5e-12    7.75257e-12    0    2.75257e-12    0.00308507    0.00308507 
0.108378    5e-12    7.75171e-12    0    2.75171e-12    0.00308507    0.00308507 
0.10826    5e-12    7.75085e-12    0    2.75085e-12    0.00308507    0.00308507 
0.108143    5e-12    7.75e-12    0    2.75e-12    0.00308507    0.00308507 
0.108026    5e-12    7.74914e-12    0    2.74914e-12    0.00308507    0.00308507 
0.107909    5e-12    7.74829e-12    0    2.74829e-12    0.00308507    0.00308507 
0.107793    5e-12    7.74744e-12    0    2.74744e-12    0.00308507    0.00308507 
0.107677    5e-12    7.7466e-12    0    2.7466e-12    0.00308507    0.00308507 
0.107561    5e-12    7.74575e-12    0    2.74575e-12    0.00308507    0.00308507 
0.107445    5e-12    7.74491e-12    0    2.74491e-12    0.00308507    0.00308507 
0.10733    5e-12    7.74407e-12    0    2.74407e-12    0.00308507    0.00308507 
0.107215    5e-12    7.74323e-12    0    2.74323e-12    0.00308507    0.00308507 
0.1071    5e-12    7.74239e-12    0    2.74239e-12    0.00308507    0.00308507 
0.106985    5e-12    7.74156e-12    0    2.74156e-12    0.00308507    0.00308507 
0.10687    5e-12    7.74073e-12    0    2.74073e-12    0.00308507    0.00308507 
0.106756    5e-12    7.7399e-12    0    2.7399e-12    0.00308507    0.00308507 
0.106642    5e-12    7.73907e-12    0    2.73907e-12    0.00308507    0.00308507 
0.106529    5e-12    7.73825e-12    0    2.73825e-12    0.00308507    0.00308507 
0.106415    5e-12    7.73742e-12    0    2.73742e-12    0.00308507    0.00308507 
0.106302    5e-12    7.7366e-12    0    2.7366e-12    0.00308507    0.00308507 
0.106189    5e-12    7.73578e-12    0    2.73578e-12    0.00308507    0.00308507 
0.106076    5e-12    7.73496e-12    0    2.73496e-12    0.00308507    0.00308507 
0.105964    5e-12    7.73415e-12    0    2.73415e-12    0.00308507    0.00308507 
0.105851    5e-12    7.73334e-12    0    2.73334e-12    0.00308507    0.00308507 
0.105739    5e-12    7.73252e-12    0    2.73252e-12    0.00308507    0.00308507 
0.105628    5e-12    7.73171e-12    0    2.73171e-12    0.00308507    0.00308507 
0.105516    5e-12    7.73091e-12    0    2.73091e-12    0.00308507    0.00308507 
0.105405    5e-12    7.7301e-12    0    2.7301e-12    0.00308507    0.00308507 
0.105294    5e-12    7.7293e-12    0    2.7293e-12    0.00308507    0.00308507 
0.105183    5e-12    7.7285e-12    0    2.7285e-12    0.00308507    0.00308507 
0.105072    5e-12    7.7277e-12    0    2.7277e-12    0.00308507    0.00308507 
0.104962    5e-12    7.7269e-12    0    2.7269e-12    0.00308507    0.00308507 
0.104851    5e-12    7.72611e-12    0    2.72611e-12    0.00308507    0.00308507 
0.104742    5e-12    7.72531e-12    0    2.72531e-12    0.00308507    0.00308507 
0.104632    5e-12    7.72452e-12    0    2.72452e-12    0.00308507    0.00308507 
0.104522    5e-12    7.72373e-12    0    2.72373e-12    0.00308507    0.00308507 
0.104413    5e-12    7.72295e-12    0    2.72295e-12    0.00308507    0.00308507 
0.104304    5e-12    7.72216e-12    0    2.72216e-12    0.00308507    0.00308507 
0.104195    5e-12    7.72138e-12    0    2.72138e-12    0.00308507    0.00308507 
0.104087    5e-12    7.7206e-12    0    2.7206e-12    0.00308507    0.00308507 
0.103978    5e-12    7.71982e-12    0    2.71982e-12    0.00308507    0.00308507 
0.10387    5e-12    7.71904e-12    0    2.71904e-12    0.00308507    0.00308507 
0.103762    5e-12    7.71826e-12    0    2.71826e-12    0.00308507    0.00308507 
0.103655    5e-12    7.71749e-12    0    2.71749e-12    0.00308507    0.00308507 
0.103547    5e-12    7.71672e-12    0    2.71672e-12    0.00308507    0.00308507 
0.10344    5e-12    7.71595e-12    0    2.71595e-12    0.00308507    0.00308507 
0.103333    5e-12    7.71518e-12    0    2.71518e-12    0.00308507    0.00308507 
0.103226    5e-12    7.71441e-12    0    2.71441e-12    0.00308507    0.00308507 
0.10312    5e-12    7.71365e-12    0    2.71365e-12    0.00308507    0.00308507 
0.103013    5e-12    7.71289e-12    0    2.71289e-12    0.00308507    0.00308507 
0.102907    5e-12    7.71212e-12    0    2.71212e-12    0.00308507    0.00308507 
0.102801    5e-12    7.71137e-12    0    2.71137e-12    0.00308507    0.00308507 
0.102696    5e-12    7.71061e-12    0    2.71061e-12    0.00308507    0.00308507 
0.10259    5e-12    7.70985e-12    0    2.70985e-12    0.00308507    0.00308507 
0.102485    5e-12    7.7091e-12    0    2.7091e-12    0.00308507    0.00308507 
0.10238    5e-12    7.70835e-12    0    2.70835e-12    0.00308507    0.00308507 
0.102275    5e-12    7.7076e-12    0    2.7076e-12    0.00308507    0.00308507 
0.102171    5e-12    7.70685e-12    0    2.70685e-12    0.00308507    0.00308507 
0.102066    5e-12    7.7061e-12    0    2.7061e-12    0.00308507    0.00308507 
0.101962    5e-12    7.70536e-12    0    2.70536e-12    0.00308507    0.00308507 
0.101858    5e-12    7.70462e-12    0    2.70462e-12    0.00308507    0.00308507 
0.101754    5e-12    7.70388e-12    0    2.70388e-12    0.00308507    0.00308507 
0.101651    5e-12    7.70314e-12    0    2.70314e-12    0.00308507    0.00308507 
0.101547    5e-12    7.7024e-12    0    2.7024e-12    0.00308507    0.00308507 
0.101444    5e-12    7.70167e-12    0    2.70167e-12    0.00308507    0.00308507 
0.101341    5e-12    7.70093e-12    0    2.70093e-12    0.00308507    0.00308507 
0.101239    5e-12    7.7002e-12    0    2.7002e-12    0.00308507    0.00308507 
0.101136    5e-12    7.69947e-12    0    2.69947e-12    0.00308507    0.00308507 
0.101034    5e-12    7.69874e-12    0    2.69874e-12    0.00308507    0.00308507 
0.100932    5e-12    7.69801e-12    0    2.69801e-12    0.00308507    0.00308507 
0.10083    5e-12    7.69729e-12    0    2.69729e-12    0.00308507    0.00308507 
0.100728    5e-12    7.69657e-12    0    2.69657e-12    0.00308507    0.00308507 
0.100627    5e-12    7.69584e-12    0    2.69584e-12    0.00308507    0.00308507 
0.100526    5e-12    7.69512e-12    0    2.69512e-12    0.00308507    0.00308507 
0.100425    5e-12    7.69441e-12    0    2.69441e-12    0.00308507    0.00308507 
0.100324    5e-12    7.69369e-12    0    2.69369e-12    0.00308507    0.00308507 
0.100223    5e-12    7.69298e-12    0    2.69298e-12    0.00308507    0.00308507 
0.100123    5e-12    7.69226e-12    0    2.69226e-12    0.00308507    0.00308507 
0.100022    5e-12    7.69155e-12    0    2.69155e-12    0.00308507    0.00308507 
