6.66667    6.75999e-08    6.75999e-08    6.75949e-08    6.75949e-08    0.00323259    0.00323259 
6.25    2.72148e-08    2.80523e-08    2.72098e-08    2.80473e-08    0.00323459    0.00323459 
5.88235    1.09024e-08    1.17278e-08    1.08974e-08    1.17228e-08    0.00323666    0.00323666 
5.55555    4.34909e-09    5.14437e-09    4.34409e-09    5.13937e-09    0.0032389    0.0032389 
5.26316    1.72885e-09    2.46944e-09    1.72385e-09    2.46444e-09    0.00324121    0.00324121 
5    6.85693e-10    1.3484e-09    6.80693e-10    1.3434e-09    0.00324367    0.00324367 
4.7619    2.71986e-10    8.45201e-10    2.66986e-10    8.40201e-10    0.00324617    0.00324617 
4.54545    1.08507e-10    5.94475e-10    1.03507e-10    5.89475e-10    0.00324893    0.00324893 
4.34782    4.41378e-11    4.53971e-10    3.91378e-11    4.48971e-10    0.00325168    0.00325168 
4.16666    1.8951e-11    3.6645e-10    1.3951e-11    3.6145e-10    0.00325468    0.00325468 
3.99984    9.3156e-12    3.07104e-10    4.3156e-12    3.02104e-10    0.00325778    0.00325778 
3.84601    6.01391e-12    2.64455e-10    1.01391e-12    2.59455e-10    0.0032608    0.0032608 
3.70357    5.17793e-12    2.32292e-10    1.77934e-13    2.27292e-10    0.00326424    0.00326424 
3.5713    5.02758e-12    2.07176e-10    2.75836e-14    2.02176e-10    0.00326754    0.00326754 
3.44816    5.00416e-12    1.87019e-10    4.15729e-15    1.82019e-10    0.00327107    0.00327107 
3.33322    5.00062e-12    1.70486e-10    6.22054e-16    1.65486e-10    0.00327462    0.00327462 
3.2257    5.00009e-12    1.5668e-10    9.27494e-17    1.5168e-10    0.0032784    0.0032784 
3.1249    5.00001e-12    1.44978e-10    1.379e-17    1.39978e-10    0.00328241    0.00328241 
3.03012    5e-12    1.34923e-10    2.04045e-18    1.29923e-10    0.00328614    0.00328614 
2.94092    5e-12    1.262e-10    3.01233e-19    1.212e-10    0.00329035    0.00329035 
2.85682    5e-12    1.1856e-10    4.4362e-20    1.1356e-10    0.0032945    0.0032945 
2.77739    5e-12    1.11814e-10    6.51902e-21    1.06814e-10    0.00329887    0.00329887 
2.70226    5e-12    1.05812e-10    9.55838e-22    1.00812e-10    0.00330313    0.00330313 
2.63109    5e-12    1.0044e-10    1.39877e-22    9.54397e-11    0.0033076    0.0033076 
2.56358    5e-12    9.56018e-11    2.04277e-23    9.06018e-11    0.00331191    0.00331191 
2.49944    5e-12    9.12226e-11    2.97807e-24    8.62226e-11    0.00331641    0.00331641 
2.43843    5e-12    8.72399e-11    4.33442e-25    8.22399e-11    0.0033211    0.0033211 
2.38033    5e-12    8.36023e-11    6.29864e-26    7.86023e-11    0.00332599    0.00332599 
2.32493    5e-12    8.02668e-11    9.137e-27    7.52668e-11    0.00333065    0.00333065 
2.27206    5e-12    7.71974e-11    1.32354e-27    7.21974e-11    0.00333548    0.00333548 
2.22153    5e-12    7.43634e-11    1.9146e-28    6.93634e-11    0.00334049    0.00334049 
2.1732    5e-12    7.17389e-11    2.76601e-29    6.67389e-11    0.00334568    0.00334568 
2.12694    5e-12    6.93014e-11    3.98991e-30    6.43014e-11    0.00335055    0.00335055 
2.0826    5e-12    6.70317e-11    5.74845e-31    6.20317e-11    0.00335559    0.00335559 
2.04007    5e-12    6.4913e-11    8.27254e-32    5.9913e-11    0.00336078    0.00336078 
1.99924    5e-12    6.29309e-11    1.18919e-32    5.79309e-11    0.00336613    0.00336613 
1.96002    5e-12    6.10725e-11    1.70767e-33    5.60725e-11    0.00337164    0.00337164 
1.9223    5e-12    5.93266e-11    2.4489e-34    5.43266e-11    0.00337674    0.00337674 
1.88601    5e-12    5.76833e-11    3.50841e-35    5.26833e-11    0.00338197    0.00338197 
1.85106    5e-12    5.61339e-11    5.02158e-36    5.11339e-11    0.00338734    0.00338734 
1.81739    5e-12    5.46706e-11    7.18083e-37    4.96706e-11    0.00339284    0.00339284 
1.78492    5e-12    5.32863e-11    1.02596e-37    4.82863e-11    0.00339848    0.00339848 
1.75359    5e-12    5.1975e-11    1.46404e-38    4.6975e-11    0.00340361    0.00340361 
1.72334    5e-12    5.07309e-11    2.08827e-39    4.57309e-11    0.00340951    0.00340951 
1.69411    5e-12    4.9549e-11    2.97515e-40    4.4549e-11    0.00341487    0.00341487 
1.66586    5e-12    4.84248e-11    4.23543e-41    4.34248e-11    0.00342034    0.00342034 
1.63854    5e-12    4.73542e-11    6.0251e-42    4.23542e-11    0.00342591    0.00342591 
1.6121    5e-12    4.63335e-11    8.56483e-43    4.13335e-11    0.0034316    0.0034316 
1.5865    5e-12    4.53592e-11    1.21667e-43    4.03592e-11    0.00343739    0.00343739 
1.56169    5e-12    4.44283e-11    1.72642e-44    3.94283e-11    0.00344254    0.00344254 
1.53768    5e-12    4.35388e-11    2.454e-45    3.85388e-11    0.00344853    0.00344853 
1.51439    5e-12    4.26871e-11    3.48445e-46    3.76871e-11    0.00345386    0.00345386 
1.4918    5e-12    4.1871e-11    4.94453e-47    3.6871e-11    0.00345927    0.00345927 
1.46987    5e-12    4.10883e-11    7.01541e-48    3.60883e-11    0.00346556    0.00346556 
1.44858    5e-12    4.03369e-11    9.94332e-49    3.53369e-11    0.00347114    0.00347114 
1.4279    5e-12    3.9615e-11    1.40852e-49    3.4615e-11    0.0034768    0.0034768 
1.4078    5e-12    3.89209e-11    1.9932e-50    3.39209e-11    0.00348171    0.00348171 
1.38825    5e-12    3.82531e-11    2.82038e-51    3.32531e-11    0.00348751    0.00348751 
1.36924    5e-12    3.76101e-11    3.98877e-52    3.26101e-11    0.00349339    0.00349339 
1.35075    5e-12    3.69905e-11    5.63557e-53    3.19905e-11    0.00349848    0.00349848 
1.33275    5e-12    3.63931e-11    7.96219e-54    3.13931e-11    0.0035045    0.0035045 
1.31522    5e-12    3.58167e-11    1.12383e-54    3.08167e-11    0.00350971    0.00350971 
1.29814    5e-12    3.52603e-11    1.58629e-55    3.02603e-11    0.00351586    0.00351586 
1.28151    5e-12    3.47228e-11    2.23689e-56    2.97228e-11    0.00352118    0.00352118 
1.26529    5e-12    3.42032e-11    3.1529e-57    2.92032e-11    0.00352656    0.00352656 
1.24948    5e-12    3.37008e-11    4.44205e-58    2.87008e-11    0.00353198    0.00353198 
1.23407    5e-12    3.32146e-11    6.25561e-59    2.82146e-11    0.00353745    0.00353745 
1.21902    5e-12    3.27439e-11    8.80588e-60    2.77439e-11    0.00354297    0.00354297 
1.20434    5e-12    3.2288e-11    1.23907e-60    2.7288e-11    0.00354853    0.00354853 
1.19001    5e-12    3.18462e-11    1.74188e-61    2.68462e-11    0.0035532    0.0035532 
1.17601    5e-12    3.14179e-11    2.44904e-62    2.64179e-11    0.00355885    0.00355885 
1.16234    5e-12    3.10023e-11    3.44196e-63    2.60023e-11    0.00356454    0.00356454 
1.14899    5e-12    3.05991e-11    4.83304e-64    2.55991e-11    0.00356931    0.00356931 
1.13594    5e-12    3.02077e-11    6.78747e-65    2.52077e-11    0.00357507    0.00357507 
1.12318    5e-12    2.98274e-11    9.52365e-66    2.48274e-11    0.00357991    0.00357991 
1.1107    5e-12    2.9458e-11    1.33654e-66    2.4458e-11    0.00358574    0.00358574 
1.0985    5e-12    2.90989e-11    1.874e-67    2.40989e-11    0.00359063    0.00359063 
1.08657    5e-12    2.87497e-11    2.62671e-68    2.37497e-11    0.00359555    0.00359555 
1.07489    5e-12    2.841e-11    3.68253e-69    2.341e-11    0.00360148    0.00360148 
1.06346    5e-12    2.80794e-11    5.15823e-70    2.30794e-11    0.00360645    0.00360645 
1.05227    5e-12    2.77576e-11    7.22297e-71    2.27576e-11    0.00361144    0.00361144 
1.04131    5e-12    2.74442e-11    1.0111e-71    2.24442e-11    0.00361646    0.00361646 
1.03058    5e-12    2.71389e-11    1.41494e-72    2.21389e-11    0.00362149    0.00362149 
1.02006    5e-12    2.68414e-11    1.97947e-73    2.18414e-11    0.00362655    0.00362655 
1.00976    5e-12    2.65514e-11    2.76842e-74    2.15514e-11    0.00363163    0.00363163 
0.99967    5e-12    2.62687e-11    3.87069e-75    2.12687e-11    0.00363672    0.00363672 
0.989776    5e-12    2.59929e-11    5.40725e-76    2.09929e-11    0.00364081    0.00364081 
0.980075    5e-12    2.57238e-11    7.55589e-77    2.07238e-11    0.00364594    0.00364594 
0.970563    5e-12    2.54612e-11    1.05554e-77    2.04612e-11    0.00365109    0.00365109 
0.961233    5e-12    2.52048e-11    1.47417e-78    2.02048e-11    0.00365625    0.00365625 
0.952082    5e-12    2.49545e-11    2.05712e-79    1.99545e-11    0.00366039    0.00366039 
0.943103    5e-12    2.471e-11    2.87145e-80    1.971e-11    0.00366559    0.00366559 
0.934291    5e-12    2.44711e-11    4.00485e-81    1.94711e-11    0.00366975    0.00366975 
0.925643    5e-12    2.42376e-11    5.58738e-82    1.92376e-11    0.00367497    0.00367497 
0.917154    5e-12    2.40095e-11    7.78889e-83    1.90095e-11    0.00367915    0.00367915 
0.908818    5e-12    2.37864e-11    1.08614e-83    1.87864e-11    0.0036844    0.0036844 
0.900633    5e-12    2.35682e-11    1.51335e-84    1.85682e-11    0.0036886    0.0036886 
0.892594    5e-12    2.33548e-11    2.10812e-85    1.83548e-11    0.00369281    0.00369281 
0.884697    5e-12    2.3146e-11    2.93762e-86    1.8146e-11    0.00369808    0.00369808 
0.876939    5e-12    2.29416e-11    4.09025e-87    1.79416e-11    0.00370231    0.00370231 
0.869316    5e-12    2.27416e-11    5.69386e-88    1.77416e-11    0.00370655    0.00370655 
0.861824    5e-12    2.25458e-11    7.92443e-89    1.75458e-11    0.00371079    0.00371079 
0.85446    5e-12    2.23541e-11    1.10264e-89    1.73541e-11    0.00371504    0.00371504 
0.847221    5e-12    2.21663e-11    1.53897e-90    1.71663e-11    0.00372539    0.00372539 
0.840103    5e-12    2.19825e-11    2.14866e-91    1.69825e-11    0.00373677    0.00373677 
0.833104    5e-12    2.18026e-11    2.99529e-92    1.68026e-11    0.0037457    0.0037457 
0.826221    5e-12    2.16264e-11    4.17374e-93    1.66264e-11    0.00375424    0.00375424 
0.81945    5e-12    2.14537e-11    5.81287e-94    1.64537e-11    0.00376221    0.00376221 
0.81279    5e-12    2.12845e-11    8.08362e-95    1.62845e-11    0.00376775    0.00376775 
0.806237    5e-12    2.11187e-11    1.12465e-95    1.61187e-11    0.00377452    0.00377452 
0.799789    5e-12    2.09561e-11    1.56379e-96    1.59561e-11    0.00378058    0.00378058 
0.793443    5e-12    2.07966e-11    2.1733e-97    1.57966e-11    0.00378604    0.00378604 
0.787197    5e-12    2.06402e-11    3.01905e-98    1.56402e-11    0.00379103    0.00379103 
0.781049    5e-12    2.04867e-11    4.19252e-99    1.54867e-11    0.00379573    0.00379573 
0.774996    5e-12    2.03361e-11    5.81726e-100    1.53361e-11    0.0037992    0.0037992 
0.769036    5e-12    2.01882e-11    8.07555e-101    1.51882e-11    0.00380393    0.00380393 
0.763167    5e-12    2.00431e-11    1.12103e-101    1.50431e-11    0.00380897    0.00380897 
0.757386    5e-12    1.99006e-11    1.55633e-102    1.49006e-11    0.00381449    0.00381449 
0.751693    5e-12    1.97607e-11    2.15917e-103    1.47607e-11    0.00381904    0.00381904 
0.746085    5e-12    1.96234e-11    2.99836e-104    1.46234e-11    0.00382574    0.00382574 
0.74056    5e-12    1.94885e-11    4.16046e-105    1.44885e-11    0.00383125    0.00383125 
0.735116    5e-12    1.9356e-11    5.77948e-106    1.4356e-11    0.00383925    0.00383925 
0.729751    5e-12    1.9226e-11    8.02076e-107    1.4226e-11    0.00384571    0.00384571 
0.724464    5e-12    1.90982e-11    1.11449e-107    1.40982e-11    0.00385485    0.00385485 
0.719254    5e-12    1.89727e-11    1.54676e-108    1.39727e-11    0.00386202    0.00386202 
0.714117    5e-12    1.88494e-11    2.14933e-109    1.38494e-11    0.00387188    0.00387188 
0.709054    5e-12    1.87283e-11    2.98254e-110    1.37283e-11    0.00387939    0.00387939 
0.704062    5e-12    1.86093e-11    4.14345e-111    1.36093e-11    0.00388941    0.00388941 
0.699139    5e-12    1.84923e-11    5.74763e-112    1.34923e-11    0.00389682    0.00389682 
0.694285    5e-12    1.83774e-11    7.98071e-113    1.33774e-11    0.00390645    0.00390645 
0.689498    5e-12    1.82644e-11    1.10646e-113    1.32644e-11    0.0039134    0.0039134 
0.684777    5e-12    1.81533e-11    1.53356e-114    1.31533e-11    0.00392007    0.00392007 
0.680119    5e-12    1.8044e-11    2.12491e-115    1.3044e-11    0.00392645    0.00392645 
0.675525    5e-12    1.79366e-11    2.94635e-116    1.29366e-11    0.00393449    0.00393449 
0.670992    5e-12    1.78309e-11    4.07989e-117    1.28309e-11    0.00394018    0.00394018 
0.66652    5e-12    1.77269e-11    5.64805e-118    1.27269e-11    0.00394562    0.00394562 
0.662107    5e-12    1.76246e-11    7.8171e-119    1.26246e-11    0.00395085    0.00395085 
0.657752    5e-12    1.75239e-11    1.08261e-119    1.25239e-11    0.00395763    0.00395763 
0.653454    5e-12    1.74248e-11    1.49781e-120    1.24248e-11    0.00396264    0.00396264 
0.649212    5e-12    1.73273e-11    2.072e-121    1.23273e-11    0.00396769    0.00396769 
0.645024    5e-12    1.72313e-11    2.86612e-122    1.22313e-11    0.00397285    0.00397285 
0.64089    5e-12    1.71368e-11    3.96445e-123    1.21368e-11    0.0039782    0.0039782 
0.636809    5e-12    1.70437e-11    5.48371e-124    1.20437e-11    0.0039838    0.0039838 
0.632779    5e-12    1.69521e-11    7.58546e-125    1.19521e-11    0.00398973    0.00398973 
0.6288    5e-12    1.68619e-11    1.04934e-125    1.18619e-11    0.00399603    0.00399603 
0.624871    5e-12    1.6773e-11    1.45173e-126    1.1773e-11    0.00400273    0.00400273 
0.620991    5e-12    1.66856e-11    2.00862e-127    1.16856e-11    0.00400986    0.00400986 
0.617158    5e-12    1.65994e-11    2.77939e-128    1.15994e-11    0.00401743    0.00401743 
0.613373    5e-12    1.65146e-11    3.84628e-129    1.15146e-11    0.00402542    0.00402542 
0.609633    5e-12    1.6431e-11    5.32311e-130    1.1431e-11    0.0040338    0.0040338 
0.605939    5e-12    1.63488e-11    7.36738e-131    1.13488e-11    0.00404253    0.00404253 
0.60229    5e-12    1.62677e-11    1.0197e-131    1.12677e-11    0.00405155    0.00405155 
0.598684    5e-12    1.61879e-11    1.41133e-132    1.11879e-11    0.0040608    0.0040608 
0.595121    5e-12    1.61093e-11    1.95328e-133    1.11093e-11    0.00407019    0.00407019 
0.5916    5e-12    1.60318e-11    2.70311e-134    1.10318e-11    0.00407964    0.00407964 
0.588121    5e-12    1.59555e-11    3.74033e-135    1.09555e-11    0.00408907    0.00408907 
0.584682    5e-12    1.58803e-11    5.16688e-136    1.08803e-11    0.0040953    0.0040953 
0.581284    5e-12    1.58062e-11    7.14713e-137    1.08062e-11    0.00410452    0.00410452 
0.577924    5e-12    1.57332e-11    9.88415e-138    1.07332e-11    0.0041135    0.0041135 
0.574604    5e-12    1.56613e-11    1.36659e-138    1.06613e-11    0.0041222    0.0041222 
0.571321    5e-12    1.55903e-11    1.88895e-139    1.05903e-11    0.00413056    0.00413056 
0.568075    5e-12    1.55204e-11    2.60694e-140    1.05204e-11    0.00413593    0.00413593 
0.564866    5e-12    1.54515e-11    3.60158e-141    1.04515e-11    0.00414366    0.00414366 
0.561694    5e-12    1.53835e-11    4.9743e-142    1.03835e-11    0.00415102    0.00415102 
0.558556    5e-12    1.53165e-11    6.86076e-143    1.03165e-11    0.00415572    0.00415572 
0.555454    5e-12    1.52504e-11    9.47115e-144    1.02504e-11    0.00416248    0.00416248 
0.552385    5e-12    1.51852e-11    1.30716e-144    1.01852e-11    0.00416895    0.00416895 
0.549351    5e-12    1.51208e-11    1.8037e-145    1.01208e-11    0.00417517    0.00417517 
0.54635    5e-12    1.50574e-11    2.48604e-146    1.00574e-11    0.00417922    0.00417922 
0.543381    5e-12    1.49948e-11    3.42937e-147    9.99481e-12    0.00418522    0.00418522 
0.540444    5e-12    1.49331e-11    4.72566e-148    9.93305e-12    0.00418919    0.00418919 
0.537539    5e-12    1.48721e-11    6.51766e-149    9.87211e-12    0.00419519    0.00419519 
0.534665    5e-12    1.4812e-11    8.98892e-150    9.81198e-12    0.00420131    0.00420131 
0.531822    5e-12    1.47527e-11    1.23847e-150    9.75265e-12    0.00420551    0.00420551 
0.529008    5e-12    1.46941e-11    1.70808e-151    9.69411e-12    0.00421203    0.00421203 
0.526224    5e-12    1.46363e-11    2.35334e-152    9.63633e-12    0.00421656    0.00421656 
0.52347    5e-12    1.45793e-11    3.24606e-153    9.5793e-12    0.0042237    0.0042237 
0.520744    5e-12    1.4523e-11    4.47252e-154    9.52302e-12    0.00422869    0.00422869 
0.518046    5e-12    1.44675e-11    6.1703e-155    9.46748e-12    0.00423659    0.00423659 
0.515376    5e-12    1.44127e-11    8.50239e-156    9.41267e-12    0.00424212    0.00424212 
0.512734    5e-12    1.43586e-11    1.17326e-156    9.35857e-12    0.00425086    0.00425086 
0.510118    5e-12    1.43052e-11    1.61685e-157    9.30517e-12    0.00425696    0.00425696 
0.507529    5e-12    1.42525e-11    2.23161e-158    9.25247e-12    0.00426652    0.00426652 
0.504966    5e-12    1.42005e-11    3.07562e-159    9.20045e-12    0.00427315    0.00427315 
0.502429    5e-12    1.41491e-11    4.24577e-160    9.14912e-12    0.00428345    0.00428345 
0.499918    5e-12    1.40984e-11    5.85181e-161    9.09844e-12    0.00429053    0.00429053 
0.497431    5e-12    1.40484e-11    8.06524e-162    9.04842e-12    0.00429774    0.00429774 
0.494969    5e-12    1.3999e-11    1.11347e-162    8.99904e-12    0.00430878    0.00430878 
0.492531    5e-12    1.39503e-11    1.53457e-163    8.9503e-12    0.00431623    0.00431623 
0.490117    5e-12    1.39022e-11    2.11848e-164    8.90219e-12    0.0043275    0.0043275 
0.487726    5e-12    1.38547e-11    2.91927e-165    8.85469e-12    0.00433502    0.00433502 
0.485359    5e-12    1.38078e-11    4.02241e-166    8.80779e-12    0.00434251    0.00434251 
0.483015    5e-12    1.37615e-11    5.55126e-167    8.76148e-12    0.00435365    0.00435365 
0.480693    5e-12    1.37158e-11    7.64715e-168    8.71576e-12    0.00436095    0.00436095 
0.478393    5e-12    1.36706e-11    1.0533e-168    8.67061e-12    0.00436814    0.00436814 
0.476116    5e-12    1.3626e-11    1.45288e-169    8.62603e-12    0.00437864    0.00437864 
0.47386    5e-12    1.3582e-11    2.0005e-170    8.58199e-12    0.00438543    0.00438543 
0.471625    5e-12    1.35385e-11    2.7541e-171    8.5385e-12    0.00439204    0.00439204 
0.469411    5e-12    1.34955e-11    3.79097e-172    8.49555e-12    0.00439844    0.00439844 
0.467218    5e-12    1.34531e-11    5.22452e-173    8.45311e-12    0.00440766    0.00440766 
0.465045    5e-12    1.34112e-11    7.18877e-174    8.41119e-12    0.00441355    0.00441355 
0.462892    5e-12    1.33698e-11    9.88992e-175    8.36977e-12    0.00441923    0.00441923 
0.460759    5e-12    1.33288e-11    1.36039e-175    8.32885e-12    0.00442471    0.00442471 
0.458646    5e-12    1.32884e-11    1.87317e-176    8.28841e-12    0.0044326    0.0044326 
0.456552    5e-12    1.32485e-11    2.57576e-177    8.24846e-12    0.00443766    0.00443766 
0.454477    5e-12    1.3209e-11    3.54145e-178    8.20897e-12    0.00444258    0.00444258 
0.452421    5e-12    1.31699e-11    4.86862e-179    8.16994e-12    0.00444738    0.00444738 
0.450383    5e-12    1.31314e-11    6.69249e-180    8.13137e-12    0.00445211    0.00445211 
0.448364    5e-12    1.30932e-11    9.20843e-181    8.09324e-12    0.00445911    0.00445911 
0.446363    5e-12    1.30556e-11    1.26561e-181    8.05556e-12    0.00446377    0.00446377 
0.444379    5e-12    1.30183e-11    1.73937e-182    8.01831e-12    0.00446845    0.00446845 
0.442413    5e-12    1.29815e-11    2.3904e-183    7.98148e-12    0.0044732    0.0044732 
0.440465    5e-12    1.29451e-11    3.28505e-184    7.94508e-12    0.00447805    0.00447805 
0.438533    5e-12    1.29091e-11    4.51453e-185    7.9091e-12    0.00448302    0.00448302 
0.436618    5e-12    1.28735e-11    6.20424e-186    7.87353e-12    0.00448816    0.00448816 
0.43472    5e-12    1.28384e-11    8.52661e-187    7.83836e-12    0.00449349    0.00449349 
0.432839    5e-12    1.28036e-11    1.17337e-187    7.80359e-12    0.00450191    0.00450191 
0.430973    5e-12    1.27692e-11    1.61281e-188    7.76921e-12    0.00450783    0.00450783 
0.429124    5e-12    1.27352e-11    2.21696e-189    7.73523e-12    0.00451402    0.00451402 
0.42729    5e-12    1.27016e-11    3.04764e-190    7.70163e-12    0.00452049    0.00452049 
0.425472    5e-12    1.26684e-11    4.18986e-191    7.66842e-12    0.00452726    0.00452726 
0.42367    5e-12    1.26356e-11    5.7606e-192    7.63558e-12    0.00453432    0.00453432 
0.421882    5e-12    1.26031e-11    7.92076e-193    7.60311e-12    0.00454168    0.00454168 
0.42011    5e-12    1.2571e-11    1.08917e-193    7.57102e-12    0.00454934    0.00454934 
0.418352    5e-12    1.25393e-11    1.4978e-194    7.53928e-12    0.00455727    0.00455727 
0.416609    5e-12    1.25079e-11    2.05986e-195    7.50791e-12    0.00456547    0.00456547 
0.414881    5e-12    1.24769e-11    2.83298e-196    7.47689e-12    0.00457392    0.00457392 
0.413167    5e-12    1.24462e-11    3.89641e-197    7.44622e-12    0.00458258    0.00458258 
0.411467    5e-12    1.24159e-11    5.35915e-198    7.4159e-12    0.00459143    0.00459143 
0.409781    5e-12    1.23859e-11    7.37111e-199    7.38592e-12    0.00460044    0.00460044 
0.408108    5e-12    1.23563e-11    1.01383e-199    7.35628e-12    0.00460958    0.00460958 
0.40645    5e-12    1.2327e-11    1.39441e-200    7.32697e-12    0.00461879    0.00461879 
0.404804    5e-12    1.2298e-11    1.91778e-201    7.29798e-12    0.00462803    0.00462803 
0.403172    5e-12    1.22693e-11    2.63742e-202    7.26933e-12    0.00463728    0.00463728 
0.401553    5e-12    1.2241e-11    3.62682e-203    7.24099e-12    0.00464647    0.00464647 
0.399947    5e-12    1.2213e-11    4.9869e-204    7.21296e-12    0.00465556    0.00465556 
0.398354    5e-12    1.21852e-11    6.85623e-205    7.18524e-12    0.00466452    0.00466452 
0.396773    5e-12    1.21578e-11    9.42502e-206    7.15783e-12    0.00467329    0.00467329 
0.395205    5e-12    1.21307e-11    1.29308e-206    7.13072e-12    0.00467759    0.00467759 
0.39365    5e-12    1.21039e-11    1.7771e-207    7.1039e-12    0.00468601    0.00468601 
0.392106    5e-12    1.20774e-11    2.44188e-208    7.07737e-12    0.00469415    0.00469415 
0.390575    5e-12    1.20511e-11    3.35472e-209    7.05113e-12    0.00470197    0.00470197 
0.389054    5e-12    1.20251e-11    4.59874e-210    7.02514e-12    0.00470945    0.00470945 
0.387544    5e-12    1.19994e-11    6.30279e-211    6.99942e-12    0.00471657    0.00471657 
0.386047    5e-12    1.1974e-11    8.63645e-212    6.97398e-12    0.00472331    0.00472331 
0.384561    5e-12    1.19488e-11    1.18316e-212    6.94881e-12    0.00472965    0.00472965 
0.383086    5e-12    1.19239e-11    1.61854e-213    6.92389e-12    0.00473268    0.00473268 
0.381623    5e-12    1.18992e-11    2.21659e-214    6.89924e-12    0.00473843    0.00473843 
0.38017    5e-12    1.18748e-11    3.03496e-215    6.87484e-12    0.00474379    0.00474379 
0.378729    5e-12    1.18507e-11    4.15464e-216    6.85069e-12    0.00474878    0.00474878 
0.377299    5e-12    1.18268e-11    5.68628e-217    6.82678e-12    0.0047534    0.0047534 
0.375879    5e-12    1.18031e-11    7.78113e-218    6.80311e-12    0.00475769    0.00475769 
0.37447    5e-12    1.17797e-11    1.06372e-218    6.77969e-12    0.00475972    0.00475972 
0.373072    5e-12    1.17565e-11    1.4552e-219    6.75649e-12    0.00476357    0.00476357 
0.371684    5e-12    1.17335e-11    1.99047e-220    6.73353e-12    0.00476718    0.00476718 
0.370306    5e-12    1.17108e-11    2.72229e-221    6.7108e-12    0.00477058    0.00477058 
0.368938    5e-12    1.16883e-11    3.72276e-222    6.68828e-12    0.00477382    0.00477382 
0.367581    5e-12    1.1666e-11    5.08717e-223    6.66599e-12    0.0047754    0.0047754 
0.366233    5e-12    1.16439e-11    6.95579e-224    6.64392e-12    0.00477851    0.00477851 
0.364896    5e-12    1.16221e-11    9.5103e-225    6.62206e-12    0.00478159    0.00478159 
0.363568    5e-12    1.16004e-11    1.30026e-225    6.60042e-12    0.0047847    0.0047847 
0.362249    5e-12    1.1579e-11    1.77652e-226    6.57898e-12    0.00478628    0.00478628 
0.36094    5e-12    1.15577e-11    2.42884e-227    6.55775e-12    0.00478953    0.00478953 
0.359641    5e-12    1.15367e-11    3.32076e-228    6.53672e-12    0.00479294    0.00479294 
0.358351    5e-12    1.15159e-11    4.54044e-229    6.5159e-12    0.00479657    0.00479657 
0.35707    5e-12    1.14953e-11    6.2034e-230    6.49528e-12    0.00479848    0.00479848 
0.355798    5e-12    1.14749e-11    8.48263e-231    6.47486e-12    0.00480251    0.00480251 
0.354536    5e-12    1.14546e-11    1.16004e-231    6.45463e-12    0.00480688    0.00480688 
0.353282    5e-12    1.14346e-11    1.58659e-232    6.4346e-12    0.0048116    0.0048116 
0.352037    5e-12    1.14148e-11    2.1679e-233    6.41476e-12    0.00481411    0.00481411 
0.350801    5e-12    1.13951e-11    2.96555e-234    6.39511e-12    0.00481944    0.00481944 
0.349573    5e-12    1.13756e-11    4.05726e-235    6.37565e-12    0.0048252    0.0048252 
0.348354    5e-12    1.13564e-11    5.54441e-236    6.35637e-12    0.00482825    0.00482825 
0.347144    5e-12    1.13373e-11    7.58704e-237    6.33729e-12    0.0048347    0.0048347 
0.345942    5e-12    1.13184e-11    1.03838e-237    6.31838e-12    0.00484161    0.00484161 
0.344748    5e-12    1.12997e-11    1.41916e-238    6.29966e-12    0.00484523    0.00484523 
0.343562    5e-12    1.12811e-11    1.9427e-239    6.28112e-12    0.00485284    0.00485284 
0.342385    5e-12    1.12628e-11    2.65976e-240    6.26275e-12    0.00486089    0.00486089 
0.341215    5e-12    1.12446e-11    3.63556e-241    6.24457e-12    0.00486508    0.00486508 
0.340054    5e-12    1.12266e-11    4.97839e-242    6.22656e-12    0.00487377    0.00487377 
0.3389    5e-12    1.12087e-11    6.81802e-243    6.20872e-12    0.00488286    0.00488286 
0.337755    5e-12    1.11911e-11    9.32024e-244    6.19105e-12    0.00488754    0.00488754 
0.336616    5e-12    1.11736e-11    1.2766e-244    6.17356e-12    0.00489716    0.00489716 
0.335486    5e-12    1.11562e-11    1.74516e-245    6.15623e-12    0.00490208    0.00490208 
0.334363    5e-12    1.11391e-11    2.3906e-246    6.13907e-12    0.00491213    0.00491213 
0.333248    5e-12    1.11221e-11    3.27491e-247    6.12208e-12    0.00492241    0.00492241 
0.33214    5e-12    1.11052e-11    4.47694e-248    6.10524e-12    0.00492762    0.00492762 
0.331039    5e-12    1.10886e-11    6.13314e-249    6.08857e-12    0.00493814    0.00493814 
0.329946    5e-12    1.10721e-11    8.40199e-250    6.07206e-12    0.00494875    0.00494875 
0.32886    5e-12    1.10557e-11    1.14851e-250    6.0557e-12    0.00495407    0.00495407 
0.327781    5e-12    1.10395e-11    1.57328e-251    6.0395e-12    0.0049647    0.0049647 
0.326709    5e-12    1.10235e-11    2.15042e-252    6.02345e-12    0.00497    0.00497 
0.325644    5e-12    1.10076e-11    2.94537e-253    6.00756e-12    0.00498052    0.00498052 
0.324586    5e-12    1.09918e-11    4.02544e-254    5.99181e-12    0.00498573    0.00498573 
0.323535    5e-12    1.09762e-11    5.51258e-255    5.97621e-12    0.00499601    0.00499601 
0.32249    5e-12    1.09608e-11    7.54812e-256    5.96076e-12    0.00500606    0.00500606 
0.321452    5e-12    1.09454e-11    1.03138e-256    5.94544e-12    0.00501099    0.00501099 
0.320421    5e-12    1.09303e-11    1.41187e-257    5.93027e-12    0.00502061    0.00502061 
0.319397    5e-12    1.09152e-11    1.92887e-258    5.91524e-12    0.00502529    0.00502529 
0.318379    5e-12    1.09003e-11    2.63971e-259    5.90035e-12    0.00503437    0.00503437 
0.317368    5e-12    1.08856e-11    3.60567e-260    5.88559e-12    0.00503877    0.00503877 
0.316363    5e-12    1.0871e-11    4.93293e-261    5.87096e-12    0.00504725    0.00504725 
0.315364    5e-12    1.08565e-11    6.73678e-262    5.85647e-12    0.00505133    0.00505133 
0.314371    5e-12    1.08421e-11    9.21359e-263    5.8421e-12    0.00505915    0.00505915 
0.313385    5e-12    1.08279e-11    1.25803e-263    5.82787e-12    0.00506289    0.00506289 
0.312405    5e-12    1.08138e-11    1.71998e-264    5.81375e-12    0.00507004    0.00507004 
0.311431    5e-12    1.07998e-11    2.34801e-265    5.79976e-12    0.00507344    0.00507344 
0.310464    5e-12    1.07859e-11    3.20915e-266    5.7859e-12    0.00507991    0.00507991 
0.309502    5e-12    1.07722e-11    4.3801e-267    5.77215e-12    0.00508298    0.00508298 
0.308546    5e-12    1.07585e-11    5.98461e-268    5.75852e-12    0.0050888    0.0050888 
0.307596    5e-12    1.0745e-11    8.16681e-269    5.74501e-12    0.00509157    0.00509157 
0.306652    5e-12    1.07316e-11    1.11552e-269    5.73162e-12    0.00509681    0.00509681 
0.305713    5e-12    1.07183e-11    1.52203e-270    5.71833e-12    0.0050993    0.0050993 
0.30478    5e-12    1.07052e-11    2.07845e-271    5.70516e-12    0.00510405    0.00510405 
0.303853    5e-12    1.06921e-11    2.83545e-272    5.6921e-12    0.00510631    0.00510631 
0.302932    5e-12    1.06791e-11    3.8712e-273    5.67915e-12    0.00511066    0.00511066 
0.302016    5e-12    1.06663e-11    5.2805e-274    5.66631e-12    0.00511276    0.00511276 
0.301106    5e-12    1.06536e-11    7.20823e-275    5.65357e-12    0.00511684    0.00511684 
0.300201    5e-12    1.06409e-11    9.83141e-276    5.64094e-12    0.00511884    0.00511884 
0.299302    5e-12    1.06284e-11    1.3419e-276    5.62841e-12    0.00512278    0.00512278 
0.298408    5e-12    1.0616e-11    1.83012e-277    5.61598e-12    0.00512473    0.00512473 
0.297519    5e-12    1.06037e-11    2.49589e-278    5.60366e-12    0.0051267    0.0051267 
0.296636    5e-12    1.05914e-11    3.40643e-279    5.59144e-12    0.00513066    0.00513066 
0.295757    5e-12    1.05793e-11    4.6455e-280    5.57931e-12    0.00513268    0.00513268 
0.294884    5e-12    1.05673e-11    6.34035e-281    5.56729e-12    0.00513683    0.00513683 
0.294016    5e-12    1.05554e-11    8.64658e-282    5.55536e-12    0.00513897    0.00513897 
0.293154    5e-12    1.05435e-11    1.1802e-282    5.54353e-12    0.00514343    0.00514343 
0.292296    5e-12    1.05318e-11    1.60951e-283    5.53179e-12    0.00514576    0.00514576 
0.291443    5e-12    1.05201e-11    2.195e-284    5.52015e-12    0.00514816    0.00514816 
0.290595    5e-12    1.05086e-11    2.99647e-285    5.5086e-12    0.00515321    0.00515321 
0.289753    5e-12    1.04971e-11    4.08669e-286    5.49714e-12    0.00515587    0.00515587 
0.288915    5e-12    1.04858e-11    5.57979e-287    5.48578e-12    0.00516148    0.00516148 
0.288081    5e-12    1.04745e-11    7.61038e-288    5.47451e-12    0.00516443    0.00516443 
0.287253    5e-12    1.04633e-11    1.03801e-288    5.46333e-12    0.00516749    0.00516749 
0.28643    5e-12    1.04522e-11    1.4176e-289    5.45224e-12    0.00517394    0.00517394 
0.285611    5e-12    1.04412e-11    1.93367e-290    5.44123e-12    0.00517733    0.00517733 
0.284796    5e-12    1.04303e-11    2.64135e-291    5.43032e-12    0.00518445    0.00518445 
0.283987    5e-12    1.04195e-11    3.6032e-292    5.41949e-12    0.00518818    0.00518818 
0.283182    5e-12    1.04088e-11    4.91541e-293    5.40875e-12    0.00519202    0.00519202 
0.282381    5e-12    1.03981e-11    6.7161e-294    5.3981e-12    0.00520004    0.00520004 
0.281585    5e-12    1.03875e-11    9.16265e-295    5.38753e-12    0.00520421    0.00520421 
0.280794    5e-12    1.0377e-11    1.25006e-295    5.37705e-12    0.00520849    0.00520849 
0.280007    5e-12    1.03666e-11    1.70841e-296    5.36665e-12    0.00521734    0.00521734 
0.279224    5e-12    1.03563e-11    2.33093e-297    5.35633e-12    0.00522191    0.00522191 
0.278446    5e-12    1.03461e-11    3.18031e-298    5.34609e-12    0.00522656    0.00522656 
0.277672    5e-12    1.03359e-11    4.34721e-299    5.33594e-12    0.00523611    0.00523611 
0.276902    5e-12    1.03259e-11    5.93153e-300    5.32587e-12    0.00524099    0.00524099 
0.276137    5e-12    1.03159e-11    8.09324e-301    5.31588e-12    0.00524594    0.00524594 
0.275376    5e-12    1.0306e-11    1.1064e-301    5.30596e-12    0.00525598    0.00525598 
0.274619    5e-12    1.02961e-11    1.50962e-302    5.29613e-12    0.00526107    0.00526107 
0.273866    5e-12    1.02864e-11    2.05977e-303    5.28637e-12    0.00526619    0.00526619 
0.273117    5e-12    1.02767e-11    2.81587e-304    5.27669e-12    0.00527649    0.00527649 
0.272373    5e-12    1.02671e-11    3.84193e-305    5.26709e-12    0.00528165    0.00528165 
0.271632    5e-12    1.02576e-11    5.24173e-306    5.25756e-12    0.0052868    0.0052868 
0.270896    5e-12    1.02481e-11    7.16517e-307    5.24811e-12    0.00529706    0.00529706 
0.270163    5e-12    1.02387e-11    9.77503e-308    5.23873e-12    0.00530214    0.00530214 
0.269434    5e-12    1.02294e-11    1.3335e-308    5.22942e-12    0.00530718    0.00530718 
0.26871    5e-12    1.02202e-11    1.82244e-309    5.22019e-12    0.0053171    0.0053171 
0.267989    5e-12    1.0211e-11    2.48586e-310    5.21102e-12    0.00532195    0.00532195 
0.267272    5e-12    1.02019e-11    3.39061e-311    5.20193e-12    0.00532673    0.00532673 
0.266559    5e-12    1.01929e-11    4.62438e-312    5.19291e-12    0.00533142    0.00533142 
0.265849    5e-12    1.0184e-11    6.31733e-313    5.18395e-12    0.00534049    0.00534049 
0.265144    5e-12    1.01751e-11    8.61466e-314    5.17507e-12    0.00534486    0.00534486 
0.264442    5e-12    1.01662e-11    1.17466e-314    5.16625e-12    0.00534912    0.00534912 
0.263744    5e-12    1.01575e-11    1.604e-315    5.15749e-12    0.00535723    0.00535723 
0.263049    5e-12    1.01488e-11    2.18673e-316    5.1488e-12    0.00536108    0.00536108 
0.262358    5e-12    1.01402e-11    2.98094e-317    5.14018e-12    0.00536479    0.00536479 
0.261671    5e-12    1.01316e-11    4.06329e-318    5.13162e-12    0.00536835    0.00536835 
0.260988    5e-12    1.01231e-11    5.5449e-319    5.12312e-12    0.00537501    0.00537501 
0.260308    5e-12    1.01147e-11    7.55673e-320    5.11468e-12    0.00537811    0.00537811 
0.259631    5e-12    1.01063e-11    1.02963e-320    5.1063e-12    0.00538104    0.00538104 
0.258958    5e-12    1.0098e-11    1.40315e-321    5.09799e-12    0.00538382    0.00538382 
0.258288    5e-12    1.00897e-11    1.92686e-322    5.08973e-12    0.0053889    0.0053889 
0.257622    5e-12    1.00815e-11    2.47033e-323    5.08153e-12    0.00539121    0.00539121 
0.25696    5e-12    1.00734e-11    4.94066e-324    5.0734e-12    0.00539336    0.00539336 
0.256301    5e-12    1.00653e-11    0    5.06531e-12    0.00539536    0.00539536 
0.255645    5e-12    1.00573e-11    0    5.05729e-12    0.00539894    0.00539894 
0.254992    5e-12    1.00493e-11    0    5.04932e-12    0.00540053    0.00540053 
0.254343    5e-12    1.00414e-11    0    5.0414e-12    0.00540199    0.00540199 
0.253697    5e-12    1.00335e-11    0    5.03354e-12    0.00540333    0.00540333 
0.253054    5e-12    1.00257e-11    0    5.02573e-12    0.00540571    0.00540571 
0.252415    5e-12    1.0018e-11    0    5.01798e-12    0.00540676    0.00540676 
0.251779    5e-12    1.00103e-11    0    5.01028e-12    0.00540773    0.00540773 
0.251146    5e-12    1.00026e-11    0    5.00263e-12    0.00540865    0.00540865 
0.250516    5e-12    9.99503e-12    0    4.99503e-12    0.0054095    0.0054095 
0.249889    5e-12    9.98748e-12    0    4.98748e-12    0.00541112    0.00541112 
0.249266    5e-12    9.97999e-12    0    4.97999e-12    0.00541191    0.00541191 
0.248646    5e-12    9.97254e-12    0    4.97254e-12    0.00541271    0.00541271 
0.248028    5e-12    9.96514e-12    0    4.96514e-12    0.00541352    0.00541352 
0.247414    5e-12    9.95779e-12    0    4.95779e-12    0.00541438    0.00541438 
0.246803    5e-12    9.95049e-12    0    4.95049e-12    0.00541627    0.00541627 
0.246194    5e-12    9.94324e-12    0    4.94324e-12    0.00541734    0.00541734 
0.245589    5e-12    9.93604e-12    0    4.93604e-12    0.00541852    0.00541852 
0.244987    5e-12    9.92888e-12    0    4.92888e-12    0.00541983    0.00541983 
0.244388    5e-12    9.92177e-12    0    4.92177e-12    0.00542127    0.00542127 
0.243791    5e-12    9.91471e-12    0    4.91471e-12    0.00542467    0.00542467 
0.243198    5e-12    9.90769e-12    0    4.90769e-12    0.00542665    0.00542665 
0.242607    5e-12    9.90072e-12    0    4.90072e-12    0.00542885    0.00542885 
0.242019    5e-12    9.8938e-12    0    4.8938e-12    0.00543129    0.00543129 
0.241435    5e-12    9.88692e-12    0    4.88692e-12    0.00543397    0.00543397 
0.240852    5e-12    9.88009e-12    0    4.88009e-12    0.00543693    0.00543693 
0.240273    5e-12    9.8733e-12    0    4.8733e-12    0.00544372    0.00544372 
0.239697    5e-12    9.86656e-12    0    4.86656e-12    0.00544759    0.00544759 
0.239123    5e-12    9.85986e-12    0    4.85986e-12    0.00545181    0.00545181 
0.238552    5e-12    9.85321e-12    0    4.85321e-12    0.00545637    0.00545637 
0.237984    5e-12    9.8466e-12    0    4.8466e-12    0.00546131    0.00546131 
0.237418    5e-12    9.84004e-12    0    4.84004e-12    0.00546664    0.00546664 
0.236855    5e-12    9.83352e-12    0    4.83352e-12    0.00547237    0.00547237 
0.236295    5e-12    9.82705e-12    0    4.82705e-12    0.0054851    0.0054851 
0.235737    5e-12    9.82062e-12    0    4.82062e-12    0.00549212    0.00549212 
0.235182    5e-12    9.81423e-12    0    4.81423e-12    0.00549961    0.00549961 
0.23463    5e-12    9.80789e-12    0    4.80789e-12    0.00550756    0.00550756 
0.23408    5e-12    9.8016e-12    0    4.8016e-12    0.005516    0.005516 
0.233533    5e-12    9.79534e-12    0    4.79534e-12    0.00552494    0.00552494 
0.232988    5e-12    9.78913e-12    0    4.78913e-12    0.00553438    0.00553438 
0.232446    5e-12    9.78297e-12    0    4.78297e-12    0.00555481    0.00555481 
0.231907    5e-12    9.77685e-12    0    4.77685e-12    0.00556583    0.00556583 
0.23137    5e-12    9.77077e-12    0    4.77077e-12    0.00557738    0.00557738 
0.230835    5e-12    9.76474e-12    0    4.76474e-12    0.00558947    0.00558947 
0.230303    5e-12    9.75875e-12    0    4.75875e-12    0.00560212    0.00560212 
0.229773    5e-12    9.7528e-12    0    4.7528e-12    0.00561533    0.00561533 
0.229246    5e-12    9.74689e-12    0    4.74689e-12    0.0056291    0.0056291 
0.228721    5e-12    9.74103e-12    0    4.74103e-12    0.00564344    0.00564344 
0.228198    5e-12    9.73521e-12    0    4.73521e-12    0.00565834    0.00565834 
0.227678    5e-12    9.72944e-12    0    4.72944e-12    0.00568985    0.00568985 
0.227161    5e-12    9.72371e-12    0    4.72371e-12    0.00570646    0.00570646 
0.226645    5e-12    9.71802e-12    0    4.71802e-12    0.00572364    0.00572364 
0.226132    5e-12    9.71237e-12    0    4.71237e-12    0.00574139    0.00574139 
0.225622    5e-12    9.70677e-12    0    4.70677e-12    0.00575969    0.00575969 
0.225113    5e-12    9.70121e-12    0    4.70121e-12    0.00577856    0.00577856 
0.224607    5e-12    9.69569e-12    0    4.69569e-12    0.00579797    0.00579797 
0.224103    5e-12    9.69021e-12    0    4.69021e-12    0.00581794    0.00581794 
0.223602    5e-12    9.68477e-12    0    4.68477e-12    0.00583844    0.00583844 
0.223102    5e-12    9.67938e-12    0    4.67938e-12    0.00585948    0.00585948 
0.222605    5e-12    9.67403e-12    0    4.67403e-12    0.00588103    0.00588103 
0.22211    5e-12    9.66872e-12    0    4.66872e-12    0.0059031    0.0059031 
0.221617    5e-12    9.66345e-12    0    4.66345e-12    0.00594872    0.00594872 
0.221127    5e-12    9.65822e-12    0    4.65822e-12    0.00597225    0.00597225 
0.220639    5e-12    9.65303e-12    0    4.65303e-12    0.00599624    0.00599624 
0.220152    5e-12    9.64788e-12    0    4.64788e-12    0.00602068    0.00602068 
0.219668    5e-12    9.64277e-12    0    4.64277e-12    0.00604554    0.00604554 
0.219186    5e-12    9.63771e-12    0    4.63771e-12    0.00607082    0.00607082 
0.218706    5e-12    9.63268e-12    0    4.63268e-12    0.00609649    0.00609649 
0.218229    5e-12    9.62769e-12    0    4.62769e-12    0.00612253    0.00612253 
0.217753    5e-12    9.62274e-12    0    4.62274e-12    0.00614893    0.00614893 
0.217279    5e-12    9.61783e-12    0    4.61783e-12    0.00617567    0.00617567 
0.216808    5e-12    9.61295e-12    0    4.61295e-12    0.00620272    0.00620272 
0.216338    5e-12    9.60812e-12    0    4.60812e-12    0.00623007    0.00623007 
0.215871    5e-12    9.60332e-12    0    4.60332e-12    0.00625768    0.00625768 
0.215405    5e-12    9.59856e-12    0    4.59856e-12    0.00628554    0.00628554 
0.214942    5e-12    9.59384e-12    0    4.59384e-12    0.00631363    0.00631363 
0.21448    5e-12    9.58915e-12    0    4.58915e-12    0.00634192    0.00634192 
0.214021    5e-12    9.5845e-12    0    4.5845e-12    0.00637038    0.00637038 
0.213563    5e-12    9.57988e-12    0    4.57988e-12    0.006399    0.006399 
0.213108    5e-12    9.57531e-12    0    4.57531e-12    0.00642774    0.00642774 
0.212654    5e-12    9.57076e-12    0    4.57076e-12    0.00645659    0.00645659 
0.212202    5e-12    9.56625e-12    0    4.56625e-12    0.00648551    0.00648551 
0.211753    5e-12    9.56178e-12    0    4.56178e-12    0.0065435    0.0065435 
0.211305    5e-12    9.55734e-12    0    4.55734e-12    0.00657251    0.00657251 
0.210859    5e-12    9.55294e-12    0    4.55294e-12    0.00660151    0.00660151 
0.210415    5e-12    9.54856e-12    0    4.54856e-12    0.00663046    0.00663046 
0.209972    5e-12    9.54422e-12    0    4.54422e-12    0.00665935    0.00665935 
0.209532    5e-12    9.53992e-12    0    4.53992e-12    0.00668815    0.00668815 
0.209093    5e-12    9.53564e-12    0    4.53564e-12    0.00671684    0.00671684 
0.208657    5e-12    9.5314e-12    0    4.5314e-12    0.00674541    0.00674541 
0.208222    5e-12    9.52719e-12    0    4.52719e-12    0.00677383    0.00677383 
0.207789    5e-12    9.523e-12    0    4.523e-12    0.00680208    0.00680208 
0.207357    5e-12    9.51885e-12    0    4.51885e-12    0.00683015    0.00683015 
0.206928    5e-12    9.51473e-12    0    4.51473e-12    0.00685802    0.00685802 
0.2065    5e-12    9.51064e-12    0    4.51064e-12    0.00688568    0.00688568 
0.206074    5e-12    9.50658e-12    0    4.50658e-12    0.00691311    0.00691311 
0.20565    5e-12    9.50255e-12    0    4.50255e-12    0.0069403    0.0069403 
0.205228    5e-12    9.49855e-12    0    4.49855e-12    0.00696724    0.00696724 
0.204807    5e-12    9.49457e-12    0    4.49457e-12    0.00699393    0.00699393 
0.204388    5e-12    9.49062e-12    0    4.49062e-12    0.00702035    0.00702035 
0.20397    5e-12    9.4867e-12    0    4.4867e-12    0.0070465    0.0070465 
0.203555    5e-12    9.48281e-12    0    4.48281e-12    0.00707237    0.00707237 
0.203141    5e-12    9.47895e-12    0    4.47895e-12    0.00709797    0.00709797 
0.202729    5e-12    9.47511e-12    0    4.47511e-12    0.0071233    0.0071233 
0.202318    5e-12    9.47129e-12    0    4.47129e-12    0.00714835    0.00714835 
0.201909    5e-12    9.46751e-12    0    4.46751e-12    0.00714835    0.00714835 
0.201502    5e-12    9.46374e-12    0    4.46374e-12    0.00717313    0.00717313 
0.201096    5e-12    9.46001e-12    0    4.46001e-12    0.00719764    0.00719764 
0.200692    5e-12    9.45629e-12    0    4.45629e-12    0.00722189    0.00722189 
0.20029    5e-12    9.45261e-12    0    4.45261e-12    0.0072459    0.0072459 
0.199889    5e-12    9.44894e-12    0    4.44894e-12    0.00726966    0.00726966 
0.19949    5e-12    9.4453e-12    0    4.4453e-12    0.0072932    0.0072932 
0.199093    5e-12    9.44169e-12    0    4.44169e-12    0.00731652    0.00731652 
0.198697    5e-12    9.4381e-12    0    4.4381e-12    0.00733965    0.00733965 
0.198302    5e-12    9.43453e-12    0    4.43453e-12    0.00736259    0.00736259 
0.197909    5e-12    9.43098e-12    0    4.43098e-12    0.00738536    0.00738536 
0.197518    5e-12    9.42746e-12    0    4.42746e-12    0.00740799    0.00740799 
0.197128    5e-12    9.42396e-12    0    4.42396e-12    0.0074305    0.0074305 
0.19674    5e-12    9.42048e-12    0    4.42048e-12    0.0074529    0.0074529 
0.196353    5e-12    9.41702e-12    0    4.41702e-12    0.00747522    0.00747522 
0.195968    5e-12    9.41358e-12    0    4.41358e-12    0.00749748    0.00749748 
0.195584    5e-12    9.41017e-12    0    4.41017e-12    0.00751972    0.00751972 
0.195202    5e-12    9.40677e-12    0    4.40677e-12    0.00754194    0.00754194 
0.194822    5e-12    9.4034e-12    0    4.4034e-12    0.00756419    0.00756419 
0.194442    5e-12    9.40005e-12    0    4.40005e-12    0.00758647    0.00758647 
0.194065    5e-12    9.39672e-12    0    4.39672e-12    0.00760884    0.00760884 
0.193688    5e-12    9.39341e-12    0    4.39341e-12    0.0076313    0.0076313 
0.193314    5e-12    9.39012e-12    0    4.39012e-12    0.0076313    0.0076313 
0.19294    5e-12    9.38685e-12    0    4.38685e-12    0.00765389    0.00765389 
0.192568    5e-12    9.3836e-12    0    4.3836e-12    0.00767664    0.00767664 
0.192198    5e-12    9.38037e-12    0    4.38037e-12    0.00769957    0.00769957 
0.191829    5e-12    9.37716e-12    0    4.37716e-12    0.00772272    0.00772272 
0.191461    5e-12    9.37397e-12    0    4.37397e-12    0.0077461    0.0077461 
0.191095    5e-12    9.3708e-12    0    4.3708e-12    0.00776976    0.00776976 
0.19073    5e-12    9.36765e-12    0    4.36765e-12    0.0077937    0.0077937 
0.190367    5e-12    9.36451e-12    0    4.36451e-12    0.00781797    0.00781797 
0.190005    5e-12    9.3614e-12    0    4.3614e-12    0.00784258    0.00784258 
0.189644    5e-12    9.3583e-12    0    4.3583e-12    0.00786757    0.00786757 
0.189285    5e-12    9.35523e-12    0    4.35523e-12    0.00789296    0.00789296 
0.188927    5e-12    9.35217e-12    0    4.35217e-12    0.00791877    0.00791877 
0.18857    5e-12    9.34913e-12    0    4.34913e-12    0.00791877    0.00791877 
0.188215    5e-12    9.34611e-12    0    4.34611e-12    0.00794502    0.00794502 
0.187861    5e-12    9.34311e-12    0    4.34311e-12    0.00797174    0.00797174 
0.187508    5e-12    9.34013e-12    0    4.34013e-12    0.00799894    0.00799894 
0.187157    5e-12    9.33716e-12    0    4.33716e-12    0.00802666    0.00802666 
0.186807    5e-12    9.33421e-12    0    4.33421e-12    0.0080549    0.0080549 
0.186458    5e-12    9.33128e-12    0    4.33128e-12    0.00808369    0.00808369 
0.186111    5e-12    9.32837e-12    0    4.32837e-12    0.00811303    0.00811303 
0.185765    5e-12    9.32548e-12    0    4.32548e-12    0.00814296    0.00814296 
0.18542    5e-12    9.3226e-12    0    4.3226e-12    0.00817346    0.00817346 
0.185077    5e-12    9.31975e-12    0    4.31975e-12    0.00817346    0.00817346 
0.184734    5e-12    9.31691e-12    0    4.31691e-12    0.00820457    0.00820457 
0.184393    5e-12    9.31408e-12    0    4.31408e-12    0.00823629    0.00823629 
0.184054    5e-12    9.31128e-12    0    4.31128e-12    0.00826863    0.00826863 
0.183715    5e-12    9.30849e-12    0    4.30849e-12    0.00830159    0.00830159 
0.183378    5e-12    9.30572e-12    0    4.30572e-12    0.00833518    0.00833518 
0.183042    5e-12    9.30297e-12    0    4.30297e-12    0.00836941    0.00836941 
0.182707    5e-12    9.30023e-12    0    4.30023e-12    0.00840426    0.00840426 
0.182374    5e-12    9.29751e-12    0    4.29751e-12    0.00843975    0.00843975 
0.182041    5e-12    9.29481e-12    0    4.29481e-12    0.00843975    0.00843975 
0.18171    5e-12    9.29213e-12    0    4.29213e-12    0.00847587    0.00847587 
0.18138    5e-12    9.28946e-12    0    4.28946e-12    0.00851262    0.00851262 
0.181052    5e-12    9.28681e-12    0    4.28681e-12    0.00854999    0.00854999 
0.180724    5e-12    9.28417e-12    0    4.28417e-12    0.00858797    0.00858797 
0.180398    5e-12    9.28155e-12    0    4.28155e-12    0.00862655    0.00862655 
0.180072    5e-12    9.27895e-12    0    4.27895e-12    0.00866571    0.00866571 
0.179748    5e-12    9.27637e-12    0    4.27637e-12    0.00870545    0.00870545 
0.179426    5e-12    9.2738e-12    0    4.2738e-12    0.00870545    0.00870545 
0.179104    5e-12    9.27124e-12    0    4.27124e-12    0.00874575    0.00874575 
0.178783    5e-12    9.26871e-12    0    4.26871e-12    0.00878659    0.00878659 
0.178464    5e-12    9.26619e-12    0    4.26619e-12    0.00882794    0.00882794 
0.178146    5e-12    9.26368e-12    0    4.26368e-12    0.00886978    0.00886978 
0.177829    5e-12    9.26119e-12    0    4.26119e-12    0.0089121    0.0089121 
0.177513    5e-12    9.25872e-12    0    4.25872e-12    0.00895486    0.00895486 
0.177198    5e-12    9.25626e-12    0    4.25626e-12    0.00895486    0.00895486 
0.176884    5e-12    9.25382e-12    0    4.25382e-12    0.00899803    0.00899803 
0.176571    5e-12    9.25139e-12    0    4.25139e-12    0.00904159    0.00904159 
0.17626    5e-12    9.24898e-12    0    4.24898e-12    0.0090855    0.0090855 
0.175949    5e-12    9.24658e-12    0    4.24658e-12    0.00912972    0.00912972 
0.17564    5e-12    9.2442e-12    0    4.2442e-12    0.00917423    0.00917423 
0.175332    5e-12    9.24183e-12    0    4.24183e-12    0.00921898    0.00921898 
0.175025    5e-12    9.23948e-12    0    4.23948e-12    0.00921898    0.00921898 
0.174719    5e-12    9.23714e-12    0    4.23714e-12    0.00926394    0.00926394 
0.174414    5e-12    9.23482e-12    0    4.23482e-12    0.00930907    0.00930907 
0.17411    5e-12    9.23251e-12    0    4.23251e-12    0.00935433    0.00935433 
0.173807    5e-12    9.23022e-12    0    4.23022e-12    0.00939966    0.00939966 
0.173505    5e-12    9.22793e-12    0    4.22793e-12    0.00944504    0.00944504 
0.173204    5e-12    9.22567e-12    0    4.22567e-12    0.00944504    0.00944504 
0.172904    5e-12    9.22342e-12    0    4.22342e-12    0.00949041    0.00949041 
0.172605    5e-12    9.22118e-12    0    4.22118e-12    0.00953574    0.00953574 
0.172308    5e-12    9.21895e-12    0    4.21895e-12    0.00958097    0.00958097 
0.172011    5e-12    9.21674e-12    0    4.21674e-12    0.00962606    0.00962606 
0.171715    5e-12    9.21454e-12    0    4.21454e-12    0.00967096    0.00967096 
0.171421    5e-12    9.21236e-12    0    4.21236e-12    0.00967096    0.00967096 
0.171127    5e-12    9.21019e-12    0    4.21019e-12    0.00971564    0.00971564 
0.170834    5e-12    9.20803e-12    0    4.20803e-12    0.00976004    0.00976004 
0.170543    5e-12    9.20588e-12    0    4.20588e-12    0.00980412    0.00980412 
0.170252    5e-12    9.20375e-12    0    4.20375e-12    0.00984783    0.00984783 
0.169963    5e-12    9.20162e-12    0    4.20162e-12    0.00989114    0.00989114 
0.169674    5e-12    9.19952e-12    0    4.19952e-12    0.00989114    0.00989114 
0.169386    5e-12    9.19742e-12    0    4.19742e-12    0.009934    0.009934 
0.169099    5e-12    9.19534e-12    0    4.19534e-12    0.00997637    0.00997637 
0.168814    5e-12    9.19326e-12    0    4.19326e-12    0.0100182    0.0100182 
0.168529    5e-12    9.1912e-12    0    4.1912e-12    0.0100595    0.0100595 
0.168245    5e-12    9.18915e-12    0    4.18915e-12    0.0101001    0.0101001 
0.167962    5e-12    9.18711e-12    0    4.18711e-12    0.0101001    0.0101001 
0.16768    5e-12    9.18509e-12    0    4.18509e-12    0.0101402    0.0101402 
0.167399    5e-12    9.18307e-12    0    4.18307e-12    0.0101795    0.0101795 
0.167119    5e-12    9.18107e-12    0    4.18107e-12    0.0102182    0.0102182 
0.16684    5e-12    9.17908e-12    0    4.17908e-12    0.0102561    0.0102561 
0.166562    5e-12    9.17709e-12    0    4.17709e-12    0.0102561    0.0102561 
0.166285    5e-12    9.17512e-12    0    4.17512e-12    0.0102933    0.0102933 
0.166008    5e-12    9.17316e-12    0    4.17316e-12    0.0103297    0.0103297 
0.165733    5e-12    9.17121e-12    0    4.17121e-12    0.0103654    0.0103654 
0.165459    5e-12    9.16927e-12    0    4.16927e-12    0.0104002    0.0104002 
0.165185    5e-12    9.16734e-12    0    4.16734e-12    0.0104002    0.0104002 
0.164912    5e-12    9.16542e-12    0    4.16542e-12    0.0104342    0.0104342 
0.16464    5e-12    9.16351e-12    0    4.16351e-12    0.0104674    0.0104674 
0.16437    5e-12    9.16161e-12    0    4.16161e-12    0.0104998    0.0104998 
0.1641    5e-12    9.15972e-12    0    4.15972e-12    0.0105313    0.0105313 
0.16383    5e-12    9.15784e-12    0    4.15784e-12    0.0105313    0.0105313 
0.163562    5e-12    9.15597e-12    0    4.15597e-12    0.010562    0.010562 
0.163295    5e-12    9.15411e-12    0    4.15411e-12    0.0105919    0.0105919 
0.163028    5e-12    9.15225e-12    0    4.15225e-12    0.0106209    0.0106209 
0.162763    5e-12    9.15041e-12    0    4.15041e-12    0.0106209    0.0106209 
0.162498    5e-12    9.14857e-12    0    4.14857e-12    0.0106492    0.0106492 
0.162234    5e-12    9.14675e-12    0    4.14675e-12    0.0106766    0.0106766 
0.161971    5e-12    9.14493e-12    0    4.14493e-12    0.0107033    0.0107033 
0.161709    5e-12    9.14312e-12    0    4.14312e-12    0.0107293    0.0107293 
0.161448    5e-12    9.14132e-12    0    4.14132e-12    0.0107293    0.0107293 
0.161187    5e-12    9.13953e-12    0    4.13953e-12    0.0107545    0.0107545 
0.160927    5e-12    9.13775e-12    0    4.13775e-12    0.010779    0.010779 
0.160669    5e-12    9.13597e-12    0    4.13597e-12    0.0108029    0.0108029 
0.160411    5e-12    9.1342e-12    0    4.1342e-12    0.0108261    0.0108261 
0.160153    5e-12    9.13245e-12    0    4.13245e-12    0.0108261    0.0108261 
0.159897    5e-12    9.1307e-12    0    4.1307e-12    0.0108487    0.0108487 
0.159642    5e-12    9.12895e-12    0    4.12895e-12    0.0108707    0.0108707 
0.159387    5e-12    9.12722e-12    0    4.12722e-12    0.0108922    0.0108922 
0.159133    5e-12    9.12549e-12    0    4.12549e-12    0.0108922    0.0108922 
0.15888    5e-12    9.12377e-12    0    4.12377e-12    0.0109132    0.0109132 
0.158628    5e-12    9.12206e-12    0    4.12206e-12    0.0109338    0.0109338 
0.158376    5e-12    9.12036e-12    0    4.12036e-12    0.010954    0.010954 
0.158126    5e-12    9.11866e-12    0    4.11866e-12    0.010954    0.010954 
0.157876    5e-12    9.11697e-12    0    4.11697e-12    0.0109738    0.0109738 
0.157627    5e-12    9.11529e-12    0    4.11529e-12    0.0109933    0.0109933 
0.157378    5e-12    9.11361e-12    0    4.11361e-12    0.0110125    0.0110125 
0.157131    5e-12    9.11195e-12    0    4.11195e-12    0.0110125    0.0110125 
0.156884    5e-12    9.11029e-12    0    4.11029e-12    0.0110316    0.0110316 
0.156638    5e-12    9.10863e-12    0    4.10863e-12    0.0110505    0.0110505 
0.156393    5e-12    9.10699e-12    0    4.10699e-12    0.0110692    0.0110692 
0.156148    5e-12    9.10535e-12    0    4.10535e-12    0.0110879    0.0110879 
0.155905    5e-12    9.10372e-12    0    4.10372e-12    0.0110879    0.0110879 
0.155662    5e-12    9.10209e-12    0    4.10209e-12    0.0111066    0.0111066 
0.155419    5e-12    9.10047e-12    0    4.10047e-12    0.0111253    0.0111253 
0.155178    5e-12    9.09886e-12    0    4.09886e-12    0.0111441    0.0111441 
0.154937    5e-12    9.09726e-12    0    4.09726e-12    0.0111441    0.0111441 
0.154697    5e-12    9.09566e-12    0    4.09566e-12    0.011163    0.011163 
0.154458    5e-12    9.09407e-12    0    4.09407e-12    0.0111821    0.0111821 
0.15422    5e-12    9.09248e-12    0    4.09248e-12    0.0112015    0.0112015 
0.153982    5e-12    9.09091e-12    0    4.09091e-12    0.0112015    0.0112015 
0.153745    5e-12    9.08934e-12    0    4.08934e-12    0.0112211    0.0112211 
0.153509    5e-12    9.08777e-12    0    4.08777e-12    0.011241    0.011241 
0.153273    5e-12    9.08621e-12    0    4.08621e-12    0.011241    0.011241 
0.153039    5e-12    9.08466e-12    0    4.08466e-12    0.0112613    0.0112613 
0.152804    5e-12    9.08312e-12    0    4.08312e-12    0.011282    0.011282 
0.152571    5e-12    9.08158e-12    0    4.08158e-12    0.0113031    0.0113031 
0.152338    5e-12    9.08005e-12    0    4.08005e-12    0.0113031    0.0113031 
0.152107    5e-12    9.07852e-12    0    4.07852e-12    0.0113247    0.0113247 
0.151875    5e-12    9.077e-12    0    4.077e-12    0.0113469    0.0113469 
0.151645    5e-12    9.07549e-12    0    4.07549e-12    0.0113696    0.0113696 
0.151415    5e-12    9.07398e-12    0    4.07398e-12    0.0113696    0.0113696 
0.151186    5e-12    9.07249e-12    0    4.07249e-12    0.0113928    0.0113928 
0.150957    5e-12    9.07099e-12    0    4.07099e-12    0.0114167    0.0114167 
0.15073    5e-12    9.0695e-12    0    4.0695e-12    0.0114413    0.0114413 
0.150502    5e-12    9.06802e-12    0    4.06802e-12    0.0114413    0.0114413 
0.150276    5e-12    9.06655e-12    0    4.06655e-12    0.0114665    0.0114665 
0.15005    5e-12    9.06508e-12    0    4.06508e-12    0.0114924    0.0114924 
0.149825    5e-12    9.06362e-12    0    4.06362e-12    0.0114924    0.0114924 
0.149601    5e-12    9.06216e-12    0    4.06216e-12    0.011519    0.011519 
0.149377    5e-12    9.06072e-12    0    4.06072e-12    0.0115464    0.0115464 
0.149154    5e-12    9.05927e-12    0    4.05927e-12    0.0115745    0.0115745 
0.148932    5e-12    9.05784e-12    0    4.05784e-12    0.0115745    0.0115745 
0.14871    5e-12    9.0564e-12    0    4.0564e-12    0.0116034    0.0116034 
0.148489    5e-12    9.05498e-12    0    4.05498e-12    0.011633    0.011633 
0.148269    5e-12    9.05356e-12    0    4.05356e-12    0.0116635    0.0116635 
0.148049    5e-12    9.05215e-12    0    4.05215e-12    0.0116635    0.0116635 
0.14783    5e-12    9.05074e-12    0    4.05074e-12    0.0116947    0.0116947 
0.147611    5e-12    9.04934e-12    0    4.04934e-12    0.0117268    0.0117268 
0.147394    5e-12    9.04795e-12    0    4.04795e-12    0.0117268    0.0117268 
0.147177    5e-12    9.04656e-12    0    4.04656e-12    0.0117596    0.0117596 
0.14696    5e-12    9.04518e-12    0    4.04518e-12    0.0117932    0.0117932 
0.146744    5e-12    9.0438e-12    0    4.0438e-12    0.0117932    0.0117932 
0.146529    5e-12    9.04243e-12    0    4.04243e-12    0.0118276    0.0118276 
0.146314    5e-12    9.04107e-12    0    4.04107e-12    0.0118628    0.0118628 
0.1461    5e-12    9.03971e-12    0    4.03971e-12    0.0118988    0.0118988 
0.145887    5e-12    9.03836e-12    0    4.03836e-12    0.0118988    0.0118988 
0.145674    5e-12    9.03702e-12    0    4.03702e-12    0.0119355    0.0119355 
0.145462    5e-12    9.03568e-12    0    4.03568e-12    0.011973    0.011973 
0.145251    5e-12    9.03434e-12    0    4.03434e-12    0.011973    0.011973 
0.14504    5e-12    9.03301e-12    0    4.03301e-12    0.0120112    0.0120112 
0.14483    5e-12    9.03169e-12    0    4.03169e-12    0.0120501    0.0120501 
0.14462    5e-12    9.03038e-12    0    4.03038e-12    0.0120896    0.0120896 
0.144411    5e-12    9.02907e-12    0    4.02907e-12    0.0120896    0.0120896 
0.144202    5e-12    9.02776e-12    0    4.02776e-12    0.0121299    0.0121299 
0.143994    5e-12    9.02646e-12    0    4.02646e-12    0.0121706    0.0121706 
0.143787    5e-12    9.02517e-12    0    4.02517e-12    0.0121706    0.0121706 
0.143581    5e-12    9.02388e-12    0    4.02388e-12    0.012212    0.012212 
0.143375    5e-12    9.0226e-12    0    4.0226e-12    0.012254    0.012254 
0.143169    5e-12    9.02133e-12    0    4.02133e-12    0.012254    0.012254 
0.142964    5e-12    9.02006e-12    0    4.02006e-12    0.0122964    0.0122964 
0.14276    5e-12    9.01879e-12    0    4.01879e-12    0.0123393    0.0123393 
0.142556    5e-12    9.01753e-12    0    4.01753e-12    0.0123393    0.0123393 
0.142353    5e-12    9.01628e-12    0    4.01628e-12    0.0123827    0.0123827 
0.14215    5e-12    9.01503e-12    0    4.01503e-12    0.0124264    0.0124264 
0.141948    5e-12    9.01379e-12    0    4.01379e-12    0.0124704    0.0124704 
0.141747    5e-12    9.01255e-12    0    4.01255e-12    0.0124704    0.0124704 
0.141546    5e-12    9.01132e-12    0    4.01132e-12    0.0125147    0.0125147 
0.141346    5e-12    9.0101e-12    0    4.0101e-12    0.0125593    0.0125593 
0.141146    5e-12    9.00888e-12    0    4.00888e-12    0.0125593    0.0125593 
0.140947    5e-12    9.00766e-12    0    4.00766e-12    0.012604    0.012604 
0.140749    5e-12    9.00645e-12    0    4.00645e-12    0.0126488    0.0126488 
0.140551    5e-12    9.00525e-12    0    4.00525e-12    0.0126488    0.0126488 
0.140353    5e-12    9.00405e-12    0    4.00405e-12    0.0126937    0.0126937 
0.140156    5e-12    9.00286e-12    0    4.00286e-12    0.0127386    0.0127386 
0.13996    5e-12    9.00167e-12    0    4.00167e-12    0.0127386    0.0127386 
0.139764    5e-12    9.00049e-12    0    4.00049e-12    0.0127835    0.0127835 
0.139569    5e-12    8.99931e-12    0    3.99931e-12    0.0128282    0.0128282 
0.139374    5e-12    8.99814e-12    0    3.99814e-12    0.0128282    0.0128282 
0.13918    5e-12    8.99697e-12    0    3.99697e-12    0.0128728    0.0128728 
0.138986    5e-12    8.9958e-12    0    3.9958e-12    0.0129172    0.0129172 
0.138793    5e-12    8.99465e-12    0    3.99465e-12    0.0129172    0.0129172 
0.138601    5e-12    8.99349e-12    0    3.99349e-12    0.0129612    0.0129612 
0.138408    5e-12    8.99235e-12    0    3.99235e-12    0.0130049    0.0130049 
0.138217    5e-12    8.9912e-12    0    3.9912e-12    0.0130049    0.0130049 
0.138026    5e-12    8.99007e-12    0    3.99007e-12    0.0130482    0.0130482 
0.137836    5e-12    8.98893e-12    0    3.98893e-12    0.013091    0.013091 
0.137646    5e-12    8.98781e-12    0    3.98781e-12    0.013091    0.013091 
0.137456    5e-12    8.98668e-12    0    3.98668e-12    0.0131333    0.0131333 
0.137267    5e-12    8.98556e-12    0    3.98556e-12    0.013175    0.013175 
0.137079    5e-12    8.98445e-12    0    3.98445e-12    0.013175    0.013175 
0.136891    5e-12    8.98334e-12    0    3.98334e-12    0.0132161    0.0132161 
0.136704    5e-12    8.98223e-12    0    3.98223e-12    0.0132564    0.0132564 
0.136517    5e-12    8.98113e-12    0    3.98113e-12    0.0132564    0.0132564 
0.136331    5e-12    8.98004e-12    0    3.98004e-12    0.013296    0.013296 
0.136145    5e-12    8.97895e-12    0    3.97895e-12    0.0133348    0.0133348 
0.13596    5e-12    8.97786e-12    0    3.97786e-12    0.0133348    0.0133348 
0.135775    5e-12    8.97678e-12    0    3.97678e-12    0.0133728    0.0133728 
0.135591    5e-12    8.9757e-12    0    3.9757e-12    0.0134098    0.0134098 
0.135407    5e-12    8.97462e-12    0    3.97462e-12    0.0134098    0.0134098 
0.135224    5e-12    8.97355e-12    0    3.97355e-12    0.0134459    0.0134459 
0.135041    5e-12    8.97249e-12    0    3.97249e-12    0.013481    0.013481 
0.134858    5e-12    8.97143e-12    0    3.97143e-12    0.013481    0.013481 
0.134677    5e-12    8.97037e-12    0    3.97037e-12    0.0135152    0.0135152 
0.134495    5e-12    8.96932e-12    0    3.96932e-12    0.0135483    0.0135483 
0.134315    5e-12    8.96827e-12    0    3.96827e-12    0.0135483    0.0135483 
0.134134    5e-12    8.96722e-12    0    3.96722e-12    0.0135801    0.0135801 
0.133954    5e-12    8.96618e-12    0    3.96618e-12    0.0135801    0.0135801 
0.133775    5e-12    8.96514e-12    0    3.96514e-12    0.0136111    0.0136111 
0.133596    5e-12    8.96411e-12    0    3.96411e-12    0.0136408    0.0136408 
0.133418    5e-12    8.96308e-12    0    3.96308e-12    0.0136408    0.0136408 
0.13324    5e-12    8.96205e-12    0    3.96205e-12    0.0136694    0.0136694 
0.133062    5e-12    8.96103e-12    0    3.96103e-12    0.0136969    0.0136969 
0.132885    5e-12    8.96001e-12    0    3.96001e-12    0.0136969    0.0136969 
0.132709    5e-12    8.959e-12    0    3.959e-12    0.0137231    0.0137231 
0.132533    5e-12    8.95799e-12    0    3.95799e-12    0.0137482    0.0137482 
0.132357    5e-12    8.95698e-12    0    3.95698e-12    0.0137482    0.0137482 
0.132182    5e-12    8.95598e-12    0    3.95598e-12    0.0137721    0.0137721 
0.132007    5e-12    8.95498e-12    0    3.95498e-12    0.0137948    0.0137948 
0.131833    5e-12    8.95398e-12    0    3.95398e-12    0.0137948    0.0137948 
0.131659    5e-12    8.95299e-12    0    3.95299e-12    0.0138164    0.0138164 
0.131486    5e-12    8.952e-12    0    3.952e-12    0.0138164    0.0138164 
0.131313    5e-12    8.95101e-12    0    3.95101e-12    0.0138367    0.0138367 
0.131141    5e-12    8.95003e-12    0    3.95003e-12    0.0138559    0.0138559 
0.130969    5e-12    8.94905e-12    0    3.94905e-12    0.0138559    0.0138559 
0.130797    5e-12    8.94807e-12    0    3.94807e-12    0.0138741    0.0138741 
0.130626    5e-12    8.9471e-12    0    3.9471e-12    0.013891    0.013891 
0.130456    5e-12    8.94613e-12    0    3.94613e-12    0.013891    0.013891 
0.130286    5e-12    8.94516e-12    0    3.94516e-12    0.0139069    0.0139069 
0.130116    5e-12    8.9442e-12    0    3.9442e-12    0.0139217    0.0139217 
0.129947    5e-12    8.94324e-12    0    3.94324e-12    0.0139217    0.0139217 
0.129778    5e-12    8.94228e-12    0    3.94228e-12    0.0139355    0.0139355 
0.12961    5e-12    8.94133e-12    0    3.94133e-12    0.0139355    0.0139355 
0.129442    5e-12    8.94038e-12    0    3.94038e-12    0.0139483    0.0139483 
0.129274    5e-12    8.93943e-12    0    3.93943e-12    0.0139602    0.0139602 
0.129107    5e-12    8.93849e-12    0    3.93849e-12    0.0139602    0.0139602 
0.12894    5e-12    8.93754e-12    0    3.93754e-12    0.0139711    0.0139711 
0.128774    5e-12    8.93661e-12    0    3.93661e-12    0.0139812    0.0139812 
0.128608    5e-12    8.93567e-12    0    3.93567e-12    0.0139812    0.0139812 
0.128443    5e-12    8.93474e-12    0    3.93474e-12    0.0139905    0.0139905 
0.128278    5e-12    8.93381e-12    0    3.93381e-12    0.0139905    0.0139905 
0.128114    5e-12    8.93288e-12    0    3.93288e-12    0.013999    0.013999 
0.12795    5e-12    8.93195e-12    0    3.93195e-12    0.0140067    0.0140067 
0.127786    5e-12    8.93103e-12    0    3.93103e-12    0.0140067    0.0140067 
0.127623    5e-12    8.93011e-12    0    3.93011e-12    0.0140139    0.0140139 
0.12746    5e-12    8.9292e-12    0    3.9292e-12    0.0140139    0.0140139 
0.127297    5e-12    8.92828e-12    0    3.92828e-12    0.0140203    0.0140203 
0.127135    5e-12    8.92737e-12    0    3.92737e-12    0.0140263    0.0140263 
0.126974    5e-12    8.92647e-12    0    3.92647e-12    0.0140263    0.0140263 
0.126813    5e-12    8.92556e-12    0    3.92556e-12    0.0140318    0.0140318 
0.126652    5e-12    8.92466e-12    0    3.92466e-12    0.0140367    0.0140367 
0.126491    5e-12    8.92376e-12    0    3.92376e-12    0.0140367    0.0140367 
0.126332    5e-12    8.92286e-12    0    3.92286e-12    0.0140414    0.0140414 
0.126172    5e-12    8.92197e-12    0    3.92197e-12    0.0140414    0.0140414 
0.126013    5e-12    8.92107e-12    0    3.92107e-12    0.0140457    0.0140457 
0.125854    5e-12    8.92019e-12    0    3.92019e-12    0.0140497    0.0140497 
0.125696    5e-12    8.9193e-12    0    3.9193e-12    0.0140497    0.0140497 
0.125538    5e-12    8.91841e-12    0    3.91841e-12    0.0140535    0.0140535 
0.12538    5e-12    8.91753e-12    0    3.91753e-12    0.0140535    0.0140535 
0.125223    5e-12    8.91665e-12    0    3.91665e-12    0.0140571    0.0140571 
0.125066    5e-12    8.91578e-12    0    3.91578e-12    0.0140606    0.0140606 
0.12491    5e-12    8.9149e-12    0    3.9149e-12    0.0140606    0.0140606 
0.124754    5e-12    8.91403e-12    0    3.91403e-12    0.0140642    0.0140642 
0.124598    5e-12    8.91316e-12    0    3.91316e-12    0.0140642    0.0140642 
0.124443    5e-12    8.9123e-12    0    3.9123e-12    0.0140676    0.0140676 
0.124288    5e-12    8.91143e-12    0    3.91143e-12    0.0140713    0.0140713 
0.124134    5e-12    8.91057e-12    0    3.91057e-12    0.0140713    0.0140713 
0.12398    5e-12    8.90971e-12    0    3.90971e-12    0.014075    0.014075 
0.123826    5e-12    8.90885e-12    0    3.90885e-12    0.014075    0.014075 
0.123673    5e-12    8.908e-12    0    3.908e-12    0.014079    0.014079 
0.12352    5e-12    8.90715e-12    0    3.90715e-12    0.014083    0.014083 
0.123367    5e-12    8.9063e-12    0    3.9063e-12    0.014083    0.014083 
0.123215    5e-12    8.90545e-12    0    3.90545e-12    0.0140874    0.0140874 
0.123063    5e-12    8.90461e-12    0    3.90461e-12    0.0140874    0.0140874 
0.122912    5e-12    8.90377e-12    0    3.90377e-12    0.0140921    0.0140921 
0.122761    5e-12    8.90293e-12    0    3.90293e-12    0.0140972    0.0140972 
0.12261    5e-12    8.90209e-12    0    3.90209e-12    0.0140972    0.0140972 
0.12246    5e-12    8.90125e-12    0    3.90125e-12    0.0141027    0.0141027 
0.12231    5e-12    8.90042e-12    0    3.90042e-12    0.0141027    0.0141027 
0.122161    5e-12    8.89959e-12    0    3.89959e-12    0.0141087    0.0141087 
0.122011    5e-12    8.89876e-12    0    3.89876e-12    0.014115    0.014115 
0.121862    5e-12    8.89794e-12    0    3.89794e-12    0.014115    0.014115 
0.121714    5e-12    8.89711e-12    0    3.89711e-12    0.0141221    0.0141221 
0.121566    5e-12    8.89629e-12    0    3.89629e-12    0.0141221    0.0141221 
0.121418    5e-12    8.89547e-12    0    3.89547e-12    0.0141296    0.0141296 
0.121271    5e-12    8.89466e-12    0    3.89466e-12    0.0141296    0.0141296 
0.121124    5e-12    8.89384e-12    0    3.89384e-12    0.0141376    0.0141376 
0.120977    5e-12    8.89303e-12    0    3.89303e-12    0.0141463    0.0141463 
0.120831    5e-12    8.89222e-12    0    3.89222e-12    0.0141463    0.0141463 
0.120685    5e-12    8.89142e-12    0    3.89142e-12    0.0141557    0.0141557 
0.120539    5e-12    8.89061e-12    0    3.89061e-12    0.0141557    0.0141557 
0.120394    5e-12    8.88981e-12    0    3.88981e-12    0.0141657    0.0141657 
0.120249    5e-12    8.88901e-12    0    3.88901e-12    0.0141764    0.0141764 
0.120104    5e-12    8.88821e-12    0    3.88821e-12    0.0141764    0.0141764 
0.11996    5e-12    8.88742e-12    0    3.88742e-12    0.0141877    0.0141877 
0.119816    5e-12    8.88662e-12    0    3.88662e-12    0.0141877    0.0141877 
0.119673    5e-12    8.88583e-12    0    3.88583e-12    0.0142    0.0142 
0.11953    5e-12    8.88505e-12    0    3.88505e-12    0.0142    0.0142 
0.119387    5e-12    8.88426e-12    0    3.88426e-12    0.0142127    0.0142127 
0.119244    5e-12    8.88348e-12    0    3.88348e-12    0.0142264    0.0142264 
0.119102    5e-12    8.88269e-12    0    3.88269e-12    0.0142264    0.0142264 
0.11896    5e-12    8.88192e-12    0    3.88192e-12    0.0142406    0.0142406 
0.118819    5e-12    8.88114e-12    0    3.88114e-12    0.0142406    0.0142406 
0.118678    5e-12    8.88036e-12    0    3.88036e-12    0.0142558    0.0142558 
0.118537    5e-12    8.87959e-12    0    3.87959e-12    0.0142558    0.0142558 
0.118396    5e-12    8.87882e-12    0    3.87882e-12    0.0142717    0.0142717 
0.118256    5e-12    8.87805e-12    0    3.87805e-12    0.0142882    0.0142882 
0.118116    5e-12    8.87729e-12    0    3.87729e-12    0.0142882    0.0142882 
0.117977    5e-12    8.87652e-12    0    3.87652e-12    0.0143057    0.0143057 
0.117838    5e-12    8.87576e-12    0    3.87576e-12    0.0143057    0.0143057 
0.117699    5e-12    8.87501e-12    0    3.87501e-12    0.0143237    0.0143237 
0.11756    5e-12    8.87425e-12    0    3.87425e-12    0.0143237    0.0143237 
0.117422    5e-12    8.87349e-12    0    3.87349e-12    0.0143425    0.0143425 
0.117284    5e-12    8.87274e-12    0    3.87274e-12    0.0143621    0.0143621 
0.117147    5e-12    8.87199e-12    0    3.87199e-12    0.0143621    0.0143621 
0.11701    5e-12    8.87125e-12    0    3.87125e-12    0.0143824    0.0143824 
0.116873    5e-12    8.8705e-12    0    3.8705e-12    0.0143824    0.0143824 
0.116736    5e-12    8.86976e-12    0    3.86976e-12    0.0144033    0.0144033 
0.1166    5e-12    8.86902e-12    0    3.86902e-12    0.0144033    0.0144033 
0.116464    5e-12    8.86828e-12    0    3.86828e-12    0.0144252    0.0144252 
0.116328    5e-12    8.86754e-12    0    3.86754e-12    0.0144474    0.0144474 
0.116193    5e-12    8.86681e-12    0    3.86681e-12    0.0144474    0.0144474 
0.116058    5e-12    8.86607e-12    0    3.86607e-12    0.0144704    0.0144704 
0.115923    5e-12    8.86535e-12    0    3.86535e-12    0.0144704    0.0144704 
0.115789    5e-12    8.86462e-12    0    3.86462e-12    0.0144939    0.0144939 
0.115655    5e-12    8.86389e-12    0    3.86389e-12    0.0144939    0.0144939 
0.115521    5e-12    8.86317e-12    0    3.86317e-12    0.0145181    0.0145181 
0.115388    5e-12    8.86245e-12    0    3.86245e-12    0.0145181    0.0145181 
0.115255    5e-12    8.86173e-12    0    3.86173e-12    0.0145428    0.0145428 
0.115122    5e-12    8.86101e-12    0    3.86101e-12    0.014568    0.014568 
0.114989    5e-12    8.8603e-12    0    3.8603e-12    0.014568    0.014568 
0.114857    5e-12    8.85959e-12    0    3.85959e-12    0.0145937    0.0145937 
0.114725    5e-12    8.85888e-12    0    3.85888e-12    0.0145937    0.0145937 
0.114594    5e-12    8.85817e-12    0    3.85817e-12    0.0146199    0.0146199 
0.114462    5e-12    8.85746e-12    0    3.85746e-12    0.0146199    0.0146199 
0.114331    5e-12    8.85676e-12    0    3.85676e-12    0.0146466    0.0146466 
0.114201    5e-12    8.85606e-12    0    3.85606e-12    0.0146466    0.0146466 
0.11407    5e-12    8.85536e-12    0    3.85536e-12    0.0146735    0.0146735 
0.11394    5e-12    8.85466e-12    0    3.85466e-12    0.0147007    0.0147007 
0.11381    5e-12    8.85397e-12    0    3.85397e-12    0.0147007    0.0147007 
0.113681    5e-12    8.85327e-12    0    3.85327e-12    0.0147284    0.0147284 
0.113552    5e-12    8.85258e-12    0    3.85258e-12    0.0147284    0.0147284 
0.113423    5e-12    8.85189e-12    0    3.85189e-12    0.0147563    0.0147563 
0.113294    5e-12    8.85121e-12    0    3.85121e-12    0.0147563    0.0147563 
0.113166    5e-12    8.85052e-12    0    3.85052e-12    0.0147841    0.0147841 
0.113038    5e-12    8.84984e-12    0    3.84984e-12    0.0147841    0.0147841 
0.11291    5e-12    8.84916e-12    0    3.84916e-12    0.0148126    0.0148126 
0.112782    5e-12    8.84848e-12    0    3.84848e-12    0.0148408    0.0148408 
0.112655    5e-12    8.8478e-12    0    3.8478e-12    0.0148408    0.0148408 
0.112528    5e-12    8.84713e-12    0    3.84713e-12    0.0148695    0.0148695 
0.112402    5e-12    8.84646e-12    0    3.84646e-12    0.0148695    0.0148695 
0.112275    5e-12    8.84578e-12    0    3.84578e-12    0.0148981    0.0148981 
0.112149    5e-12    8.84512e-12    0    3.84512e-12    0.0148981    0.0148981 
0.112024    5e-12    8.84445e-12    0    3.84445e-12    0.0149265    0.0149265 
0.111898    5e-12    8.84379e-12    0    3.84379e-12    0.0149265    0.0149265 
0.111773    5e-12    8.84312e-12    0    3.84312e-12    0.0149551    0.0149551 
0.111648    5e-12    8.84246e-12    0    3.84246e-12    0.0149551    0.0149551 
0.111523    5e-12    8.8418e-12    0    3.8418e-12    0.0149833    0.0149833 
0.111399    5e-12    8.84115e-12    0    3.84115e-12    0.0149833    0.0149833 
0.111275    5e-12    8.84049e-12    0    3.84049e-12    0.0150115    0.0150115 
0.111151    5e-12    8.83984e-12    0    3.83984e-12    0.0150398    0.0150398 
0.111028    5e-12    8.83919e-12    0    3.83919e-12    0.0150398    0.0150398 
0.110904    5e-12    8.83854e-12    0    3.83854e-12    0.0150675    0.0150675 
0.110781    5e-12    8.83789e-12    0    3.83789e-12    0.0150675    0.0150675 
0.110659    5e-12    8.83725e-12    0    3.83725e-12    0.0150951    0.0150951 
0.110536    5e-12    8.83661e-12    0    3.83661e-12    0.0150951    0.0150951 
0.110414    5e-12    8.83596e-12    0    3.83596e-12    0.0151225    0.0151225 
0.110292    5e-12    8.83533e-12    0    3.83533e-12    0.0151225    0.0151225 
0.11017    5e-12    8.83469e-12    0    3.83469e-12    0.0151493    0.0151493 
0.110049    5e-12    8.83405e-12    0    3.83405e-12    0.0151493    0.0151493 
0.109928    5e-12    8.83342e-12    0    3.83342e-12    0.0151758    0.0151758 
0.109807    5e-12    8.83279e-12    0    3.83279e-12    0.0151758    0.0151758 
0.109687    5e-12    8.83216e-12    0    3.83216e-12    0.0152019    0.0152019 
0.109566    5e-12    8.83153e-12    0    3.83153e-12    0.0152019    0.0152019 
0.109446    5e-12    8.8309e-12    0    3.8309e-12    0.0152276    0.0152276 
0.109327    5e-12    8.83028e-12    0    3.83028e-12    0.0152528    0.0152528 
0.109207    5e-12    8.82965e-12    0    3.82965e-12    0.0152528    0.0152528 
0.109088    5e-12    8.82903e-12    0    3.82903e-12    0.0152776    0.0152776 
0.108969    5e-12    8.82841e-12    0    3.82841e-12    0.0152776    0.0152776 
0.10885    5e-12    8.8278e-12    0    3.8278e-12    0.0153019    0.0153019 
0.108732    5e-12    8.82718e-12    0    3.82718e-12    0.0153019    0.0153019 
0.108613    5e-12    8.82657e-12    0    3.82657e-12    0.0153251    0.0153251 
0.108495    5e-12    8.82595e-12    0    3.82595e-12    0.0153251    0.0153251 
0.108378    5e-12    8.82534e-12    0    3.82534e-12    0.015348    0.015348 
0.10826    5e-12    8.82473e-12    0    3.82473e-12    0.015348    0.015348 
0.108143    5e-12    8.82413e-12    0    3.82413e-12    0.0153702    0.0153702 
0.108026    5e-12    8.82352e-12    0    3.82352e-12    0.0153702    0.0153702 
0.107909    5e-12    8.82292e-12    0    3.82292e-12    0.015392    0.015392 
0.107793    5e-12    8.82231e-12    0    3.82231e-12    0.015392    0.015392 
0.107677    5e-12    8.82171e-12    0    3.82171e-12    0.0154131    0.0154131 
0.107561    5e-12    8.82111e-12    0    3.82111e-12    0.0154131    0.0154131 
0.107445    5e-12    8.82052e-12    0    3.82052e-12    0.0154333    0.0154333 
0.10733    5e-12    8.81992e-12    0    3.81992e-12    0.0154333    0.0154333 
0.107215    5e-12    8.81933e-12    0    3.81933e-12    0.0154531    0.0154531 
0.1071    5e-12    8.81873e-12    0    3.81873e-12    0.0154531    0.0154531 
0.106985    5e-12    8.81814e-12    0    3.81814e-12    0.0154718    0.0154718 
0.10687    5e-12    8.81755e-12    0    3.81755e-12    0.0154718    0.0154718 
0.106756    5e-12    8.81696e-12    0    3.81696e-12    0.01549    0.01549 
0.106642    5e-12    8.81638e-12    0    3.81638e-12    0.0155073    0.0155073 
0.106529    5e-12    8.81579e-12    0    3.81579e-12    0.0155073    0.0155073 
0.106415    5e-12    8.81521e-12    0    3.81521e-12    0.0155244    0.0155244 
0.106302    5e-12    8.81463e-12    0    3.81463e-12    0.0155244    0.0155244 
0.106189    5e-12    8.81405e-12    0    3.81405e-12    0.0155405    0.0155405 
0.106076    5e-12    8.81347e-12    0    3.81347e-12    0.0155405    0.0155405 
0.105964    5e-12    8.81289e-12    0    3.81289e-12    0.0155557    0.0155557 
0.105851    5e-12    8.81232e-12    0    3.81232e-12    0.0155557    0.0155557 
0.105739    5e-12    8.81174e-12    0    3.81174e-12    0.0155704    0.0155704 
0.105628    5e-12    8.81117e-12    0    3.81117e-12    0.0155704    0.0155704 
0.105516    5e-12    8.8106e-12    0    3.8106e-12    0.0155843    0.0155843 
0.105405    5e-12    8.81003e-12    0    3.81003e-12    0.0155843    0.0155843 
0.105294    5e-12    8.80946e-12    0    3.80946e-12    0.0155976    0.0155976 
0.105183    5e-12    8.80889e-12    0    3.80889e-12    0.0155976    0.0155976 
0.105072    5e-12    8.80833e-12    0    3.80833e-12    0.0156101    0.0156101 
0.104962    5e-12    8.80776e-12    0    3.80776e-12    0.0156101    0.0156101 
0.104851    5e-12    8.8072e-12    0    3.8072e-12    0.0156221    0.0156221 
0.104742    5e-12    8.80664e-12    0    3.80664e-12    0.0156221    0.0156221 
0.104632    5e-12    8.80608e-12    0    3.80608e-12    0.0156335    0.0156335 
0.104522    5e-12    8.80552e-12    0    3.80552e-12    0.0156335    0.0156335 
0.104413    5e-12    8.80496e-12    0    3.80496e-12    0.0156444    0.0156444 
0.104304    5e-12    8.80441e-12    0    3.80441e-12    0.0156444    0.0156444 
0.104195    5e-12    8.80385e-12    0    3.80385e-12    0.0156543    0.0156543 
0.104087    5e-12    8.8033e-12    0    3.8033e-12    0.0156543    0.0156543 
0.103978    5e-12    8.80275e-12    0    3.80275e-12    0.0156639    0.0156639 
0.10387    5e-12    8.8022e-12    0    3.8022e-12    0.0156639    0.0156639 
0.103762    5e-12    8.80165e-12    0    3.80165e-12    0.0156728    0.0156728 
0.103655    5e-12    8.8011e-12    0    3.8011e-12    0.0156728    0.0156728 
0.103547    5e-12    8.80055e-12    0    3.80055e-12    0.0156817    0.0156817 
0.10344    5e-12    8.80001e-12    0    3.80001e-12    0.0156817    0.0156817 
0.103333    5e-12    8.79947e-12    0    3.79947e-12    0.0156898    0.0156898 
0.103226    5e-12    8.79892e-12    0    3.79892e-12    0.0156898    0.0156898 
0.10312    5e-12    8.79838e-12    0    3.79838e-12    0.0156975    0.0156975 
0.103013    5e-12    8.79784e-12    0    3.79784e-12    0.0156975    0.0156975 
0.102907    5e-12    8.7973e-12    0    3.7973e-12    0.0157047    0.0157047 
0.102801    5e-12    8.79677e-12    0    3.79677e-12    0.0157047    0.0157047 
0.102696    5e-12    8.79623e-12    0    3.79623e-12    0.0157116    0.0157116 
0.10259    5e-12    8.7957e-12    0    3.7957e-12    0.0157116    0.0157116 
0.102485    5e-12    8.79516e-12    0    3.79516e-12    0.0157182    0.0157182 
0.10238    5e-12    8.79463e-12    0    3.79463e-12    0.0157182    0.0157182 
0.102275    5e-12    8.7941e-12    0    3.7941e-12    0.0157246    0.0157246 
0.102171    5e-12    8.79357e-12    0    3.79357e-12    0.0157246    0.0157246 
0.102066    5e-12    8.79304e-12    0    3.79304e-12    0.0157305    0.0157305 
0.101962    5e-12    8.79251e-12    0    3.79251e-12    0.0157305    0.0157305 
0.101858    5e-12    8.79199e-12    0    3.79199e-12    0.0157362    0.0157362 
0.101754    5e-12    8.79146e-12    0    3.79146e-12    0.0157362    0.0157362 
0.101651    5e-12    8.79094e-12    0    3.79094e-12    0.0157422    0.0157422 
0.101547    5e-12    8.79042e-12    0    3.79042e-12    0.0157422    0.0157422 
0.101444    5e-12    8.78989e-12    0    3.78989e-12    0.0157478    0.0157478 
0.101341    5e-12    8.78937e-12    0    3.78937e-12    0.0157478    0.0157478 
0.101239    5e-12    8.78886e-12    0    3.78886e-12    0.0157529    0.0157529 
0.101136    5e-12    8.78834e-12    0    3.78834e-12    0.0157529    0.0157529 
0.101034    5e-12    8.78782e-12    0    3.78782e-12    0.0157587    0.0157587 
0.100932    5e-12    8.78731e-12    0    3.78731e-12    0.0157587    0.0157587 
0.10083    5e-12    8.78679e-12    0    3.78679e-12    0.0157638    0.0157638 
0.100728    5e-12    8.78628e-12    0    3.78628e-12    0.0157638    0.0157638 
0.100627    5e-12    8.78577e-12    0    3.78577e-12    0.015769    0.015769 
0.100526    5e-12    8.78526e-12    0    3.78526e-12    0.015769    0.015769 
0.100425    5e-12    8.78475e-12    0    3.78475e-12    0.0157747    0.0157747 
0.100324    5e-12    8.78424e-12    0    3.78424e-12    0.0157747    0.0157747 
0.100223    5e-12    8.78373e-12    0    3.78373e-12    0.0157747    0.0157747 
0.100123    5e-12    8.78322e-12    0    3.78322e-12    0.0157801    0.0157801 
0.100022    5e-12    8.78272e-12    0    3.78272e-12    0.0157801    0.0157801 
