6.66667    6.75999e-08    6.75999e-08    6.75949e-08    6.75949e-08    0.00323259    0.00323259 
6.25    2.72148e-08    2.73863e-08    2.72098e-08    2.73813e-08    0.00323459    0.00323459 
5.88235    1.09024e-08    1.10846e-08    1.08974e-08    1.10796e-08    0.00323666    0.00323666 
5.55555    4.34909e-09    4.54017e-09    4.34409e-09    4.53517e-09    0.0032389    0.0032389 
5.26316    1.72885e-09    1.92492e-09    1.72385e-09    1.91992e-09    0.00324121    0.00324121 
5    6.85693e-10    8.7967e-10    6.80693e-10    8.7467e-10    0.00324367    0.00324367 
4.7619    2.71986e-10    4.54961e-10    2.66986e-10    4.49961e-10    0.00324617    0.00324617 
4.54545    1.08507e-10    2.73288e-10    1.03507e-10    2.68288e-10    0.00324893    0.00324893 
4.34782    4.41378e-11    1.87845e-10    3.91378e-11    1.82845e-10    0.00325168    0.00325168 
4.16666    1.8951e-11    1.42491e-10    1.3951e-11    1.37491e-10    0.00325468    0.00325468 
3.99984    9.3156e-12    1.15382e-10    4.3156e-12    1.10382e-10    0.00325778    0.00325778 
3.84601    6.01391e-12    9.76282e-11    1.01391e-12    9.26282e-11    0.0032608    0.0032608 
3.70357    5.17793e-12    8.51183e-11    1.77934e-13    8.01183e-11    0.00326424    0.00326424 
3.5713    5.02758e-12    7.58308e-11    2.75836e-14    7.08308e-11    0.00326754    0.00326754 
3.44816    5.00416e-12    6.86601e-11    4.15729e-15    6.36601e-11    0.00327107    0.00327107 
3.33322    5.00062e-12    6.29539e-11    6.22054e-16    5.79539e-11    0.00327462    0.00327462 
3.2257    5.00009e-12    5.8303e-11    9.27494e-17    5.3303e-11    0.0032784    0.0032784 
3.1249    5.00001e-12    5.44378e-11    1.379e-17    4.94378e-11    0.00328241    0.00328241 
3.03012    5e-12    5.11704e-11    2.04045e-18    4.61704e-11    0.00328614    0.00328614 
2.94092    5e-12    4.83734e-11    3.01233e-19    4.33734e-11    0.00329035    0.00329035 
2.85682    5e-12    4.59513e-11    4.4362e-20    4.09513e-11    0.0032945    0.0032945 
2.77739    5e-12    4.38327e-11    6.51902e-21    3.88327e-11    0.00329887    0.00329887 
2.70226    5e-12    4.19633e-11    9.55838e-22    3.69633e-11    0.00330313    0.00330313 
2.63109    5e-12    4.03011e-11    1.39877e-22    3.53011e-11    0.0033076    0.0033076 
2.56358    5e-12    3.8813e-11    2.04277e-23    3.3813e-11    0.00331191    0.00331191 
2.49944    5e-12    3.74726e-11    2.97807e-24    3.24726e-11    0.00331641    0.00331641 
2.43843    5e-12    3.62586e-11    4.33442e-25    3.12586e-11    0.0033211    0.0033211 
2.38033    5e-12    3.51538e-11    6.29864e-26    3.01538e-11    0.00332599    0.00332599 
2.32493    5e-12    3.41437e-11    9.137e-27    2.91437e-11    0.00333065    0.00333065 
2.27206    5e-12    3.32165e-11    1.32354e-27    2.82165e-11    0.00333548    0.00333548 
2.22153    5e-12    3.23623e-11    1.9146e-28    2.73623e-11    0.00334049    0.00334049 
2.1732    5e-12    3.15724e-11    2.76601e-29    2.65724e-11    0.00334568    0.00334568 
2.12694    5e-12    3.08399e-11    3.98991e-30    2.58399e-11    0.00335055    0.00335055 
2.0826    5e-12    3.01585e-11    5.74845e-31    2.51585e-11    0.00335559    0.00335559 
2.04007    5e-12    2.9523e-11    8.27254e-32    2.4523e-11    0.00336078    0.00336078 
1.99924    5e-12    2.89287e-11    1.18919e-32    2.39287e-11    0.00336613    0.00336613 
1.96002    5e-12    2.83717e-11    1.70767e-33    2.33717e-11    0.00337164    0.00337164 
1.9223    5e-12    2.78486e-11    2.4489e-34    2.28486e-11    0.00337674    0.00337674 
1.88601    5e-12    2.73561e-11    3.50841e-35    2.23561e-11    0.00338197    0.00338197 
1.85106    5e-12    2.68917e-11    5.02158e-36    2.18917e-11    0.00338734    0.00338734 
1.81739    5e-12    2.6453e-11    7.18083e-37    2.1453e-11    0.00339284    0.00339284 
1.78492    5e-12    2.60378e-11    1.02596e-37    2.10378e-11    0.00339848    0.00339848 
1.75359    5e-12    2.56442e-11    1.46404e-38    2.06442e-11    0.00340361    0.00340361 
1.72334    5e-12    2.52706e-11    2.08827e-39    2.02706e-11    0.00340951    0.00340951 
1.69411    5e-12    2.49153e-11    2.97515e-40    1.99153e-11    0.00341487    0.00341487 
1.66586    5e-12    2.45771e-11    4.23543e-41    1.95771e-11    0.00342034    0.00342034 
1.63854    5e-12    2.42548e-11    6.0251e-42    1.92548e-11    0.00342591    0.00342591 
1.6121    5e-12    2.39471e-11    8.56483e-43    1.89471e-11    0.0034316    0.0034316 
1.5865    5e-12    2.36531e-11    1.21667e-43    1.86531e-11    0.00343739    0.00343739 
1.56169    5e-12    2.33719e-11    1.72642e-44    1.83719e-11    0.00344254    0.00344254 
1.53768    5e-12    2.31028e-11    2.454e-45    1.81028e-11    0.00344853    0.00344853 
1.51439    5e-12    2.28449e-11    3.48445e-46    1.78449e-11    0.00345386    0.00345386 
1.4918    5e-12    2.25974e-11    4.94453e-47    1.75974e-11    0.00345927    0.00345927 
1.46987    5e-12    2.23597e-11    7.01541e-48    1.73597e-11    0.00346556    0.00346556 
1.44858    5e-12    2.21312e-11    9.94332e-49    1.71312e-11    0.00347114    0.00347114 
1.4279    5e-12    2.19113e-11    1.40852e-49    1.69113e-11    0.0034768    0.0034768 
1.4078    5e-12    2.16996e-11    1.9932e-50    1.66996e-11    0.00348171    0.00348171 
1.38825    5e-12    2.14956e-11    2.82038e-51    1.64956e-11    0.00348751    0.00348751 
1.36924    5e-12    2.12989e-11    3.98877e-52    1.62989e-11    0.00349339    0.00349339 
1.35075    5e-12    2.1109e-11    5.63557e-53    1.6109e-11    0.00349848    0.00349848 
1.33275    5e-12    2.09256e-11    7.96219e-54    1.59256e-11    0.0035045    0.0035045 
1.31522    5e-12    2.07484e-11    1.12383e-54    1.57484e-11    0.00350971    0.00350971 
1.29814    5e-12    2.0577e-11    1.58629e-55    1.5577e-11    0.00351586    0.00351586 
1.28151    5e-12    2.04112e-11    2.23689e-56    1.54112e-11    0.00352118    0.00352118 
1.26529    5e-12    2.02507e-11    3.1529e-57    1.52507e-11    0.00352656    0.00352656 
1.24948    5e-12    2.00951e-11    4.44205e-58    1.50951e-11    0.00353198    0.00353198 
1.23407    5e-12    1.99444e-11    6.25561e-59    1.49444e-11    0.00353745    0.00353745 
1.21902    5e-12    1.97982e-11    8.80588e-60    1.47982e-11    0.00354297    0.00354297 
1.20434    5e-12    1.96563e-11    1.23907e-60    1.46563e-11    0.00354853    0.00354853 
1.19001    5e-12    1.95185e-11    1.74188e-61    1.45185e-11    0.0035532    0.0035532 
1.17601    5e-12    1.93847e-11    2.44904e-62    1.43847e-11    0.00355885    0.00355885 
1.16234    5e-12    1.92547e-11    3.44196e-63    1.42547e-11    0.00356454    0.00356454 
1.14899    5e-12    1.91283e-11    4.83304e-64    1.41283e-11    0.00356931    0.00356931 
1.13594    5e-12    1.90054e-11    6.78747e-65    1.40054e-11    0.00357507    0.00357507 
1.12318    5e-12    1.88857e-11    9.52365e-66    1.38857e-11    0.00357991    0.00357991 
1.1107    5e-12    1.87692e-11    1.33654e-66    1.37692e-11    0.00358574    0.00358574 
1.0985    5e-12    1.86558e-11    1.874e-67    1.36558e-11    0.00359063    0.00359063 
1.08657    5e-12    1.85453e-11    2.62671e-68    1.35453e-11    0.00359555    0.00359555 
1.07489    5e-12    1.84376e-11    3.68253e-69    1.34376e-11    0.00360148    0.00360148 
1.06346    5e-12    1.83325e-11    5.15823e-70    1.33325e-11    0.00360645    0.00360645 
1.05227    5e-12    1.82301e-11    7.22297e-71    1.32301e-11    0.00361144    0.00361144 
1.04131    5e-12    1.81301e-11    1.0111e-71    1.31301e-11    0.00361646    0.00361646 
1.03058    5e-12    1.80326e-11    1.41494e-72    1.30326e-11    0.00362149    0.00362149 
1.02006    5e-12    1.79373e-11    1.97947e-73    1.29373e-11    0.00362655    0.00362655 
1.00976    5e-12    1.78443e-11    2.76842e-74    1.28443e-11    0.00363163    0.00363163 
0.99967    5e-12    1.77534e-11    3.87069e-75    1.27534e-11    0.00363672    0.00363672 
0.989776    5e-12    1.76645e-11    5.40725e-76    1.26645e-11    0.00364081    0.00364081 
0.980075    5e-12    1.75777e-11    7.55589e-77    1.25777e-11    0.00364594    0.00364594 
0.970563    5e-12    1.74928e-11    1.05554e-77    1.24928e-11    0.00365109    0.00365109 
0.961233    5e-12    1.74097e-11    1.47417e-78    1.24097e-11    0.00365625    0.00365625 
0.952082    5e-12    1.73284e-11    2.05712e-79    1.23284e-11    0.00366039    0.00366039 
0.943103    5e-12    1.72488e-11    2.87145e-80    1.22488e-11    0.00366559    0.00366559 
0.934291    5e-12    1.71709e-11    4.00485e-81    1.21709e-11    0.00366975    0.00366975 
0.925643    5e-12    1.70947e-11    5.58738e-82    1.20947e-11    0.00367497    0.00367497 
0.917154    5e-12    1.702e-11    7.78889e-83    1.202e-11    0.00367915    0.00367915 
0.908818    5e-12    1.69468e-11    1.08614e-83    1.19468e-11    0.0036844    0.0036844 
0.900633    5e-12    1.6875e-11    1.51335e-84    1.1875e-11    0.0036886    0.0036886 
0.892594    5e-12    1.68047e-11    2.10812e-85    1.18047e-11    0.00369281    0.00369281 
0.884697    5e-12    1.67358e-11    2.93762e-86    1.17358e-11    0.00369808    0.00369808 
0.876939    5e-12    1.66682e-11    4.09025e-87    1.16682e-11    0.00370231    0.00370231 
0.869316    5e-12    1.66019e-11    5.69386e-88    1.16019e-11    0.00370655    0.00370655 
0.861824    5e-12    1.65368e-11    7.92443e-89    1.15368e-11    0.00371079    0.00371079 
0.85446    5e-12    1.6473e-11    1.10264e-89    1.1473e-11    0.00371504    0.00371504 
0.847221    5e-12    1.64104e-11    1.53897e-90    1.14104e-11    0.00372539    0.00372539 
0.840103    5e-12    1.63489e-11    2.14866e-91    1.13489e-11    0.00373677    0.00373677 
0.833104    5e-12    1.62886e-11    2.99529e-92    1.12886e-11    0.0037457    0.0037457 
0.826221    5e-12    1.62294e-11    4.17374e-93    1.12294e-11    0.00375424    0.00375424 
0.81945    5e-12    1.61713e-11    5.81287e-94    1.11713e-11    0.00376221    0.00376221 
0.81279    5e-12    1.61143e-11    8.08362e-95    1.11143e-11    0.00376775    0.00376775 
0.806237    5e-12    1.60583e-11    1.12465e-95    1.10583e-11    0.00377452    0.00377452 
0.799789    5e-12    1.60032e-11    1.56379e-96    1.10032e-11    0.00378058    0.00378058 
0.793443    5e-12    1.59491e-11    2.1733e-97    1.09491e-11    0.00378604    0.00378604 
0.787197    5e-12    1.58959e-11    3.01905e-98    1.08959e-11    0.00379103    0.00379103 
0.781049    5e-12    1.58435e-11    4.19252e-99    1.08435e-11    0.00379573    0.00379573 
0.774996    5e-12    1.57921e-11    5.81726e-100    1.07921e-11    0.0037992    0.0037992 
0.769036    5e-12    1.57415e-11    8.07555e-101    1.07415e-11    0.00380393    0.00380393 
0.763167    5e-12    1.56917e-11    1.12103e-101    1.06917e-11    0.00380897    0.00380897 
0.757386    5e-12    1.56427e-11    1.55633e-102    1.06427e-11    0.00381449    0.00381449 
0.751693    5e-12    1.55945e-11    2.15917e-103    1.05945e-11    0.00381904    0.00381904 
0.746085    5e-12    1.5547e-11    2.99836e-104    1.0547e-11    0.00382574    0.00382574 
0.74056    5e-12    1.55003e-11    4.16046e-105    1.05003e-11    0.00383125    0.00383125 
0.735116    5e-12    1.54544e-11    5.77948e-106    1.04544e-11    0.00383925    0.00383925 
0.729751    5e-12    1.54092e-11    8.02076e-107    1.04092e-11    0.00384571    0.00384571 
0.724464    5e-12    1.53646e-11    1.11449e-107    1.03646e-11    0.00385485    0.00385485 
0.719254    5e-12    1.53208e-11    1.54676e-108    1.03208e-11    0.00386202    0.00386202 
0.714117    5e-12    1.52776e-11    2.14933e-109    1.02776e-11    0.00387188    0.00387188 
0.709054    5e-12    1.52352e-11    2.98254e-110    1.02352e-11    0.00387939    0.00387939 
0.704062    5e-12    1.51933e-11    4.14345e-111    1.01933e-11    0.00388941    0.00388941 
0.699139    5e-12    1.51521e-11    5.74763e-112    1.01521e-11    0.00389682    0.00389682 
0.694285    5e-12    1.51115e-11    7.98071e-113    1.01115e-11    0.00390645    0.00390645 
0.689498    5e-12    1.50715e-11    1.10646e-113    1.00715e-11    0.0039134    0.0039134 
0.684777    5e-12    1.5032e-11    1.53356e-114    1.0032e-11    0.00392007    0.00392007 
0.680119    5e-12    1.49932e-11    2.12491e-115    9.99318e-12    0.00392645    0.00392645 
0.675525    5e-12    1.49549e-11    2.94635e-116    9.95488e-12    0.00393449    0.00393449 
0.670992    5e-12    1.49171e-11    4.07989e-117    9.91711e-12    0.00394018    0.00394018 
0.66652    5e-12    1.48799e-11    5.64805e-118    9.87987e-12    0.00394562    0.00394562 
0.662107    5e-12    1.48431e-11    7.8171e-119    9.84314e-12    0.00395085    0.00395085 
0.657752    5e-12    1.48069e-11    1.08261e-119    9.80691e-12    0.00395763    0.00395763 
0.653454    5e-12    1.47712e-11    1.49781e-120    9.77117e-12    0.00396264    0.00396264 
0.649212    5e-12    1.47359e-11    2.072e-121    9.73591e-12    0.00396769    0.00396769 
0.645024    5e-12    1.47011e-11    2.86612e-122    9.70112e-12    0.00397285    0.00397285 
0.64089    5e-12    1.46668e-11    3.96445e-123    9.66679e-12    0.0039782    0.0039782 
0.636809    5e-12    1.46329e-11    5.48371e-124    9.6329e-12    0.0039838    0.0039838 
0.632779    5e-12    1.45995e-11    7.58546e-125    9.59946e-12    0.00398973    0.00398973 
0.6288    5e-12    1.45665e-11    1.04934e-125    9.56646e-12    0.00399603    0.00399603 
0.624871    5e-12    1.45339e-11    1.45173e-126    9.53388e-12    0.00400273    0.00400273 
0.620991    5e-12    1.45017e-11    2.00862e-127    9.50172e-12    0.00400986    0.00400986 
0.617158    5e-12    1.447e-11    2.77939e-128    9.46997e-12    0.00401743    0.00401743 
0.613373    5e-12    1.44386e-11    3.84628e-129    9.43864e-12    0.00402542    0.00402542 
0.609633    5e-12    1.44077e-11    5.32311e-130    9.4077e-12    0.0040338    0.0040338 
0.605939    5e-12    1.43771e-11    7.36738e-131    9.37715e-12    0.00404253    0.00404253 
0.60229    5e-12    1.4347e-11    1.0197e-131    9.34699e-12    0.00405155    0.00405155 
0.598684    5e-12    1.43172e-11    1.41133e-132    9.31721e-12    0.0040608    0.0040608 
0.595121    5e-12    1.42878e-11    1.95328e-133    9.2878e-12    0.00407019    0.00407019 
0.5916    5e-12    1.42588e-11    2.70311e-134    9.25876e-12    0.00407964    0.00407964 
0.588121    5e-12    1.42301e-11    3.74033e-135    9.23007e-12    0.00408907    0.00408907 
0.584682    5e-12    1.42017e-11    5.16688e-136    9.20174e-12    0.0040953    0.0040953 
0.581284    5e-12    1.41738e-11    7.14713e-137    9.17375e-12    0.00410452    0.00410452 
0.577924    5e-12    1.41461e-11    9.88415e-138    9.1461e-12    0.0041135    0.0041135 
0.574604    5e-12    1.41188e-11    1.36659e-138    9.11878e-12    0.0041222    0.0041222 
0.571321    5e-12    1.40918e-11    1.88895e-139    9.09178e-12    0.00413056    0.00413056 
0.568075    5e-12    1.40651e-11    2.60694e-140    9.0651e-12    0.00413593    0.00413593 
0.564866    5e-12    1.40387e-11    3.60158e-141    9.03872e-12    0.00414366    0.00414366 
0.561694    5e-12    1.40127e-11    4.9743e-142    9.01265e-12    0.00415102    0.00415102 
0.558556    5e-12    1.39869e-11    6.86076e-143    8.98687e-12    0.00415572    0.00415572 
0.555454    5e-12    1.39614e-11    9.47115e-144    8.96139e-12    0.00416248    0.00416248 
0.552385    5e-12    1.39362e-11    1.30716e-144    8.93618e-12    0.00416895    0.00416895 
0.549351    5e-12    1.39113e-11    1.8037e-145    8.91126e-12    0.00417517    0.00417517 
0.54635    5e-12    1.38866e-11    2.48604e-146    8.8866e-12    0.00417922    0.00417922 
0.543381    5e-12    1.38622e-11    3.42937e-147    8.86222e-12    0.00418522    0.00418522 
0.540444    5e-12    1.38381e-11    4.72566e-148    8.83809e-12    0.00418919    0.00418919 
0.537539    5e-12    1.38142e-11    6.51766e-149    8.81423e-12    0.00419519    0.00419519 
0.534665    5e-12    1.37906e-11    8.98892e-150    8.79062e-12    0.00420131    0.00420131 
0.531822    5e-12    1.37673e-11    1.23847e-150    8.76726e-12    0.00420551    0.00420551 
0.529008    5e-12    1.37441e-11    1.70808e-151    8.74414e-12    0.00421203    0.00421203 
0.526224    5e-12    1.37213e-11    2.35334e-152    8.72127e-12    0.00421656    0.00421656 
0.52347    5e-12    1.36986e-11    3.24606e-153    8.69863e-12    0.0042237    0.0042237 
0.520744    5e-12    1.36762e-11    4.47252e-154    8.67623e-12    0.00422869    0.00422869 
0.518046    5e-12    1.36541e-11    6.1703e-155    8.65407e-12    0.00423659    0.00423659 
0.515376    5e-12    1.36321e-11    8.50239e-156    8.63213e-12    0.00424212    0.00424212 
0.512734    5e-12    1.36104e-11    1.17326e-156    8.61042e-12    0.00425086    0.00425086 
0.510118    5e-12    1.35889e-11    1.61685e-157    8.58894e-12    0.00425696    0.00425696 
0.507529    5e-12    1.35677e-11    2.23161e-158    8.56767e-12    0.00426652    0.00426652 
0.504966    5e-12    1.35466e-11    3.07562e-159    8.54663e-12    0.00427315    0.00427315 
0.502429    5e-12    1.35258e-11    4.24577e-160    8.5258e-12    0.00428345    0.00428345 
0.499918    5e-12    1.35052e-11    5.85181e-161    8.50518e-12    0.00429053    0.00429053 
0.497431    5e-12    1.34848e-11    8.06524e-162    8.48477e-12    0.00429774    0.00429774 
0.494969    5e-12    1.34646e-11    1.11347e-162    8.46457e-12    0.00430878    0.00430878 
0.492531    5e-12    1.34446e-11    1.53457e-163    8.44458e-12    0.00431623    0.00431623 
0.490117    5e-12    1.34248e-11    2.11848e-164    8.42478e-12    0.0043275    0.0043275 
0.487726    5e-12    1.34052e-11    2.91927e-165    8.40518e-12    0.00433502    0.00433502 
0.485359    5e-12    1.33858e-11    4.02241e-166    8.38578e-12    0.00434251    0.00434251 
0.483015    5e-12    1.33666e-11    5.55126e-167    8.36657e-12    0.00435365    0.00435365 
0.480693    5e-12    1.33475e-11    7.64715e-168    8.34755e-12    0.00436095    0.00436095 
0.478393    5e-12    1.33287e-11    1.0533e-168    8.32871e-12    0.00436814    0.00436814 
0.476116    5e-12    1.33101e-11    1.45288e-169    8.31005e-12    0.00437864    0.00437864 
0.47386    5e-12    1.32916e-11    2.0005e-170    8.29157e-12    0.00438543    0.00438543 
0.471625    5e-12    1.32733e-11    2.7541e-171    8.27327e-12    0.00439204    0.00439204 
0.469411    5e-12    1.32551e-11    3.79097e-172    8.25514e-12    0.00439844    0.00439844 
0.467218    5e-12    1.32372e-11    5.22452e-173    8.23718e-12    0.00440766    0.00440766 
0.465045    5e-12    1.32194e-11    7.18877e-174    8.21938e-12    0.00441355    0.00441355 
0.462892    5e-12    1.32018e-11    9.88992e-175    8.20175e-12    0.00441923    0.00441923 
0.460759    5e-12    1.31843e-11    1.36039e-175    8.18428e-12    0.00442471    0.00442471 
0.458646    5e-12    1.3167e-11    1.87317e-176    8.16697e-12    0.0044326    0.0044326 
0.456552    5e-12    1.31498e-11    2.57576e-177    8.14981e-12    0.00443766    0.00443766 
0.454477    5e-12    1.31328e-11    3.54145e-178    8.1328e-12    0.00444258    0.00444258 
0.452421    5e-12    1.31159e-11    4.86862e-179    8.11594e-12    0.00444738    0.00444738 
0.450383    5e-12    1.30992e-11    6.69249e-180    8.09923e-12    0.00445211    0.00445211 
0.448364    5e-12    1.30827e-11    9.20843e-181    8.08267e-12    0.00445911    0.00445911 
0.446363    5e-12    1.30662e-11    1.26561e-181    8.06625e-12    0.00446377    0.00446377 
0.444379    5e-12    1.305e-11    1.73937e-182    8.04997e-12    0.00446845    0.00446845 
0.442413    5e-12    1.30338e-11    2.3904e-183    8.03383e-12    0.0044732    0.0044732 
0.440465    5e-12    1.30178e-11    3.28505e-184    8.01782e-12    0.00447805    0.00447805 
0.438533    5e-12    1.3002e-11    4.51453e-185    8.00196e-12    0.00448302    0.00448302 
0.436618    5e-12    1.29862e-11    6.20424e-186    7.98622e-12    0.00448816    0.00448816 
0.43472    5e-12    1.29706e-11    8.52661e-187    7.97062e-12    0.00449349    0.00449349 
0.432839    5e-12    1.29552e-11    1.17337e-187    7.95516e-12    0.00450191    0.00450191 
0.430973    5e-12    1.29398e-11    1.61281e-188    7.93982e-12    0.00450783    0.00450783 
0.429124    5e-12    1.29246e-11    2.21696e-189    7.92461e-12    0.00451402    0.00451402 
0.42729    5e-12    1.29095e-11    3.04764e-190    7.90953e-12    0.00452049    0.00452049 
0.425472    5e-12    1.28946e-11    4.18986e-191    7.89457e-12    0.00452726    0.00452726 
0.42367    5e-12    1.28797e-11    5.7606e-192    7.87974e-12    0.00453432    0.00453432 
0.421882    5e-12    1.2865e-11    7.92076e-193    7.86503e-12    0.00454168    0.00454168 
0.42011    5e-12    1.28505e-11    1.08917e-193    7.85045e-12    0.00454934    0.00454934 
0.418352    5e-12    1.2836e-11    1.4978e-194    7.83599e-12    0.00455727    0.00455727 
0.416609    5e-12    1.28216e-11    2.05986e-195    7.82165e-12    0.00456547    0.00456547 
0.414881    5e-12    1.28074e-11    2.83298e-196    7.80743e-12    0.00457392    0.00457392 
0.413167    5e-12    1.27933e-11    3.89641e-197    7.79333e-12    0.00458258    0.00458258 
0.411467    5e-12    1.27793e-11    5.35915e-198    7.77934e-12    0.00459143    0.00459143 
0.409781    5e-12    1.27655e-11    7.37111e-199    7.76547e-12    0.00460044    0.00460044 
0.408108    5e-12    1.27517e-11    1.01383e-199    7.75171e-12    0.00460958    0.00460958 
0.40645    5e-12    1.27381e-11    1.39441e-200    7.73807e-12    0.00461879    0.00461879 
0.404804    5e-12    1.27245e-11    1.91778e-201    7.72454e-12    0.00462803    0.00462803 
0.403172    5e-12    1.27111e-11    2.63742e-202    7.71112e-12    0.00463728    0.00463728 
0.401553    5e-12    1.26978e-11    3.62682e-203    7.69781e-12    0.00464647    0.00464647 
0.399947    5e-12    1.26846e-11    4.9869e-204    7.68461e-12    0.00465556    0.00465556 
0.398354    5e-12    1.26715e-11    6.85623e-205    7.67151e-12    0.00466452    0.00466452 
0.396773    5e-12    1.26585e-11    9.42502e-206    7.65851e-12    0.00467329    0.00467329 
0.395205    5e-12    1.26456e-11    1.29308e-206    7.64562e-12    0.00467759    0.00467759 
0.39365    5e-12    1.26328e-11    1.7771e-207    7.63283e-12    0.00468601    0.00468601 
0.392106    5e-12    1.26201e-11    2.44188e-208    7.62014e-12    0.00469415    0.00469415 
0.390575    5e-12    1.26076e-11    3.35472e-209    7.60755e-12    0.00470197    0.00470197 
0.389054    5e-12    1.2595e-11    4.59874e-210    7.59504e-12    0.00470945    0.00470945 
0.387544    5e-12    1.25826e-11    6.30279e-211    7.58263e-12    0.00471657    0.00471657 
0.386047    5e-12    1.25703e-11    8.63645e-212    7.57031e-12    0.00472331    0.00472331 
0.384561    5e-12    1.25581e-11    1.18316e-212    7.55809e-12    0.00472965    0.00472965 
0.383086    5e-12    1.25459e-11    1.61854e-213    7.54595e-12    0.00473268    0.00473268 
0.381623    5e-12    1.25339e-11    2.21659e-214    7.5339e-12    0.00473843    0.00473843 
0.38017    5e-12    1.25219e-11    3.03496e-215    7.52194e-12    0.00474379    0.00474379 
0.378729    5e-12    1.25101e-11    4.15464e-216    7.51007e-12    0.00474878    0.00474878 
0.377299    5e-12    1.24983e-11    5.68628e-217    7.49828e-12    0.0047534    0.0047534 
0.375879    5e-12    1.24866e-11    7.78113e-218    7.48657e-12    0.00475769    0.00475769 
0.37447    5e-12    1.2475e-11    1.06372e-218    7.47495e-12    0.00475972    0.00475972 
0.373072    5e-12    1.24634e-11    1.4552e-219    7.46341e-12    0.00476357    0.00476357 
0.371684    5e-12    1.24519e-11    1.99047e-220    7.45195e-12    0.00476718    0.00476718 
0.370306    5e-12    1.24406e-11    2.72229e-221    7.44056e-12    0.00477058    0.00477058 
0.368938    5e-12    1.24293e-11    3.72276e-222    7.42926e-12    0.00477382    0.00477382 
0.367581    5e-12    1.2418e-11    5.08717e-223    7.41803e-12    0.0047754    0.0047754 
0.366233    5e-12    1.24069e-11    6.95579e-224    7.40688e-12    0.00477851    0.00477851 
0.364896    5e-12    1.23958e-11    9.5103e-225    7.3958e-12    0.00478159    0.00478159 
0.363568    5e-12    1.23848e-11    1.30026e-225    7.38479e-12    0.0047847    0.0047847 
0.362249    5e-12    1.23739e-11    1.77652e-226    7.37386e-12    0.00478628    0.00478628 
0.36094    5e-12    1.2363e-11    2.42884e-227    7.363e-12    0.00478953    0.00478953 
0.359641    5e-12    1.23522e-11    3.32076e-228    7.35222e-12    0.00479294    0.00479294 
0.358351    5e-12    1.23415e-11    4.54044e-229    7.3415e-12    0.00479657    0.00479657 
0.35707    5e-12    1.23309e-11    6.2034e-230    7.33086e-12    0.00479848    0.00479848 
0.355798    5e-12    1.23203e-11    8.48263e-231    7.32029e-12    0.00480251    0.00480251 
0.354536    5e-12    1.23098e-11    1.16004e-231    7.30978e-12    0.00480688    0.00480688 
0.353282    5e-12    1.22993e-11    1.58659e-232    7.29935e-12    0.0048116    0.0048116 
0.352037    5e-12    1.2289e-11    2.1679e-233    7.28898e-12    0.00481411    0.00481411 
0.350801    5e-12    1.22787e-11    2.96555e-234    7.27868e-12    0.00481944    0.00481944 
0.349573    5e-12    1.22685e-11    4.05726e-235    7.26845e-12    0.0048252    0.0048252 
0.348354    5e-12    1.22583e-11    5.54441e-236    7.25829e-12    0.00482825    0.00482825 
0.347144    5e-12    1.22482e-11    7.58704e-237    7.2482e-12    0.0048347    0.0048347 
0.345942    5e-12    1.22382e-11    1.03838e-237    7.23817e-12    0.00484161    0.00484161 
0.344748    5e-12    1.22282e-11    1.41916e-238    7.22821e-12    0.00484523    0.00484523 
0.343562    5e-12    1.22183e-11    1.9427e-239    7.21832e-12    0.00485284    0.00485284 
0.342385    5e-12    1.22085e-11    2.65976e-240    7.20849e-12    0.00486089    0.00486089 
0.341215    5e-12    1.21987e-11    3.63556e-241    7.19873e-12    0.00486508    0.00486508 
0.340054    5e-12    1.2189e-11    4.97839e-242    7.18903e-12    0.00487377    0.00487377 
0.3389    5e-12    1.21794e-11    6.81802e-243    7.1794e-12    0.00488286    0.00488286 
0.337755    5e-12    1.21698e-11    9.32024e-244    7.16983e-12    0.00488754    0.00488754 
0.336616    5e-12    1.21603e-11    1.2766e-244    7.16032e-12    0.00489716    0.00489716 
0.335486    5e-12    1.21509e-11    1.74516e-245    7.15088e-12    0.00490208    0.00490208 
0.334363    5e-12    1.21415e-11    2.3906e-246    7.1415e-12    0.00491213    0.00491213 
0.333248    5e-12    1.21322e-11    3.27491e-247    7.13218e-12    0.00492241    0.00492241 
0.33214    5e-12    1.21229e-11    4.47694e-248    7.12293e-12    0.00492762    0.00492762 
0.331039    5e-12    1.21137e-11    6.13314e-249    7.11374e-12    0.00493814    0.00493814 
0.329946    5e-12    1.21046e-11    8.40199e-250    7.1046e-12    0.00494875    0.00494875 
0.32886    5e-12    1.20955e-11    1.14851e-250    7.09553e-12    0.00495407    0.00495407 
0.327781    5e-12    1.20865e-11    1.57328e-251    7.08652e-12    0.0049647    0.0049647 
0.326709    5e-12    1.20776e-11    2.15042e-252    7.07757e-12    0.00497    0.00497 
0.325644    5e-12    1.20687e-11    2.94537e-253    7.06867e-12    0.00498052    0.00498052 
0.324586    5e-12    1.20598e-11    4.02544e-254    7.05983e-12    0.00498573    0.00498573 
0.323535    5e-12    1.20511e-11    5.51258e-255    7.05105e-12    0.00499601    0.00499601 
0.32249    5e-12    1.20423e-11    7.54812e-256    7.04233e-12    0.00500606    0.00500606 
0.321452    5e-12    1.20337e-11    1.03138e-256    7.03366e-12    0.00501099    0.00501099 
0.320421    5e-12    1.2025e-11    1.41187e-257    7.02505e-12    0.00502061    0.00502061 
0.319397    5e-12    1.20165e-11    1.92887e-258    7.01649e-12    0.00502529    0.00502529 
0.318379    5e-12    1.2008e-11    2.63971e-259    7.00798e-12    0.00503437    0.00503437 
0.317368    5e-12    1.19995e-11    3.60567e-260    6.99953e-12    0.00503877    0.00503877 
0.316363    5e-12    1.19911e-11    4.93293e-261    6.99113e-12    0.00504725    0.00504725 
0.315364    5e-12    1.19828e-11    6.73678e-262    6.98278e-12    0.00505133    0.00505133 
0.314371    5e-12    1.19745e-11    9.21359e-263    6.97448e-12    0.00505915    0.00505915 
0.313385    5e-12    1.19662e-11    1.25803e-263    6.96623e-12    0.00506289    0.00506289 
0.312405    5e-12    1.1958e-11    1.71998e-264    6.95803e-12    0.00507004    0.00507004 
0.311431    5e-12    1.19499e-11    2.34801e-265    6.94988e-12    0.00507344    0.00507344 
0.310464    5e-12    1.19418e-11    3.20915e-266    6.94178e-12    0.00507991    0.00507991 
0.309502    5e-12    1.19337e-11    4.3801e-267    6.93373e-12    0.00508298    0.00508298 
0.308546    5e-12    1.19257e-11    5.98461e-268    6.92572e-12    0.0050888    0.0050888 
0.307596    5e-12    1.19178e-11    8.16681e-269    6.91775e-12    0.00509157    0.00509157 
0.306652    5e-12    1.19098e-11    1.11552e-269    6.90984e-12    0.00509681    0.00509681 
0.305713    5e-12    1.1902e-11    1.52203e-270    6.90197e-12    0.0050993    0.0050993 
0.30478    5e-12    1.18941e-11    2.07845e-271    6.89414e-12    0.00510405    0.00510405 
0.303853    5e-12    1.18864e-11    2.83545e-272    6.88636e-12    0.00510631    0.00510631 
0.302932    5e-12    1.18786e-11    3.8712e-273    6.87862e-12    0.00511066    0.00511066 
0.302016    5e-12    1.18709e-11    5.2805e-274    6.87092e-12    0.00511276    0.00511276 
0.301106    5e-12    1.18633e-11    7.20823e-275    6.86326e-12    0.00511684    0.00511684 
0.300201    5e-12    1.18557e-11    9.83141e-276    6.85565e-12    0.00511884    0.00511884 
0.299302    5e-12    1.18481e-11    1.3419e-276    6.84808e-12    0.00512278    0.00512278 
0.298408    5e-12    1.18406e-11    1.83012e-277    6.84055e-12    0.00512473    0.00512473 
0.297519    5e-12    1.18331e-11    2.49589e-278    6.83306e-12    0.0051267    0.0051267 
0.296636    5e-12    1.18256e-11    3.40643e-279    6.82562e-12    0.00513066    0.00513066 
0.295757    5e-12    1.18182e-11    4.6455e-280    6.81821e-12    0.00513268    0.00513268 
0.294884    5e-12    1.18108e-11    6.34035e-281    6.81084e-12    0.00513683    0.00513683 
0.294016    5e-12    1.18035e-11    8.64658e-282    6.80351e-12    0.00513897    0.00513897 
0.293154    5e-12    1.17962e-11    1.1802e-282    6.79622e-12    0.00514343    0.00514343 
0.292296    5e-12    1.1789e-11    1.60951e-283    6.78897e-12    0.00514576    0.00514576 
0.291443    5e-12    1.17818e-11    2.195e-284    6.78176e-12    0.00514816    0.00514816 
0.290595    5e-12    1.17746e-11    2.99647e-285    6.77459e-12    0.00515321    0.00515321 
0.289753    5e-12    1.17675e-11    4.08669e-286    6.76746e-12    0.00515587    0.00515587 
0.288915    5e-12    1.17604e-11    5.57979e-287    6.76036e-12    0.00516148    0.00516148 
0.288081    5e-12    1.17533e-11    7.61038e-288    6.75331e-12    0.00516443    0.00516443 
0.287253    5e-12    1.17463e-11    1.03801e-288    6.74629e-12    0.00516749    0.00516749 
0.28643    5e-12    1.17393e-11    1.4176e-289    6.73931e-12    0.00517394    0.00517394 
0.285611    5e-12    1.17324e-11    1.93367e-290    6.73236e-12    0.00517733    0.00517733 
0.284796    5e-12    1.17255e-11    2.64135e-291    6.72546e-12    0.00518445    0.00518445 
0.283987    5e-12    1.17186e-11    3.6032e-292    6.71859e-12    0.00518818    0.00518818 
0.283182    5e-12    1.17118e-11    4.91541e-293    6.71176e-12    0.00519202    0.00519202 
0.282381    5e-12    1.1705e-11    6.7161e-294    6.70496e-12    0.00520004    0.00520004 
0.281585    5e-12    1.16982e-11    9.16265e-295    6.6982e-12    0.00520421    0.00520421 
0.280794    5e-12    1.16915e-11    1.25006e-295    6.69148e-12    0.00520849    0.00520849 
0.280007    5e-12    1.16848e-11    1.70841e-296    6.68479e-12    0.00521734    0.00521734 
0.279224    5e-12    1.16781e-11    2.33093e-297    6.67814e-12    0.00522191    0.00522191 
0.278446    5e-12    1.16715e-11    3.18031e-298    6.67153e-12    0.00522656    0.00522656 
0.277672    5e-12    1.1665e-11    4.34721e-299    6.66495e-12    0.00523611    0.00523611 
0.276902    5e-12    1.16584e-11    5.93153e-300    6.65841e-12    0.00524099    0.00524099 
0.276137    5e-12    1.16519e-11    8.09324e-301    6.6519e-12    0.00524594    0.00524594 
0.275376    5e-12    1.16454e-11    1.1064e-301    6.64543e-12    0.00525598    0.00525598 
0.274619    5e-12    1.1639e-11    1.50962e-302    6.63899e-12    0.00526107    0.00526107 
0.273866    5e-12    1.16326e-11    2.05977e-303    6.63259e-12    0.00526619    0.00526619 
0.273117    5e-12    1.16262e-11    2.81587e-304    6.62622e-12    0.00527649    0.00527649 
0.272373    5e-12    1.16199e-11    3.84193e-305    6.61989e-12    0.00528165    0.00528165 
0.271632    5e-12    1.16136e-11    5.24173e-306    6.61359e-12    0.0052868    0.0052868 
0.270896    5e-12    1.16073e-11    7.16517e-307    6.60732e-12    0.00529706    0.00529706 
0.270163    5e-12    1.16011e-11    9.77503e-308    6.60109e-12    0.00530214    0.00530214 
0.269434    5e-12    1.15949e-11    1.3335e-308    6.59489e-12    0.00530718    0.00530718 
0.26871    5e-12    1.15887e-11    1.82244e-309    6.58872e-12    0.0053171    0.0053171 
0.267989    5e-12    1.15826e-11    2.48586e-310    6.58258e-12    0.00532195    0.00532195 
0.267272    5e-12    1.15765e-11    3.39061e-311    6.57648e-12    0.00532673    0.00532673 
0.266559    5e-12    1.15704e-11    4.62438e-312    6.57041e-12    0.00533142    0.00533142 
0.265849    5e-12    1.15644e-11    6.31733e-313    6.56437e-12    0.00534049    0.00534049 
0.265144    5e-12    1.15584e-11    8.61466e-314    6.55836e-12    0.00534486    0.00534486 
0.264442    5e-12    1.15524e-11    1.17466e-314    6.55238e-12    0.00534912    0.00534912 
0.263744    5e-12    1.15464e-11    1.604e-315    6.54643e-12    0.00535723    0.00535723 
0.263049    5e-12    1.15405e-11    2.18673e-316    6.54051e-12    0.00536108    0.00536108 
0.262358    5e-12    1.15346e-11    2.98094e-317    6.53462e-12    0.00536479    0.00536479 
0.261671    5e-12    1.15288e-11    4.06329e-318    6.52876e-12    0.00536835    0.00536835 
0.260988    5e-12    1.15229e-11    5.5449e-319    6.52293e-12    0.00537501    0.00537501 
0.260308    5e-12    1.15171e-11    7.55673e-320    6.51713e-12    0.00537811    0.00537811 
0.259631    5e-12    1.15114e-11    1.02963e-320    6.51135e-12    0.00538104    0.00538104 
0.258958    5e-12    1.15056e-11    1.40315e-321    6.5056e-12    0.00538382    0.00538382 
0.258288    5e-12    1.14999e-11    1.92686e-322    6.49988e-12    0.0053889    0.0053889 
0.257622    5e-12    1.14942e-11    2.47033e-323    6.49419e-12    0.00539121    0.00539121 
0.25696    5e-12    1.14885e-11    4.94066e-324    6.48853e-12    0.00539336    0.00539336 
0.256301    5e-12    1.14829e-11    0    6.48289e-12    0.00539536    0.00539536 
0.255645    5e-12    1.14773e-11    0    6.47727e-12    0.00539894    0.00539894 
0.254992    5e-12    1.14717e-11    0    6.47169e-12    0.00540053    0.00540053 
0.254343    5e-12    1.14661e-11    0    6.46613e-12    0.00540199    0.00540199 
0.253697    5e-12    1.14606e-11    0    6.46059e-12    0.00540333    0.00540333 
0.253054    5e-12    1.14551e-11    0    6.45508e-12    0.00540571    0.00540571 
0.252415    5e-12    1.14496e-11    0    6.44959e-12    0.00540676    0.00540676 
0.251779    5e-12    1.14441e-11    0    6.44413e-12    0.00540773    0.00540773 
0.251146    5e-12    1.14387e-11    0    6.43869e-12    0.00540865    0.00540865 
0.250516    5e-12    1.14333e-11    0    6.43328e-12    0.0054095    0.0054095 
0.249889    5e-12    1.14279e-11    0    6.42789e-12    0.00541112    0.00541112 
0.249266    5e-12    1.14225e-11    0    6.42252e-12    0.00541191    0.00541191 
0.248646    5e-12    1.14172e-11    0    6.41718e-12    0.00541271    0.00541271 
0.248028    5e-12    1.14119e-11    0    6.41186e-12    0.00541352    0.00541352 
0.247414    5e-12    1.14066e-11    0    6.40657e-12    0.00541438    0.00541438 
0.246803    5e-12    1.14013e-11    0    6.40129e-12    0.00541627    0.00541627 
0.246194    5e-12    1.1396e-11    0    6.39604e-12    0.00541734    0.00541734 
0.245589    5e-12    1.13908e-11    0    6.39082e-12    0.00541852    0.00541852 
0.244987    5e-12    1.13856e-11    0    6.38561e-12    0.00541983    0.00541983 
0.244388    5e-12    1.13804e-11    0    6.38043e-12    0.00542127    0.00542127 
0.243791    5e-12    1.13753e-11    0    6.37527e-12    0.00542467    0.00542467 
0.243198    5e-12    1.13701e-11    0    6.37014e-12    0.00542665    0.00542665 
0.242607    5e-12    1.1365e-11    0    6.36502e-12    0.00542885    0.00542885 
0.242019    5e-12    1.13599e-11    0    6.35993e-12    0.00543129    0.00543129 
0.241435    5e-12    1.13549e-11    0    6.35486e-12    0.00543397    0.00543397 
0.240852    5e-12    1.13498e-11    0    6.34982e-12    0.00543693    0.00543693 
0.240273    5e-12    1.13448e-11    0    6.3448e-12    0.00544372    0.00544372 
0.239697    5e-12    1.13398e-11    0    6.3398e-12    0.00544759    0.00544759 
0.239123    5e-12    1.13348e-11    0    6.33482e-12    0.00545181    0.00545181 
0.238552    5e-12    1.13299e-11    0    6.32986e-12    0.00545637    0.00545637 
0.237984    5e-12    1.13249e-11    0    6.32493e-12    0.00546131    0.00546131 
0.237418    5e-12    1.132e-11    0    6.32002e-12    0.00546664    0.00546664 
0.236855    5e-12    1.13151e-11    0    6.31514e-12    0.00547237    0.00547237 
0.236295    5e-12    1.13103e-11    0    6.31027e-12    0.0054851    0.0054851 
0.235737    5e-12    1.13054e-11    0    6.30543e-12    0.00549212    0.00549212 
0.235182    5e-12    1.13006e-11    0    6.30061e-12    0.00549961    0.00549961 
0.23463    5e-12    1.12958e-11    0    6.29582e-12    0.00550756    0.00550756 
0.23408    5e-12    1.1291e-11    0    6.29105e-12    0.005516    0.005516 
0.233533    5e-12    1.12863e-11    0    6.2863e-12    0.00552494    0.00552494 
0.232988    5e-12    1.12816e-11    0    6.28158e-12    0.00553438    0.00553438 
0.232446    5e-12    1.12769e-11    0    6.27688e-12    0.00555481    0.00555481 
0.231907    5e-12    1.12722e-11    0    6.2722e-12    0.00556583    0.00556583 
0.23137    5e-12    1.12675e-11    0    6.26755e-12    0.00557738    0.00557738 
0.230835    5e-12    1.12629e-11    0    6.26292e-12    0.00558947    0.00558947 
0.230303    5e-12    1.12583e-11    0    6.25832e-12    0.00560212    0.00560212 
0.229773    5e-12    1.12537e-11    0    6.25373e-12    0.00561533    0.00561533 
0.229246    5e-12    1.12492e-11    0    6.24918e-12    0.0056291    0.0056291 
0.228721    5e-12    1.12446e-11    0    6.24464e-12    0.00564344    0.00564344 
0.228198    5e-12    1.12401e-11    0    6.24014e-12    0.00565834    0.00565834 
0.227678    5e-12    1.12357e-11    0    6.23565e-12    0.00568985    0.00568985 
0.227161    5e-12    1.12312e-11    0    6.23119e-12    0.00570646    0.00570646 
0.226645    5e-12    1.12268e-11    0    6.22676e-12    0.00572364    0.00572364 
0.226132    5e-12    1.12223e-11    0    6.22235e-12    0.00574139    0.00574139 
0.225622    5e-12    1.1218e-11    0    6.21796e-12    0.00575969    0.00575969 
0.225113    5e-12    1.12136e-11    0    6.2136e-12    0.00577856    0.00577856 
0.224607    5e-12    1.12093e-11    0    6.20926e-12    0.00579797    0.00579797 
0.224103    5e-12    1.12049e-11    0    6.20495e-12    0.00581794    0.00581794 
0.223602    5e-12    1.12007e-11    0    6.20066e-12    0.00583844    0.00583844 
0.223102    5e-12    1.11964e-11    0    6.1964e-12    0.00585948    0.00585948 
0.222605    5e-12    1.11922e-11    0    6.19216e-12    0.00588103    0.00588103 
0.22211    5e-12    1.11879e-11    0    6.18794e-12    0.0059031    0.0059031 
0.221617    5e-12    1.11838e-11    0    6.18375e-12    0.00594872    0.00594872 
0.221127    5e-12    1.11796e-11    0    6.17959e-12    0.00597225    0.00597225 
0.220639    5e-12    1.11754e-11    0    6.17545e-12    0.00599624    0.00599624 
0.220152    5e-12    1.11713e-11    0    6.17133e-12    0.00602068    0.00602068 
0.219668    5e-12    1.11672e-11    0    6.16724e-12    0.00604554    0.00604554 
0.219186    5e-12    1.11632e-11    0    6.16317e-12    0.00607082    0.00607082 
0.218706    5e-12    1.11591e-11    0    6.15913e-12    0.00609649    0.00609649 
0.218229    5e-12    1.11551e-11    0    6.15511e-12    0.00612253    0.00612253 
0.217753    5e-12    1.11511e-11    0    6.15112e-12    0.00614893    0.00614893 
0.217279    5e-12    1.11471e-11    0    6.14714e-12    0.00617567    0.00617567 
0.216808    5e-12    1.11432e-11    0    6.1432e-12    0.00620272    0.00620272 
0.216338    5e-12    1.11393e-11    0    6.13927e-12    0.00623007    0.00623007 
0.215871    5e-12    1.11354e-11    0    6.13537e-12    0.00625768    0.00625768 
0.215405    5e-12    1.11315e-11    0    6.13149e-12    0.00628554    0.00628554 
0.214942    5e-12    1.11276e-11    0    6.12764e-12    0.00631363    0.00631363 
0.21448    5e-12    1.11238e-11    0    6.12381e-12    0.00634192    0.00634192 
0.214021    5e-12    1.112e-11    0    6.12e-12    0.00637038    0.00637038 
0.213563    5e-12    1.11162e-11    0    6.11621e-12    0.006399    0.006399 
0.213108    5e-12    1.11125e-11    0    6.11245e-12    0.00642774    0.00642774 
0.212654    5e-12    1.11087e-11    0    6.10871e-12    0.00645659    0.00645659 
0.212202    5e-12    1.1105e-11    0    6.10499e-12    0.00648551    0.00648551 
0.211753    5e-12    1.11013e-11    0    6.1013e-12    0.0065435    0.0065435 
0.211305    5e-12    1.10976e-11    0    6.09762e-12    0.00657251    0.00657251 
0.210859    5e-12    1.1094e-11    0    6.09397e-12    0.00660151    0.00660151 
0.210415    5e-12    1.10903e-11    0    6.09034e-12    0.00663046    0.00663046 
0.209972    5e-12    1.10867e-11    0    6.08672e-12    0.00665935    0.00665935 
0.209532    5e-12    1.10831e-11    0    6.08313e-12    0.00668815    0.00668815 
0.209093    5e-12    1.10796e-11    0    6.07957e-12    0.00671684    0.00671684 
0.208657    5e-12    1.1076e-11    0    6.07602e-12    0.00674541    0.00674541 
0.208222    5e-12    1.10725e-11    0    6.07249e-12    0.00677383    0.00677383 
0.207789    5e-12    1.1069e-11    0    6.06898e-12    0.00680208    0.00680208 
0.207357    5e-12    1.10655e-11    0    6.06549e-12    0.00683015    0.00683015 
0.206928    5e-12    1.1062e-11    0    6.06202e-12    0.00685802    0.00685802 
0.2065    5e-12    1.10586e-11    0    6.05857e-12    0.00688568    0.00688568 
0.206074    5e-12    1.10551e-11    0    6.05514e-12    0.00691311    0.00691311 
0.20565    5e-12    1.10517e-11    0    6.05172e-12    0.0069403    0.0069403 
0.205228    5e-12    1.10483e-11    0    6.04833e-12    0.00696724    0.00696724 
0.204807    5e-12    1.1045e-11    0    6.04495e-12    0.00699393    0.00699393 
0.204388    5e-12    1.10416e-11    0    6.0416e-12    0.00702035    0.00702035 
0.20397    5e-12    1.10383e-11    0    6.03826e-12    0.0070465    0.0070465 
0.203555    5e-12    1.10349e-11    0    6.03493e-12    0.00707237    0.00707237 
0.203141    5e-12    1.10316e-11    0    6.03163e-12    0.00709797    0.00709797 
0.202729    5e-12    1.10283e-11    0    6.02834e-12    0.0071233    0.0071233 
0.202318    5e-12    1.10251e-11    0    6.02507e-12    0.00714835    0.00714835 
0.201909    5e-12    1.10218e-11    0    6.02182e-12    0.00714835    0.00714835 
0.201502    5e-12    1.10186e-11    0    6.01858e-12    0.00717313    0.00717313 
0.201096    5e-12    1.10154e-11    0    6.01536e-12    0.00719764    0.00719764 
0.200692    5e-12    1.10122e-11    0    6.01216e-12    0.00722189    0.00722189 
0.20029    5e-12    1.1009e-11    0    6.00897e-12    0.0072459    0.0072459 
0.199889    5e-12    1.10058e-11    0    6.0058e-12    0.00726966    0.00726966 
0.19949    5e-12    1.10026e-11    0    6.00264e-12    0.0072932    0.0072932 
0.199093    5e-12    1.09995e-11    0    5.9995e-12    0.00731652    0.00731652 
0.198697    5e-12    1.09964e-11    0    5.99637e-12    0.00733965    0.00733965 
0.198302    5e-12    1.09933e-11    0    5.99326e-12    0.00736259    0.00736259 
0.197909    5e-12    1.09902e-11    0    5.99017e-12    0.00738536    0.00738536 
0.197518    5e-12    1.09871e-11    0    5.98709e-12    0.00740799    0.00740799 
0.197128    5e-12    1.0984e-11    0    5.98402e-12    0.0074305    0.0074305 
0.19674    5e-12    1.0981e-11    0    5.98097e-12    0.0074529    0.0074529 
0.196353    5e-12    1.09779e-11    0    5.97794e-12    0.00747522    0.00747522 
0.195968    5e-12    1.09749e-11    0    5.97491e-12    0.00749748    0.00749748 
0.195584    5e-12    1.09719e-11    0    5.97191e-12    0.00751972    0.00751972 
0.195202    5e-12    1.09689e-11    0    5.96891e-12    0.00754194    0.00754194 
0.194822    5e-12    1.09659e-11    0    5.96593e-12    0.00756419    0.00756419 
0.194442    5e-12    1.0963e-11    0    5.96297e-12    0.00758647    0.00758647 
0.194065    5e-12    1.096e-11    0    5.96001e-12    0.00760884    0.00760884 
0.193688    5e-12    1.09571e-11    0    5.95708e-12    0.0076313    0.0076313 
0.193314    5e-12    1.09542e-11    0    5.95415e-12    0.0076313    0.0076313 
0.19294    5e-12    1.09512e-11    0    5.95124e-12    0.00765389    0.00765389 
0.192568    5e-12    1.09483e-11    0    5.94834e-12    0.00767664    0.00767664 
0.192198    5e-12    1.09455e-11    0    5.94546e-12    0.00769957    0.00769957 
0.191829    5e-12    1.09426e-11    0    5.94259e-12    0.00772272    0.00772272 
0.191461    5e-12    1.09397e-11    0    5.93973e-12    0.0077461    0.0077461 
0.191095    5e-12    1.09369e-11    0    5.93689e-12    0.00776976    0.00776976 
0.19073    5e-12    1.09341e-11    0    5.93405e-12    0.0077937    0.0077937 
0.190367    5e-12    1.09312e-11    0    5.93124e-12    0.00781797    0.00781797 
0.190005    5e-12    1.09284e-11    0    5.92843e-12    0.00784258    0.00784258 
0.189644    5e-12    1.09256e-11    0    5.92564e-12    0.00786757    0.00786757 
0.189285    5e-12    1.09229e-11    0    5.92286e-12    0.00789296    0.00789296 
0.188927    5e-12    1.09201e-11    0    5.92009e-12    0.00791877    0.00791877 
0.18857    5e-12    1.09173e-11    0    5.91734e-12    0.00791877    0.00791877 
0.188215    5e-12    1.09146e-11    0    5.9146e-12    0.00794502    0.00794502 
0.187861    5e-12    1.09119e-11    0    5.91187e-12    0.00797174    0.00797174 
0.187508    5e-12    1.09092e-11    0    5.90916e-12    0.00799894    0.00799894 
0.187157    5e-12    1.09065e-11    0    5.90646e-12    0.00802666    0.00802666 
0.186807    5e-12    1.09038e-11    0    5.90377e-12    0.0080549    0.0080549 
0.186458    5e-12    1.09011e-11    0    5.90109e-12    0.00808369    0.00808369 
0.186111    5e-12    1.08984e-11    0    5.89843e-12    0.00811303    0.00811303 
0.185765    5e-12    1.08958e-11    0    5.89578e-12    0.00814296    0.00814296 
0.18542    5e-12    1.08931e-11    0    5.89314e-12    0.00817346    0.00817346 
0.185077    5e-12    1.08905e-11    0    5.89051e-12    0.00817346    0.00817346 
0.184734    5e-12    1.08879e-11    0    5.8879e-12    0.00820457    0.00820457 
0.184393    5e-12    1.08853e-11    0    5.8853e-12    0.00823629    0.00823629 
0.184054    5e-12    1.08827e-11    0    5.88271e-12    0.00826863    0.00826863 
0.183715    5e-12    1.08801e-11    0    5.88014e-12    0.00830159    0.00830159 
0.183378    5e-12    1.08776e-11    0    5.87757e-12    0.00833518    0.00833518 
0.183042    5e-12    1.0875e-11    0    5.87502e-12    0.00836941    0.00836941 
0.182707    5e-12    1.08725e-11    0    5.87248e-12    0.00840426    0.00840426 
0.182374    5e-12    1.087e-11    0    5.86996e-12    0.00843975    0.00843975 
0.182041    5e-12    1.08674e-11    0    5.86744e-12    0.00843975    0.00843975 
0.18171    5e-12    1.08649e-11    0    5.86494e-12    0.00847587    0.00847587 
0.18138    5e-12    1.08625e-11    0    5.86246e-12    0.00851262    0.00851262 
0.181052    5e-12    1.086e-11    0    5.85998e-12    0.00854999    0.00854999 
0.180724    5e-12    1.08575e-11    0    5.85751e-12    0.00858797    0.00858797 
0.180398    5e-12    1.08551e-11    0    5.85506e-12    0.00862655    0.00862655 
0.180072    5e-12    1.08526e-11    0    5.85262e-12    0.00866571    0.00866571 
0.179748    5e-12    1.08502e-11    0    5.8502e-12    0.00870545    0.00870545 
0.179426    5e-12    1.08478e-11    0    5.84778e-12    0.00870545    0.00870545 
0.179104    5e-12    1.08454e-11    0    5.84538e-12    0.00874575    0.00874575 
0.178783    5e-12    1.0843e-11    0    5.84299e-12    0.00878659    0.00878659 
0.178464    5e-12    1.08406e-11    0    5.84061e-12    0.00882794    0.00882794 
0.178146    5e-12    1.08382e-11    0    5.83824e-12    0.00886978    0.00886978 
0.177829    5e-12    1.08359e-11    0    5.83588e-12    0.0089121    0.0089121 
0.177513    5e-12    1.08335e-11    0    5.83354e-12    0.00895486    0.00895486 
0.177198    5e-12    1.08312e-11    0    5.83121e-12    0.00895486    0.00895486 
0.176884    5e-12    1.08289e-11    0    5.82889e-12    0.00899803    0.00899803 
0.176571    5e-12    1.08266e-11    0    5.82658e-12    0.00904159    0.00904159 
0.17626    5e-12    1.08243e-11    0    5.82428e-12    0.0090855    0.0090855 
0.175949    5e-12    1.0822e-11    0    5.822e-12    0.00912972    0.00912972 
0.17564    5e-12    1.08197e-11    0    5.81973e-12    0.00917423    0.00917423 
0.175332    5e-12    1.08175e-11    0    5.81746e-12    0.00921898    0.00921898 
0.175025    5e-12    1.08152e-11    0    5.81521e-12    0.00921898    0.00921898 
0.174719    5e-12    1.0813e-11    0    5.81297e-12    0.00926394    0.00926394 
0.174414    5e-12    1.08107e-11    0    5.81074e-12    0.00930907    0.00930907 
0.17411    5e-12    1.08085e-11    0    5.80853e-12    0.00935433    0.00935433 
0.173807    5e-12    1.08063e-11    0    5.80632e-12    0.00939966    0.00939966 
0.173505    5e-12    1.08041e-11    0    5.80412e-12    0.00944504    0.00944504 
0.173204    5e-12    1.08019e-11    0    5.80194e-12    0.00944504    0.00944504 
0.172904    5e-12    1.07998e-11    0    5.79976e-12    0.00949041    0.00949041 
0.172605    5e-12    1.07976e-11    0    5.7976e-12    0.00953574    0.00953574 
0.172308    5e-12    1.07954e-11    0    5.79545e-12    0.00958097    0.00958097 
0.172011    5e-12    1.07933e-11    0    5.79331e-12    0.00962606    0.00962606 
0.171715    5e-12    1.07912e-11    0    5.79117e-12    0.00967096    0.00967096 
0.171421    5e-12    1.07891e-11    0    5.78905e-12    0.00967096    0.00967096 
0.171127    5e-12    1.07869e-11    0    5.78694e-12    0.00971564    0.00971564 
0.170834    5e-12    1.07848e-11    0    5.78484e-12    0.00976004    0.00976004 
0.170543    5e-12    1.07827e-11    0    5.78275e-12    0.00980412    0.00980412 
0.170252    5e-12    1.07807e-11    0    5.78066e-12    0.00984783    0.00984783 
0.169963    5e-12    1.07786e-11    0    5.77859e-12    0.00989114    0.00989114 
0.169674    5e-12    1.07765e-11    0    5.77653e-12    0.00989114    0.00989114 
0.169386    5e-12    1.07745e-11    0    5.77448e-12    0.009934    0.009934 
0.169099    5e-12    1.07724e-11    0    5.77243e-12    0.00997637    0.00997637 
0.168814    5e-12    1.07704e-11    0    5.7704e-12    0.0100182    0.0100182 
0.168529    5e-12    1.07684e-11    0    5.76838e-12    0.0100595    0.0100595 
0.168245    5e-12    1.07664e-11    0    5.76636e-12    0.0101001    0.0101001 
0.167962    5e-12    1.07644e-11    0    5.76435e-12    0.0101001    0.0101001 
0.16768    5e-12    1.07624e-11    0    5.76236e-12    0.0101402    0.0101402 
0.167399    5e-12    1.07604e-11    0    5.76037e-12    0.0101795    0.0101795 
0.167119    5e-12    1.07584e-11    0    5.75839e-12    0.0102182    0.0102182 
0.16684    5e-12    1.07564e-11    0    5.75641e-12    0.0102561    0.0102561 
0.166562    5e-12    1.07545e-11    0    5.75445e-12    0.0102561    0.0102561 
0.166285    5e-12    1.07525e-11    0    5.7525e-12    0.0102933    0.0102933 
0.166008    5e-12    1.07506e-11    0    5.75055e-12    0.0103297    0.0103297 
0.165733    5e-12    1.07486e-11    0    5.74861e-12    0.0103654    0.0103654 
0.165459    5e-12    1.07467e-11    0    5.74668e-12    0.0104002    0.0104002 
0.165185    5e-12    1.07448e-11    0    5.74476e-12    0.0104002    0.0104002 
0.164912    5e-12    1.07428e-11    0    5.74285e-12    0.0104342    0.0104342 
0.16464    5e-12    1.07409e-11    0    5.74094e-12    0.0104674    0.0104674 
0.16437    5e-12    1.0739e-11    0    5.73904e-12    0.0104998    0.0104998 
0.1641    5e-12    1.07371e-11    0    5.73715e-12    0.0105313    0.0105313 
0.16383    5e-12    1.07353e-11    0    5.73527e-12    0.0105313    0.0105313 
0.163562    5e-12    1.07334e-11    0    5.73339e-12    0.010562    0.010562 
0.163295    5e-12    1.07315e-11    0    5.73152e-12    0.0105919    0.0105919 
0.163028    5e-12    1.07297e-11    0    5.72966e-12    0.0106209    0.0106209 
0.162763    5e-12    1.07278e-11    0    5.7278e-12    0.0106209    0.0106209 
0.162498    5e-12    1.0726e-11    0    5.72596e-12    0.0106492    0.0106492 
0.162234    5e-12    1.07241e-11    0    5.72412e-12    0.0106766    0.0106766 
0.161971    5e-12    1.07223e-11    0    5.72228e-12    0.0107033    0.0107033 
0.161709    5e-12    1.07205e-11    0    5.72045e-12    0.0107293    0.0107293 
0.161448    5e-12    1.07186e-11    0    5.71863e-12    0.0107293    0.0107293 
0.161187    5e-12    1.07168e-11    0    5.71682e-12    0.0107545    0.0107545 
0.160927    5e-12    1.0715e-11    0    5.71501e-12    0.010779    0.010779 
0.160669    5e-12    1.07132e-11    0    5.71321e-12    0.0108029    0.0108029 
0.160411    5e-12    1.07114e-11    0    5.71142e-12    0.0108261    0.0108261 
0.160153    5e-12    1.07096e-11    0    5.70963e-12    0.0108261    0.0108261 
0.159897    5e-12    1.07079e-11    0    5.70785e-12    0.0108487    0.0108487 
0.159642    5e-12    1.07061e-11    0    5.70607e-12    0.0108707    0.0108707 
0.159387    5e-12    1.07043e-11    0    5.70431e-12    0.0108922    0.0108922 
0.159133    5e-12    1.07025e-11    0    5.70254e-12    0.0108922    0.0108922 
0.15888    5e-12    1.07008e-11    0    5.70079e-12    0.0109132    0.0109132 
0.158628    5e-12    1.0699e-11    0    5.69903e-12    0.0109338    0.0109338 
0.158376    5e-12    1.06973e-11    0    5.69729e-12    0.010954    0.010954 
0.158126    5e-12    1.06956e-11    0    5.69555e-12    0.010954    0.010954 
0.157876    5e-12    1.06938e-11    0    5.69382e-12    0.0109738    0.0109738 
0.157627    5e-12    1.06921e-11    0    5.69209e-12    0.0109933    0.0109933 
0.157378    5e-12    1.06904e-11    0    5.69037e-12    0.0110125    0.0110125 
0.157131    5e-12    1.06887e-11    0    5.68865e-12    0.0110125    0.0110125 
0.156884    5e-12    1.06869e-11    0    5.68694e-12    0.0110316    0.0110316 
0.156638    5e-12    1.06852e-11    0    5.68524e-12    0.0110505    0.0110505 
0.156393    5e-12    1.06835e-11    0    5.68354e-12    0.0110692    0.0110692 
0.156148    5e-12    1.06818e-11    0    5.68184e-12    0.0110879    0.0110879 
0.155905    5e-12    1.06802e-11    0    5.68016e-12    0.0110879    0.0110879 
0.155662    5e-12    1.06785e-11    0    5.67847e-12    0.0111066    0.0111066 
0.155419    5e-12    1.06768e-11    0    5.6768e-12    0.0111253    0.0111253 
0.155178    5e-12    1.06751e-11    0    5.67513e-12    0.0111441    0.0111441 
0.154937    5e-12    1.06735e-11    0    5.67346e-12    0.0111441    0.0111441 
0.154697    5e-12    1.06718e-11    0    5.6718e-12    0.011163    0.011163 
0.154458    5e-12    1.06701e-11    0    5.67014e-12    0.0111821    0.0111821 
0.15422    5e-12    1.06685e-11    0    5.66849e-12    0.0112015    0.0112015 
0.153982    5e-12    1.06668e-11    0    5.66685e-12    0.0112015    0.0112015 
0.153745    5e-12    1.06652e-11    0    5.66521e-12    0.0112211    0.0112211 
0.153509    5e-12    1.06636e-11    0    5.66358e-12    0.011241    0.011241 
0.153273    5e-12    1.06619e-11    0    5.66195e-12    0.011241    0.011241 
0.153039    5e-12    1.06603e-11    0    5.66032e-12    0.0112613    0.0112613 
0.152804    5e-12    1.06587e-11    0    5.65871e-12    0.011282    0.011282 
0.152571    5e-12    1.06571e-11    0    5.65709e-12    0.0113031    0.0113031 
0.152338    5e-12    1.06555e-11    0    5.65549e-12    0.0113031    0.0113031 
0.152107    5e-12    1.06539e-11    0    5.65388e-12    0.0113247    0.0113247 
0.151875    5e-12    1.06523e-11    0    5.65229e-12    0.0113469    0.0113469 
0.151645    5e-12    1.06507e-11    0    5.65069e-12    0.0113696    0.0113696 
0.151415    5e-12    1.06491e-11    0    5.64911e-12    0.0113696    0.0113696 
0.151186    5e-12    1.06475e-11    0    5.64753e-12    0.0113928    0.0113928 
0.150957    5e-12    1.0646e-11    0    5.64595e-12    0.0114167    0.0114167 
0.15073    5e-12    1.06444e-11    0    5.64438e-12    0.0114413    0.0114413 
0.150502    5e-12    1.06428e-11    0    5.64281e-12    0.0114413    0.0114413 
0.150276    5e-12    1.06413e-11    0    5.64125e-12    0.0114665    0.0114665 
0.15005    5e-12    1.06397e-11    0    5.6397e-12    0.0114924    0.0114924 
0.149825    5e-12    1.06381e-11    0    5.63815e-12    0.0114924    0.0114924 
0.149601    5e-12    1.06366e-11    0    5.6366e-12    0.011519    0.011519 
0.149377    5e-12    1.06351e-11    0    5.63506e-12    0.0115464    0.0115464 
0.149154    5e-12    1.06335e-11    0    5.63353e-12    0.0115745    0.0115745 
0.148932    5e-12    1.0632e-11    0    5.632e-12    0.0115745    0.0115745 
0.14871    5e-12    1.06305e-11    0    5.63048e-12    0.0116034    0.0116034 
0.148489    5e-12    1.0629e-11    0    5.62896e-12    0.011633    0.011633 
0.148269    5e-12    1.06274e-11    0    5.62744e-12    0.0116635    0.0116635 
0.148049    5e-12    1.06259e-11    0    5.62594e-12    0.0116635    0.0116635 
0.14783    5e-12    1.06244e-11    0    5.62443e-12    0.0116947    0.0116947 
0.147611    5e-12    1.06229e-11    0    5.62293e-12    0.0117268    0.0117268 
0.147394    5e-12    1.06214e-11    0    5.62144e-12    0.0117268    0.0117268 
0.147177    5e-12    1.062e-11    0    5.61995e-12    0.0117596    0.0117596 
0.14696    5e-12    1.06185e-11    0    5.61847e-12    0.0117932    0.0117932 
0.146744    5e-12    1.0617e-11    0    5.61699e-12    0.0117932    0.0117932 
0.146529    5e-12    1.06155e-11    0    5.61552e-12    0.0118276    0.0118276 
0.146314    5e-12    1.06141e-11    0    5.61406e-12    0.0118628    0.0118628 
0.1461    5e-12    1.06126e-11    0    5.61259e-12    0.0118988    0.0118988 
0.145887    5e-12    1.06111e-11    0    5.61114e-12    0.0118988    0.0118988 
0.145674    5e-12    1.06097e-11    0    5.60969e-12    0.0119355    0.0119355 
0.145462    5e-12    1.06082e-11    0    5.60824e-12    0.011973    0.011973 
0.145251    5e-12    1.06068e-11    0    5.6068e-12    0.011973    0.011973 
0.14504    5e-12    1.06054e-11    0    5.60536e-12    0.0120112    0.0120112 
0.14483    5e-12    1.06039e-11    0    5.60393e-12    0.0120501    0.0120501 
0.14462    5e-12    1.06025e-11    0    5.60251e-12    0.0120896    0.0120896 
0.144411    5e-12    1.06011e-11    0    5.60109e-12    0.0120896    0.0120896 
0.144202    5e-12    1.05997e-11    0    5.59967e-12    0.0121299    0.0121299 
0.143994    5e-12    1.05983e-11    0    5.59826e-12    0.0121706    0.0121706 
0.143787    5e-12    1.05969e-11    0    5.59686e-12    0.0121706    0.0121706 
0.143581    5e-12    1.05955e-11    0    5.59546e-12    0.012212    0.012212 
0.143375    5e-12    1.05941e-11    0    5.59406e-12    0.012254    0.012254 
0.143169    5e-12    1.05927e-11    0    5.59267e-12    0.012254    0.012254 
0.142964    5e-12    1.05913e-11    0    5.59129e-12    0.0122964    0.0122964 
0.14276    5e-12    1.05899e-11    0    5.58991e-12    0.0123393    0.0123393 
0.142556    5e-12    1.05885e-11    0    5.58853e-12    0.0123393    0.0123393 
0.142353    5e-12    1.05872e-11    0    5.58716e-12    0.0123827    0.0123827 
0.14215    5e-12    1.05858e-11    0    5.5858e-12    0.0124264    0.0124264 
0.141948    5e-12    1.05844e-11    0    5.58444e-12    0.0124704    0.0124704 
0.141747    5e-12    1.05831e-11    0    5.58308e-12    0.0124704    0.0124704 
0.141546    5e-12    1.05817e-11    0    5.58173e-12    0.0125147    0.0125147 
0.141346    5e-12    1.05804e-11    0    5.58039e-12    0.0125593    0.0125593 
0.141146    5e-12    1.0579e-11    0    5.57905e-12    0.0125593    0.0125593 
0.140947    5e-12    1.05777e-11    0    5.57771e-12    0.012604    0.012604 
0.140749    5e-12    1.05764e-11    0    5.57638e-12    0.0126488    0.0126488 
0.140551    5e-12    1.05751e-11    0    5.57505e-12    0.0126488    0.0126488 
0.140353    5e-12    1.05737e-11    0    5.57373e-12    0.0126937    0.0126937 
0.140156    5e-12    1.05724e-11    0    5.57241e-12    0.0127386    0.0127386 
0.13996    5e-12    1.05711e-11    0    5.5711e-12    0.0127386    0.0127386 
0.139764    5e-12    1.05698e-11    0    5.5698e-12    0.0127835    0.0127835 
0.139569    5e-12    1.05685e-11    0    5.56849e-12    0.0128282    0.0128282 
0.139374    5e-12    1.05672e-11    0    5.5672e-12    0.0128282    0.0128282 
0.13918    5e-12    1.05659e-11    0    5.5659e-12    0.0128728    0.0128728 
0.138986    5e-12    1.05646e-11    0    5.56461e-12    0.0129172    0.0129172 
0.138793    5e-12    1.05633e-11    0    5.56333e-12    0.0129172    0.0129172 
0.138601    5e-12    1.05621e-11    0    5.56205e-12    0.0129612    0.0129612 
0.138408    5e-12    1.05608e-11    0    5.56078e-12    0.0130049    0.0130049 
0.138217    5e-12    1.05595e-11    0    5.55951e-12    0.0130049    0.0130049 
0.138026    5e-12    1.05582e-11    0    5.55824e-12    0.0130482    0.0130482 
0.137836    5e-12    1.0557e-11    0    5.55698e-12    0.013091    0.013091 
0.137646    5e-12    1.05557e-11    0    5.55572e-12    0.013091    0.013091 
0.137456    5e-12    1.05545e-11    0    5.55447e-12    0.0131333    0.0131333 
0.137267    5e-12    1.05532e-11    0    5.55322e-12    0.013175    0.013175 
0.137079    5e-12    1.0552e-11    0    5.55197e-12    0.013175    0.013175 
0.136891    5e-12    1.05507e-11    0    5.55073e-12    0.0132161    0.0132161 
0.136704    5e-12    1.05495e-11    0    5.5495e-12    0.0132564    0.0132564 
0.136517    5e-12    1.05483e-11    0    5.54826e-12    0.0132564    0.0132564 
0.136331    5e-12    1.0547e-11    0    5.54704e-12    0.013296    0.013296 
0.136145    5e-12    1.05458e-11    0    5.54581e-12    0.0133348    0.0133348 
0.13596    5e-12    1.05446e-11    0    5.54459e-12    0.0133348    0.0133348 
0.135775    5e-12    1.05434e-11    0    5.54338e-12    0.0133728    0.0133728 
0.135591    5e-12    1.05422e-11    0    5.54217e-12    0.0134098    0.0134098 
0.135407    5e-12    1.0541e-11    0    5.54096e-12    0.0134098    0.0134098 
0.135224    5e-12    1.05398e-11    0    5.53975e-12    0.0134459    0.0134459 
0.135041    5e-12    1.05386e-11    0    5.53855e-12    0.013481    0.013481 
0.134858    5e-12    1.05374e-11    0    5.53736e-12    0.013481    0.013481 
0.134677    5e-12    1.05362e-11    0    5.53616e-12    0.0135152    0.0135152 
0.134495    5e-12    1.0535e-11    0    5.53498e-12    0.0135483    0.0135483 
0.134315    5e-12    1.05338e-11    0    5.53379e-12    0.0135483    0.0135483 
0.134134    5e-12    1.05326e-11    0    5.53261e-12    0.0135801    0.0135801 
0.133954    5e-12    1.05314e-11    0    5.53143e-12    0.0135801    0.0135801 
0.133775    5e-12    1.05303e-11    0    5.53026e-12    0.0136111    0.0136111 
0.133596    5e-12    1.05291e-11    0    5.52909e-12    0.0136408    0.0136408 
0.133418    5e-12    1.05279e-11    0    5.52792e-12    0.0136408    0.0136408 
0.13324    5e-12    1.05268e-11    0    5.52675e-12    0.0136694    0.0136694 
0.133062    5e-12    1.05256e-11    0    5.52559e-12    0.0136969    0.0136969 
0.132885    5e-12    1.05244e-11    0    5.52444e-12    0.0136969    0.0136969 
0.132709    5e-12    1.05233e-11    0    5.52328e-12    0.0137231    0.0137231 
0.132533    5e-12    1.05221e-11    0    5.52213e-12    0.0137482    0.0137482 
0.132357    5e-12    1.0521e-11    0    5.52099e-12    0.0137482    0.0137482 
0.132182    5e-12    1.05198e-11    0    5.51984e-12    0.0137721    0.0137721 
0.132007    5e-12    1.05187e-11    0    5.5187e-12    0.0137948    0.0137948 
0.131833    5e-12    1.05176e-11    0    5.51757e-12    0.0137948    0.0137948 
0.131659    5e-12    1.05164e-11    0    5.51643e-12    0.0138164    0.0138164 
0.131486    5e-12    1.05153e-11    0    5.5153e-12    0.0138164    0.0138164 
0.131313    5e-12    1.05142e-11    0    5.51417e-12    0.0138367    0.0138367 
0.131141    5e-12    1.0513e-11    0    5.51305e-12    0.0138559    0.0138559 
0.130969    5e-12    1.05119e-11    0    5.51193e-12    0.0138559    0.0138559 
0.130797    5e-12    1.05108e-11    0    5.51081e-12    0.0138741    0.0138741 
0.130626    5e-12    1.05097e-11    0    5.50969e-12    0.013891    0.013891 
0.130456    5e-12    1.05086e-11    0    5.50858e-12    0.013891    0.013891 
0.130286    5e-12    1.05075e-11    0    5.50747e-12    0.0139069    0.0139069 
0.130116    5e-12    1.05064e-11    0    5.50636e-12    0.0139217    0.0139217 
0.129947    5e-12    1.05053e-11    0    5.50526e-12    0.0139217    0.0139217 
0.129778    5e-12    1.05042e-11    0    5.50416e-12    0.0139355    0.0139355 
0.12961    5e-12    1.05031e-11    0    5.50306e-12    0.0139355    0.0139355 
0.129442    5e-12    1.0502e-11    0    5.50196e-12    0.0139483    0.0139483 
0.129274    5e-12    1.05009e-11    0    5.50087e-12    0.0139602    0.0139602 
0.129107    5e-12    1.04998e-11    0    5.49978e-12    0.0139602    0.0139602 
0.12894    5e-12    1.04987e-11    0    5.49869e-12    0.0139711    0.0139711 
0.128774    5e-12    1.04976e-11    0    5.49761e-12    0.0139812    0.0139812 
0.128608    5e-12    1.04965e-11    0    5.49653e-12    0.0139812    0.0139812 
0.128443    5e-12    1.04954e-11    0    5.49545e-12    0.0139905    0.0139905 
0.128278    5e-12    1.04944e-11    0    5.49437e-12    0.0139905    0.0139905 
0.128114    5e-12    1.04933e-11    0    5.49329e-12    0.013999    0.013999 
0.12795    5e-12    1.04922e-11    0    5.49222e-12    0.0140067    0.0140067 
0.127786    5e-12    1.04912e-11    0    5.49115e-12    0.0140067    0.0140067 
0.127623    5e-12    1.04901e-11    0    5.49009e-12    0.0140139    0.0140139 
0.12746    5e-12    1.0489e-11    0    5.48902e-12    0.0140139    0.0140139 
0.127297    5e-12    1.0488e-11    0    5.48796e-12    0.0140203    0.0140203 
0.127135    5e-12    1.04869e-11    0    5.4869e-12    0.0140263    0.0140263 
0.126974    5e-12    1.04858e-11    0    5.48585e-12    0.0140263    0.0140263 
0.126813    5e-12    1.04848e-11    0    5.48479e-12    0.0140318    0.0140318 
0.126652    5e-12    1.04837e-11    0    5.48374e-12    0.0140367    0.0140367 
0.126491    5e-12    1.04827e-11    0    5.48269e-12    0.0140367    0.0140367 
0.126332    5e-12    1.04816e-11    0    5.48164e-12    0.0140414    0.0140414 
0.126172    5e-12    1.04806e-11    0    5.4806e-12    0.0140414    0.0140414 
0.126013    5e-12    1.04796e-11    0    5.47956e-12    0.0140457    0.0140457 
0.125854    5e-12    1.04785e-11    0    5.47852e-12    0.0140497    0.0140497 
0.125696    5e-12    1.04775e-11    0    5.47748e-12    0.0140497    0.0140497 
0.125538    5e-12    1.04764e-11    0    5.47645e-12    0.0140535    0.0140535 
0.12538    5e-12    1.04754e-11    0    5.47541e-12    0.0140535    0.0140535 
0.125223    5e-12    1.04744e-11    0    5.47438e-12    0.0140571    0.0140571 
0.125066    5e-12    1.04734e-11    0    5.47335e-12    0.0140606    0.0140606 
0.12491    5e-12    1.04723e-11    0    5.47233e-12    0.0140606    0.0140606 
0.124754    5e-12    1.04713e-11    0    5.47131e-12    0.0140642    0.0140642 
0.124598    5e-12    1.04703e-11    0    5.47028e-12    0.0140642    0.0140642 
0.124443    5e-12    1.04693e-11    0    5.46927e-12    0.0140676    0.0140676 
0.124288    5e-12    1.04682e-11    0    5.46825e-12    0.0140713    0.0140713 
0.124134    5e-12    1.04672e-11    0    5.46723e-12    0.0140713    0.0140713 
0.12398    5e-12    1.04662e-11    0    5.46622e-12    0.014075    0.014075 
0.123826    5e-12    1.04652e-11    0    5.46521e-12    0.014075    0.014075 
0.123673    5e-12    1.04642e-11    0    5.46421e-12    0.014079    0.014079 
0.12352    5e-12    1.04632e-11    0    5.4632e-12    0.014083    0.014083 
0.123367    5e-12    1.04622e-11    0    5.4622e-12    0.014083    0.014083 
0.123215    5e-12    1.04612e-11    0    5.4612e-12    0.0140874    0.0140874 
0.123063    5e-12    1.04602e-11    0    5.4602e-12    0.0140874    0.0140874 
0.122912    5e-12    1.04592e-11    0    5.4592e-12    0.0140921    0.0140921 
0.122761    5e-12    1.04582e-11    0    5.45821e-12    0.0140972    0.0140972 
0.12261    5e-12    1.04572e-11    0    5.45722e-12    0.0140972    0.0140972 
0.12246    5e-12    1.04562e-11    0    5.45623e-12    0.0141027    0.0141027 
0.12231    5e-12    1.04552e-11    0    5.45524e-12    0.0141027    0.0141027 
0.122161    5e-12    1.04543e-11    0    5.45425e-12    0.0141087    0.0141087 
0.122011    5e-12    1.04533e-11    0    5.45327e-12    0.014115    0.014115 
0.121862    5e-12    1.04523e-11    0    5.45229e-12    0.014115    0.014115 
0.121714    5e-12    1.04513e-11    0    5.45131e-12    0.0141221    0.0141221 
0.121566    5e-12    1.04503e-11    0    5.45033e-12    0.0141221    0.0141221 
0.121418    5e-12    1.04494e-11    0    5.44936e-12    0.0141296    0.0141296 
0.121271    5e-12    1.04484e-11    0    5.44839e-12    0.0141296    0.0141296 
0.121124    5e-12    1.04474e-11    0    5.44742e-12    0.0141376    0.0141376 
0.120977    5e-12    1.04465e-11    0    5.44645e-12    0.0141463    0.0141463 
0.120831    5e-12    1.04455e-11    0    5.44549e-12    0.0141463    0.0141463 
0.120685    5e-12    1.04445e-11    0    5.44452e-12    0.0141557    0.0141557 
0.120539    5e-12    1.04436e-11    0    5.44356e-12    0.0141557    0.0141557 
0.120394    5e-12    1.04426e-11    0    5.4426e-12    0.0141657    0.0141657 
0.120249    5e-12    1.04416e-11    0    5.44165e-12    0.0141764    0.0141764 
0.120104    5e-12    1.04407e-11    0    5.44069e-12    0.0141764    0.0141764 
0.11996    5e-12    1.04397e-11    0    5.43974e-12    0.0141877    0.0141877 
0.119816    5e-12    1.04388e-11    0    5.43879e-12    0.0141877    0.0141877 
0.119673    5e-12    1.04378e-11    0    5.43784e-12    0.0142    0.0142 
0.11953    5e-12    1.04369e-11    0    5.4369e-12    0.0142    0.0142 
0.119387    5e-12    1.0436e-11    0    5.43595e-12    0.0142127    0.0142127 
0.119244    5e-12    1.0435e-11    0    5.43501e-12    0.0142264    0.0142264 
0.119102    5e-12    1.04341e-11    0    5.43408e-12    0.0142264    0.0142264 
0.11896    5e-12    1.04331e-11    0    5.43314e-12    0.0142406    0.0142406 
0.118819    5e-12    1.04322e-11    0    5.4322e-12    0.0142406    0.0142406 
0.118678    5e-12    1.04313e-11    0    5.43127e-12    0.0142558    0.0142558 
0.118537    5e-12    1.04303e-11    0    5.43034e-12    0.0142558    0.0142558 
0.118396    5e-12    1.04294e-11    0    5.42941e-12    0.0142717    0.0142717 
0.118256    5e-12    1.04285e-11    0    5.42849e-12    0.0142882    0.0142882 
0.118116    5e-12    1.04276e-11    0    5.42757e-12    0.0142882    0.0142882 
0.117977    5e-12    1.04266e-11    0    5.42664e-12    0.0143057    0.0143057 
0.117838    5e-12    1.04257e-11    0    5.42573e-12    0.0143057    0.0143057 
0.117699    5e-12    1.04248e-11    0    5.42481e-12    0.0143237    0.0143237 
0.11756    5e-12    1.04239e-11    0    5.42389e-12    0.0143237    0.0143237 
0.117422    5e-12    1.0423e-11    0    5.42298e-12    0.0143425    0.0143425 
0.117284    5e-12    1.04221e-11    0    5.42207e-12    0.0143621    0.0143621 
0.117147    5e-12    1.04212e-11    0    5.42117e-12    0.0143621    0.0143621 
0.11701    5e-12    1.04203e-11    0    5.42026e-12    0.0143824    0.0143824 
0.116873    5e-12    1.04194e-11    0    5.41936e-12    0.0143824    0.0143824 
0.116736    5e-12    1.04185e-11    0    5.41846e-12    0.0144033    0.0144033 
0.1166    5e-12    1.04176e-11    0    5.41756e-12    0.0144033    0.0144033 
0.116464    5e-12    1.04167e-11    0    5.41666e-12    0.0144252    0.0144252 
0.116328    5e-12    1.04158e-11    0    5.41577e-12    0.0144474    0.0144474 
0.116193    5e-12    1.04149e-11    0    5.41487e-12    0.0144474    0.0144474 
0.116058    5e-12    1.0414e-11    0    5.41398e-12    0.0144704    0.0144704 
0.115923    5e-12    1.04131e-11    0    5.4131e-12    0.0144704    0.0144704 
0.115789    5e-12    1.04122e-11    0    5.41221e-12    0.0144939    0.0144939 
0.115655    5e-12    1.04113e-11    0    5.41133e-12    0.0144939    0.0144939 
0.115521    5e-12    1.04104e-11    0    5.41045e-12    0.0145181    0.0145181 
0.115388    5e-12    1.04096e-11    0    5.40957e-12    0.0145181    0.0145181 
0.115255    5e-12    1.04087e-11    0    5.40869e-12    0.0145428    0.0145428 
0.115122    5e-12    1.04078e-11    0    5.40781e-12    0.014568    0.014568 
0.114989    5e-12    1.04069e-11    0    5.40694e-12    0.014568    0.014568 
0.114857    5e-12    1.04061e-11    0    5.40607e-12    0.0145937    0.0145937 
0.114725    5e-12    1.04052e-11    0    5.4052e-12    0.0145937    0.0145937 
0.114594    5e-12    1.04043e-11    0    5.40434e-12    0.0146199    0.0146199 
0.114462    5e-12    1.04035e-11    0    5.40347e-12    0.0146199    0.0146199 
0.114331    5e-12    1.04026e-11    0    5.40261e-12    0.0146466    0.0146466 
0.114201    5e-12    1.04018e-11    0    5.40175e-12    0.0146466    0.0146466 
0.11407    5e-12    1.04009e-11    0    5.4009e-12    0.0146735    0.0146735 
0.11394    5e-12    1.04e-11    0    5.40004e-12    0.0147007    0.0147007 
0.11381    5e-12    1.03992e-11    0    5.39919e-12    0.0147007    0.0147007 
0.113681    5e-12    1.03983e-11    0    5.39834e-12    0.0147284    0.0147284 
0.113552    5e-12    1.03975e-11    0    5.39749e-12    0.0147284    0.0147284 
0.113423    5e-12    1.03966e-11    0    5.39664e-12    0.0147563    0.0147563 
0.113294    5e-12    1.03958e-11    0    5.3958e-12    0.0147563    0.0147563 
0.113166    5e-12    1.0395e-11    0    5.39496e-12    0.0147841    0.0147841 
0.113038    5e-12    1.03941e-11    0    5.39412e-12    0.0147841    0.0147841 
0.11291    5e-12    1.03933e-11    0    5.39328e-12    0.0148126    0.0148126 
0.112782    5e-12    1.03924e-11    0    5.39244e-12    0.0148408    0.0148408 
0.112655    5e-12    1.03916e-11    0    5.39161e-12    0.0148408    0.0148408 
0.112528    5e-12    1.03908e-11    0    5.39078e-12    0.0148695    0.0148695 
0.112402    5e-12    1.03899e-11    0    5.38995e-12    0.0148695    0.0148695 
0.112275    5e-12    1.03891e-11    0    5.38912e-12    0.0148981    0.0148981 
0.112149    5e-12    1.03883e-11    0    5.38829e-12    0.0148981    0.0148981 
0.112024    5e-12    1.03875e-11    0    5.38747e-12    0.0149265    0.0149265 
0.111898    5e-12    1.03866e-11    0    5.38665e-12    0.0149265    0.0149265 
0.111773    5e-12    1.03858e-11    0    5.38583e-12    0.0149551    0.0149551 
0.111648    5e-12    1.0385e-11    0    5.38501e-12    0.0149551    0.0149551 
0.111523    5e-12    1.03842e-11    0    5.3842e-12    0.0149833    0.0149833 
0.111399    5e-12    1.03834e-11    0    5.38338e-12    0.0149833    0.0149833 
0.111275    5e-12    1.03826e-11    0    5.38257e-12    0.0150115    0.0150115 
0.111151    5e-12    1.03818e-11    0    5.38176e-12    0.0150398    0.0150398 
0.111028    5e-12    1.0381e-11    0    5.38096e-12    0.0150398    0.0150398 
0.110904    5e-12    1.03802e-11    0    5.38015e-12    0.0150675    0.0150675 
0.110781    5e-12    1.03793e-11    0    5.37935e-12    0.0150675    0.0150675 
0.110659    5e-12    1.03785e-11    0    5.37855e-12    0.0150951    0.0150951 
0.110536    5e-12    1.03777e-11    0    5.37775e-12    0.0150951    0.0150951 
0.110414    5e-12    1.03769e-11    0    5.37695e-12    0.0151225    0.0151225 
0.110292    5e-12    1.03762e-11    0    5.37615e-12    0.0151225    0.0151225 
0.11017    5e-12    1.03754e-11    0    5.37536e-12    0.0151493    0.0151493 
0.110049    5e-12    1.03746e-11    0    5.37457e-12    0.0151493    0.0151493 
0.109928    5e-12    1.03738e-11    0    5.37378e-12    0.0151758    0.0151758 
0.109807    5e-12    1.0373e-11    0    5.37299e-12    0.0151758    0.0151758 
0.109687    5e-12    1.03722e-11    0    5.37221e-12    0.0152019    0.0152019 
0.109566    5e-12    1.03714e-11    0    5.37142e-12    0.0152019    0.0152019 
0.109446    5e-12    1.03706e-11    0    5.37064e-12    0.0152276    0.0152276 
0.109327    5e-12    1.03699e-11    0    5.36986e-12    0.0152528    0.0152528 
0.109207    5e-12    1.03691e-11    0    5.36908e-12    0.0152528    0.0152528 
0.109088    5e-12    1.03683e-11    0    5.36831e-12    0.0152776    0.0152776 
0.108969    5e-12    1.03675e-11    0    5.36753e-12    0.0152776    0.0152776 
0.10885    5e-12    1.03668e-11    0    5.36676e-12    0.0153019    0.0153019 
0.108732    5e-12    1.0366e-11    0    5.36599e-12    0.0153019    0.0153019 
0.108613    5e-12    1.03652e-11    0    5.36522e-12    0.0153251    0.0153251 
0.108495    5e-12    1.03645e-11    0    5.36445e-12    0.0153251    0.0153251 
0.108378    5e-12    1.03637e-11    0    5.36368e-12    0.015348    0.015348 
0.10826    5e-12    1.03629e-11    0    5.36292e-12    0.015348    0.015348 
0.108143    5e-12    1.03622e-11    0    5.36216e-12    0.0153702    0.0153702 
0.108026    5e-12    1.03614e-11    0    5.3614e-12    0.0153702    0.0153702 
0.107909    5e-12    1.03606e-11    0    5.36064e-12    0.015392    0.015392 
0.107793    5e-12    1.03599e-11    0    5.35988e-12    0.015392    0.015392 
0.107677    5e-12    1.03591e-11    0    5.35913e-12    0.0154131    0.0154131 
0.107561    5e-12    1.03584e-11    0    5.35837e-12    0.0154131    0.0154131 
0.107445    5e-12    1.03576e-11    0    5.35762e-12    0.0154333    0.0154333 
0.10733    5e-12    1.03569e-11    0    5.35687e-12    0.0154333    0.0154333 
0.107215    5e-12    1.03561e-11    0    5.35612e-12    0.0154531    0.0154531 
0.1071    5e-12    1.03554e-11    0    5.35538e-12    0.0154531    0.0154531 
0.106985    5e-12    1.03546e-11    0    5.35463e-12    0.0154718    0.0154718 
0.10687    5e-12    1.03539e-11    0    5.35389e-12    0.0154718    0.0154718 
0.106756    5e-12    1.03531e-11    0    5.35315e-12    0.01549    0.01549 
0.106642    5e-12    1.03524e-11    0    5.35241e-12    0.0155073    0.0155073 
0.106529    5e-12    1.03517e-11    0    5.35167e-12    0.0155073    0.0155073 
0.106415    5e-12    1.03509e-11    0    5.35093e-12    0.0155244    0.0155244 
0.106302    5e-12    1.03502e-11    0    5.3502e-12    0.0155244    0.0155244 
0.106189    5e-12    1.03495e-11    0    5.34946e-12    0.0155405    0.0155405 
0.106076    5e-12    1.03487e-11    0    5.34873e-12    0.0155405    0.0155405 
0.105964    5e-12    1.0348e-11    0    5.348e-12    0.0155557    0.0155557 
0.105851    5e-12    1.03473e-11    0    5.34727e-12    0.0155557    0.0155557 
0.105739    5e-12    1.03465e-11    0    5.34655e-12    0.0155704    0.0155704 
0.105628    5e-12    1.03458e-11    0    5.34582e-12    0.0155704    0.0155704 
0.105516    5e-12    1.03451e-11    0    5.3451e-12    0.0155843    0.0155843 
0.105405    5e-12    1.03444e-11    0    5.34437e-12    0.0155843    0.0155843 
0.105294    5e-12    1.03437e-11    0    5.34365e-12    0.0155976    0.0155976 
0.105183    5e-12    1.03429e-11    0    5.34293e-12    0.0155976    0.0155976 
0.105072    5e-12    1.03422e-11    0    5.34221e-12    0.0156101    0.0156101 
0.104962    5e-12    1.03415e-11    0    5.3415e-12    0.0156101    0.0156101 
0.104851    5e-12    1.03408e-11    0    5.34078e-12    0.0156221    0.0156221 
0.104742    5e-12    1.03401e-11    0    5.34007e-12    0.0156221    0.0156221 
0.104632    5e-12    1.03394e-11    0    5.33936e-12    0.0156335    0.0156335 
0.104522    5e-12    1.03386e-11    0    5.33865e-12    0.0156335    0.0156335 
0.104413    5e-12    1.03379e-11    0    5.33794e-12    0.0156444    0.0156444 
0.104304    5e-12    1.03372e-11    0    5.33723e-12    0.0156444    0.0156444 
0.104195    5e-12    1.03365e-11    0    5.33652e-12    0.0156543    0.0156543 
0.104087    5e-12    1.03358e-11    0    5.33582e-12    0.0156543    0.0156543 
0.103978    5e-12    1.03351e-11    0    5.33511e-12    0.0156639    0.0156639 
0.10387    5e-12    1.03344e-11    0    5.33441e-12    0.0156639    0.0156639 
0.103762    5e-12    1.03337e-11    0    5.33371e-12    0.0156728    0.0156728 
0.103655    5e-12    1.0333e-11    0    5.33301e-12    0.0156728    0.0156728 
0.103547    5e-12    1.03323e-11    0    5.33231e-12    0.0156817    0.0156817 
0.10344    5e-12    1.03316e-11    0    5.33162e-12    0.0156817    0.0156817 
0.103333    5e-12    1.03309e-11    0    5.33092e-12    0.0156898    0.0156898 
0.103226    5e-12    1.03302e-11    0    5.33023e-12    0.0156898    0.0156898 
0.10312    5e-12    1.03295e-11    0    5.32954e-12    0.0156975    0.0156975 
0.103013    5e-12    1.03288e-11    0    5.32885e-12    0.0156975    0.0156975 
0.102907    5e-12    1.03282e-11    0    5.32816e-12    0.0157047    0.0157047 
0.102801    5e-12    1.03275e-11    0    5.32747e-12    0.0157047    0.0157047 
0.102696    5e-12    1.03268e-11    0    5.32678e-12    0.0157116    0.0157116 
0.10259    5e-12    1.03261e-11    0    5.3261e-12    0.0157116    0.0157116 
0.102485    5e-12    1.03254e-11    0    5.32541e-12    0.0157182    0.0157182 
0.10238    5e-12    1.03247e-11    0    5.32473e-12    0.0157182    0.0157182 
0.102275    5e-12    1.0324e-11    0    5.32405e-12    0.0157246    0.0157246 
0.102171    5e-12    1.03234e-11    0    5.32337e-12    0.0157246    0.0157246 
0.102066    5e-12    1.03227e-11    0    5.32269e-12    0.0157305    0.0157305 
0.101962    5e-12    1.0322e-11    0    5.32201e-12    0.0157305    0.0157305 
0.101858    5e-12    1.03213e-11    0    5.32133e-12    0.0157362    0.0157362 
0.101754    5e-12    1.03207e-11    0    5.32066e-12    0.0157362    0.0157362 
0.101651    5e-12    1.032e-11    0    5.31999e-12    0.0157422    0.0157422 
0.101547    5e-12    1.03193e-11    0    5.31931e-12    0.0157422    0.0157422 
0.101444    5e-12    1.03186e-11    0    5.31864e-12    0.0157478    0.0157478 
0.101341    5e-12    1.0318e-11    0    5.31797e-12    0.0157478    0.0157478 
0.101239    5e-12    1.03173e-11    0    5.3173e-12    0.0157529    0.0157529 
0.101136    5e-12    1.03166e-11    0    5.31664e-12    0.0157529    0.0157529 
0.101034    5e-12    1.0316e-11    0    5.31597e-12    0.0157587    0.0157587 
0.100932    5e-12    1.03153e-11    0    5.3153e-12    0.0157587    0.0157587 
0.10083    5e-12    1.03146e-11    0    5.31464e-12    0.0157638    0.0157638 
0.100728    5e-12    1.0314e-11    0    5.31398e-12    0.0157638    0.0157638 
0.100627    5e-12    1.03133e-11    0    5.31332e-12    0.015769    0.015769 
0.100526    5e-12    1.03127e-11    0    5.31266e-12    0.015769    0.015769 
0.100425    5e-12    1.0312e-11    0    5.312e-12    0.0157747    0.0157747 
0.100324    5e-12    1.03113e-11    0    5.31134e-12    0.0157747    0.0157747 
0.100223    5e-12    1.03107e-11    0    5.31069e-12    0.0157747    0.0157747 
0.100123    5e-12    1.031e-11    0    5.31003e-12    0.0157801    0.0157801 
0.100022    5e-12    1.03094e-11    0    5.30938e-12    0.0157801    0.0157801 
