6.66667    6.45152e-08    6.45152e-08    6.45102e-08    6.45102e-08    0.00308507    0.00308507 
6.25    2.59569e-08    2.62183e-08    2.59519e-08    2.62133e-08    0.00308507    0.00308507 
5.88235    1.03919e-08    1.06528e-08    1.03869e-08    1.06478e-08    0.00308507    0.00308507 
5.55555    4.14266e-09    4.40037e-09    4.13766e-09    4.39537e-09    0.00308507    0.00308507 
5.26316    1.64569e-09    1.89525e-09    1.64069e-09    1.89025e-09    0.00308507    0.00308507 
5    6.5229e-10    8.86323e-10    6.4729e-10    8.81323e-10    0.00308507    0.00308507 
4.7619    2.58613e-10    4.69518e-10    2.53613e-10    4.64518e-10    0.00308507    0.00308507 
4.54545    1.03164e-10    2.8645e-10    9.81636e-11    2.8145e-10    0.00308507    0.00308507 
4.34782    4.20123e-11    1.97617e-10    3.70123e-11    1.92617e-10    0.00308507    0.00308507 
4.16666    1.81141e-11    1.49094e-10    1.31141e-11    1.44094e-10    0.00308507    0.00308507 
3.99984    9.00405e-12    1.19447e-10    4.00405e-12    1.14447e-10    0.00308507    0.00308507 
3.84601    5.9217e-12    9.97336e-11    9.21703e-13    9.47336e-11    0.00308507    0.00308507 
3.70357    5.15951e-12    8.56986e-11    1.59505e-13    8.06986e-11    0.00308507    0.00308507 
3.5713    5.0246e-12    7.52059e-11    2.46035e-14    7.02059e-11    0.00308507    0.00308507 
3.44816    5.0037e-12    6.70662e-11    3.69828e-15    6.20662e-11    0.00308507    0.00308507 
3.33322    5.00055e-12    6.05682e-11    5.52132e-16    5.55682e-11    0.00308507    0.00308507 
3.2257    5.00008e-12    5.52609e-11    8.21334e-17    5.02609e-11    0.00308507    0.00308507 
3.1249    5.00001e-12    5.08448e-11    1.21818e-17    4.58448e-11    0.00308507    0.00308507 
3.03012    5e-12    4.71098e-11    1.7984e-18    4.21098e-11    0.00308507    0.00308507 
2.94092    5e-12    4.39125e-11    2.6482e-19    3.89125e-11    0.00308507    0.00308507 
2.85682    5e-12    4.11447e-11    3.89012e-20    3.61447e-11    0.00308507    0.00308507 
2.77739    5e-12    3.87254e-11    5.70142e-21    3.37254e-11    0.00308507    0.00308507 
2.70226    5e-12    3.65929e-11    8.33803e-22    3.15929e-11    0.00308507    0.00308507 
2.63109    5e-12    3.46992e-11    1.21689e-22    2.96992e-11    0.00308507    0.00308507 
2.56358    5e-12    3.30064e-11    1.77253e-23    2.80064e-11    0.00308507    0.00308507 
2.49944    5e-12    3.14841e-11    2.57708e-24    2.64841e-11    0.00308507    0.00308507 
2.43843    5e-12    3.01078e-11    3.74023e-25    2.51078e-11    0.00308507    0.00308507 
2.38033    5e-12    2.88578e-11    5.41921e-26    2.38578e-11    0.00308507    0.00308507 
2.32493    5e-12    2.77173e-11    7.8393e-27    2.27173e-11    0.00308507    0.00308507 
2.27206    5e-12    2.66728e-11    1.13228e-27    2.16728e-11    0.00308507    0.00308507 
2.22153    5e-12    2.57126e-11    1.63301e-28    2.07126e-11    0.00308507    0.00308507 
2.1732    5e-12    2.48268e-11    2.35189e-29    1.98268e-11    0.00308507    0.00308507 
2.12694    5e-12    2.40074e-11    3.38268e-30    1.90074e-11    0.00308507    0.00308507 
2.0826    5e-12    2.32471e-11    4.85898e-31    1.82471e-11    0.00308507    0.00308507 
2.04007    5e-12    2.25399e-11    6.97093e-32    1.75399e-11    0.00308507    0.00308507 
1.99924    5e-12    2.18804e-11    9.98894e-33    1.68804e-11    0.00308507    0.00308507 
1.96002    5e-12    2.12638e-11    1.42972e-33    1.62638e-11    0.00308507    0.00308507 
1.9223    5e-12    2.06864e-11    2.04412e-34    1.56864e-11    0.00308507    0.00308507 
1.88601    5e-12    2.01444e-11    2.91945e-35    1.51444e-11    0.00308507    0.00308507 
1.85106    5e-12    1.96348e-11    4.16537e-36    1.46348e-11    0.00308507    0.00308507 
1.81739    5e-12    1.91548e-11    5.93714e-37    1.41548e-11    0.00308507    0.00308507 
1.78492    5e-12    1.87018e-11    8.45453e-38    1.37018e-11    0.00308507    0.00308507 
1.75359    5e-12    1.82737e-11    1.20283e-38    1.32737e-11    0.00308507    0.00308507 
1.72334    5e-12    1.78686e-11    1.70975e-39    1.28686e-11    0.00308507    0.00308507 
1.69411    5e-12    1.74847e-11    2.42824e-40    1.24847e-11    0.00308507    0.00308507 
1.66586    5e-12    1.71204e-11    3.44581e-41    1.21204e-11    0.00308507    0.00308507 
1.63854    5e-12    1.67742e-11    4.88588e-42    1.17742e-11    0.00308507    0.00308507 
1.6121    5e-12    1.64449e-11    6.92242e-43    1.14449e-11    0.00308507    0.00308507 
1.5865    5e-12    1.61312e-11    9.80047e-44    1.11312e-11    0.00308507    0.00308507 
1.56169    5e-12    1.58322e-11    1.3865e-44    1.08322e-11    0.00308507    0.00308507 
1.53768    5e-12    1.55472e-11    1.96397e-45    1.05472e-11    0.00308507    0.00308507 
1.51439    5e-12    1.52748e-11    2.78007e-46    1.02748e-11    0.00308507    0.00308507 
1.4918    5e-12    1.50143e-11    3.93266e-47    1.00143e-11    0.00308507    0.00308507 
1.46987    5e-12    1.47651e-11    5.55954e-48    9.76508e-12    0.00308507    0.00308507 
1.44858    5e-12    1.45263e-11    7.85451e-49    9.52634e-12    0.00308507    0.00308507 
1.4279    5e-12    1.42975e-11    1.10901e-49    9.29746e-12    0.00308507    0.00308507 
1.4078    5e-12    1.40778e-11    1.56494e-50    9.07784e-12    0.00308507    0.00308507 
1.38825    5e-12    1.3867e-11    2.20703e-51    8.867e-12    0.00308507    0.00308507 
1.36924    5e-12    1.36644e-11    3.11083e-52    8.66445e-12    0.00308507    0.00308507 
1.35075    5e-12    1.34697e-11    4.38237e-53    8.46971e-12    0.00308507    0.00308507 
1.33275    5e-12    1.32823e-11    6.17038e-54    8.28235e-12    0.00308507    0.00308507 
1.31522    5e-12    1.3102e-11    8.68341e-55    8.10195e-12    0.00308507    0.00308507 
1.29814    5e-12    1.29282e-11    1.22138e-55    7.92819e-12    0.00308507    0.00308507 
1.28151    5e-12    1.27607e-11    1.71711e-56    7.76075e-12    0.00308507    0.00308507 
1.26529    5e-12    1.25993e-11    2.4129e-57    7.59928e-12    0.00308507    0.00308507 
1.24948    5e-12    1.24435e-11    3.38905e-58    7.44347e-12    0.00308507    0.00308507 
1.23407    5e-12    1.2293e-11    4.75795e-59    7.29303e-12    0.00308507    0.00308507 
1.21902    5e-12    1.21477e-11    6.67681e-60    7.14773e-12    0.00308507    0.00308507 
1.20434    5e-12    1.20074e-11    9.36549e-61    7.00736e-12    0.00308507    0.00308507 
1.19001    5e-12    1.18717e-11    1.31313e-61    6.87165e-12    0.00308507    0.00308507 
1.17601    5e-12    1.17404e-11    1.84038e-62    6.74039e-12    0.00308507    0.00308507 
1.16234    5e-12    1.16134e-11    2.57828e-63    6.61336e-12    0.00308507    0.00308507 
1.14899    5e-12    1.14904e-11    3.61063e-64    6.4904e-12    0.00308507    0.00308507 
1.13594    5e-12    1.13713e-11    5.05439e-65    6.37135e-12    0.00308507    0.00308507 
1.12318    5e-12    1.1256e-11    7.07279e-66    6.25601e-12    0.00308507    0.00308507 
1.1107    5e-12    1.11442e-11    9.89357e-67    6.14423e-12    0.00308507    0.00308507 
1.0985    5e-12    1.10358e-11    1.38344e-67    6.03584e-12    0.00308507    0.00308507 
1.08657    5e-12    1.09307e-11    1.9338e-68    5.93073e-12    0.00308507    0.00308507 
1.07489    5e-12    1.08288e-11    2.70219e-69    5.82877e-12    0.00308507    0.00308507 
1.06346    5e-12    1.07298e-11    3.77461e-70    5.72983e-12    0.00308507    0.00308507 
1.05227    5e-12    1.06338e-11    5.2709e-71    5.63377e-12    0.00308507    0.00308507 
1.04131    5e-12    1.05405e-11    7.35796e-72    5.54047e-12    0.00308507    0.00308507 
1.03058    5e-12    1.04498e-11    1.02682e-72    5.44984e-12    0.00308507    0.00308507 
1.02006    5e-12    1.03618e-11    1.43249e-73    5.3618e-12    0.00308507    0.00308507 
1.00976    5e-12    1.02762e-11    1.99784e-74    5.27623e-12    0.00308507    0.00308507 
0.99967    5e-12    1.0193e-11    2.78547e-75    5.19304e-12    0.00308507    0.00308507 
0.989776    5e-12    1.01121e-11    3.88249e-76    5.11212e-12    0.00308507    0.00308507 
0.980075    5e-12    1.00334e-11    5.41e-77    5.03341e-12    0.00308507    0.00308507 
0.970563    5e-12    9.95685e-12    7.53636e-78    4.95685e-12    0.00308507    0.00308507 
0.961233    5e-12    9.88234e-12    1.04956e-78    4.88234e-12    0.00308507    0.00308507 
0.952082    5e-12    9.80981e-12    1.46128e-79    4.80981e-12    0.00308507    0.00308507 
0.943103    5e-12    9.73917e-12    2.03398e-80    4.73917e-12    0.00308507    0.00308507 
0.934291    5e-12    9.67038e-12    2.83038e-81    4.67038e-12    0.00308507    0.00308507 
0.925643    5e-12    9.60339e-12    3.93761e-82    4.60339e-12    0.00308507    0.00308507 
0.917154    5e-12    9.53812e-12    5.4766e-83    4.53812e-12    0.00308507    0.00308507 
0.908818    5e-12    9.47451e-12    7.61522e-84    4.47451e-12    0.00308507    0.00308507 
0.900633    5e-12    9.41249e-12    1.05864e-84    4.41249e-12    0.00308507    0.00308507 
0.892594    5e-12    9.35204e-12    1.47134e-85    4.35204e-12    0.00308507    0.00308507 
0.884697    5e-12    9.29311e-12    2.04444e-86    4.29311e-12    0.00308507    0.00308507 
0.876939    5e-12    9.23563e-12    2.84011e-87    4.23563e-12    0.00308507    0.00308507 
0.869316    5e-12    9.17956e-12    3.94456e-88    4.17956e-12    0.00308507    0.00308507 
0.861824    5e-12    9.12484e-12    5.47729e-89    4.12484e-12    0.00308507    0.00308507 
0.85446    5e-12    9.07145e-12    7.60394e-90    4.07145e-12    0.00308507    0.00308507 
0.847221    5e-12    9.01936e-12    1.0554e-90    4.01936e-12    0.00308507    0.00308507 
0.840103    5e-12    8.96851e-12    1.46456e-91    3.96851e-12    0.00308507    0.00308507 
0.833104    5e-12    8.91885e-12    2.03191e-92    3.91885e-12    0.00308507    0.00308507 
0.826221    5e-12    8.87036e-12    2.81847e-93    3.87036e-12    0.00308507    0.00308507 
0.81945    5e-12    8.823e-12    3.90873e-94    3.823e-12    0.00308507    0.00308507 
0.81279    5e-12    8.77675e-12    5.41965e-95    3.77675e-12    0.00308507    0.00308507 
0.806237    5e-12    8.73157e-12    7.51318e-96    3.73157e-12    0.00308507    0.00308507 
0.799789    5e-12    8.68742e-12    1.04134e-96    3.68742e-12    0.00308507    0.00308507 
0.793443    5e-12    8.64426e-12    1.44305e-97    3.64426e-12    0.00308507    0.00308507 
0.787197    5e-12    8.60208e-12    1.99934e-98    3.60208e-12    0.00308507    0.00308507 
0.781049    5e-12    8.56086e-12    2.76959e-99    3.56086e-12    0.00308507    0.00308507 
0.774996    5e-12    8.52056e-12    3.83588e-100    3.52056e-12    0.00308507    0.00308507 
0.769036    5e-12    8.48115e-12    5.31175e-101    3.48115e-12    0.00308507    0.00308507 
0.763167    5e-12    8.4426e-12    7.3542e-102    3.4426e-12    0.00308507    0.00308507 
0.757386    5e-12    8.4049e-12    1.01802e-102    3.4049e-12    0.00308507    0.00308507 
0.751693    5e-12    8.36802e-12    1.40899e-103    3.36802e-12    0.00308507    0.00308507 
0.746085    5e-12    8.33194e-12    1.94978e-104    3.33194e-12    0.00308507    0.00308507 
0.74056    5e-12    8.29664e-12    2.69769e-105    3.29664e-12    0.00308507    0.00308507 
0.735116    5e-12    8.26209e-12    3.73188e-106    3.26209e-12    0.00308507    0.00308507 
0.729751    5e-12    8.22827e-12    5.16172e-107    3.22827e-12    0.00308507    0.00308507 
0.724464    5e-12    8.19517e-12    7.13828e-108    3.19517e-12    0.00308507    0.00308507 
0.719254    5e-12    8.16277e-12    9.87018e-109    3.16277e-12    0.00308507    0.00308507 
0.714117    5e-12    8.13104e-12    1.36455e-109    3.13104e-12    0.00308507    0.00308507 
0.709054    5e-12    8.09997e-12    1.88621e-110    3.09997e-12    0.00308507    0.00308507 
0.704062    5e-12    8.06953e-12    2.60691e-111    3.06953e-12    0.00308507    0.00308507 
0.699139    5e-12    8.03973e-12    3.60246e-112    3.03973e-12    0.00308507    0.00308507 
0.694285    5e-12    8.01053e-12    4.97747e-113    3.01053e-12    0.00308507    0.00308507 
0.689498    5e-12    7.98193e-12    6.87634e-114    2.98193e-12    0.00308507    0.00308507 
0.684777    5e-12    7.9539e-12    9.49826e-115    2.9539e-12    0.00308507    0.00308507 
0.680119    5e-12    7.92643e-12    1.31181e-115    2.92643e-12    0.00308507    0.00308507 
0.675525    5e-12    7.89951e-12    1.8115e-116    2.89951e-12    0.00308507    0.00308507 
0.670992    5e-12    7.87313e-12    2.5012e-117    2.87313e-12    0.00308507    0.00308507 
0.66652    5e-12    7.84726e-12    3.45303e-118    2.84726e-12    0.00308507    0.00308507 
0.662107    5e-12    7.8219e-12    4.76645e-119    2.8219e-12    0.00308507    0.00308507 
0.657752    5e-12    7.79703e-12    6.57861e-120    2.79703e-12    0.00308507    0.00308507 
0.653454    5e-12    7.77265e-12    9.07856e-121    2.77265e-12    0.00308507    0.00308507 
0.649212    5e-12    7.74873e-12    1.2527e-121    2.74873e-12    0.00308507    0.00308507 
0.645024    5e-12    7.72528e-12    1.7283e-122    2.72528e-12    0.00308507    0.00308507 
0.64089    5e-12    7.70226e-12    2.38419e-123    2.70226e-12    0.00308507    0.00308507 
0.636809    5e-12    7.67969e-12    3.28859e-124    2.67969e-12    0.00308507    0.00308507 
0.632779    5e-12    7.65754e-12    4.53551e-125    2.65754e-12    0.00308507    0.00308507 
0.6288    5e-12    7.63581e-12    6.25447e-126    2.63581e-12    0.00308507    0.00308507 
0.624871    5e-12    7.61448e-12    8.62393e-127    2.61448e-12    0.00308507    0.00308507 
0.620991    5e-12    7.59354e-12    1.18897e-127    2.59354e-12    0.00308507    0.00308507 
0.617158    5e-12    7.57299e-12    1.63902e-128    2.57299e-12    0.00308507    0.00308507 
0.613373    5e-12    7.55282e-12    2.25918e-129    2.55282e-12    0.00308507    0.00308507 
0.609633    5e-12    7.53301e-12    3.11363e-130    2.53301e-12    0.00308507    0.00308507 
0.605939    5e-12    7.51356e-12    4.29079e-131    2.51356e-12    0.00308507    0.00308507 
0.60229    5e-12    7.49446e-12    5.91235e-132    2.49446e-12    0.00308507    0.00308507 
0.598684    5e-12    7.47571e-12    8.14586e-133    2.47571e-12    0.00308507    0.00308507 
0.595121    5e-12    7.45729e-12    1.12219e-133    2.45729e-12    0.00308507    0.00308507 
0.5916    5e-12    7.43919e-12    1.54579e-134    2.43919e-12    0.00308507    0.00308507 
0.588121    5e-12    7.42142e-12    2.12908e-135    2.42142e-12    0.00308507    0.00308507 
0.584682    5e-12    7.40395e-12    2.93216e-136    2.40395e-12    0.00308507    0.00308507 
0.581284    5e-12    7.38679e-12    4.03774e-137    2.38679e-12    0.00308507    0.00308507 
0.577924    5e-12    7.36992e-12    5.55964e-138    2.36992e-12    0.00308507    0.00308507 
0.574604    5e-12    7.35335e-12    7.65442e-139    2.35335e-12    0.00308507    0.00308507 
0.571321    5e-12    7.33706e-12    1.05374e-139    2.33706e-12    0.00308507    0.00308507 
0.568075    5e-12    7.32105e-12    1.45049e-140    2.32105e-12    0.00308507    0.00308507 
0.564866    5e-12    7.3053e-12    1.99644e-141    2.3053e-12    0.00308507    0.00308507 
0.561694    5e-12    7.28983e-12    2.7476e-142    2.28983e-12    0.00308507    0.00308507 
0.558556    5e-12    7.27461e-12    3.78104e-143    2.27461e-12    0.00308507    0.00308507 
0.555454    5e-12    7.25965e-12    5.20271e-144    2.25965e-12    0.00308507    0.00308507 
0.552385    5e-12    7.24493e-12    7.15827e-145    2.24493e-12    0.00308507    0.00308507 
0.549351    5e-12    7.23046e-12    9.84798e-146    2.23046e-12    0.00308507    0.00308507 
0.54635    5e-12    7.21622e-12    1.35471e-146    2.21622e-12    0.00308507    0.00308507 
0.543381    5e-12    7.20222e-12    1.86341e-147    2.20222e-12    0.00308507    0.00308507 
0.540444    5e-12    7.18844e-12    2.56291e-148    2.18844e-12    0.00308507    0.00308507 
0.537539    5e-12    7.17489e-12    3.52468e-149    2.17489e-12    0.00308507    0.00308507 
0.534665    5e-12    7.16155e-12    4.84695e-150    2.16155e-12    0.00308507    0.00308507 
0.531822    5e-12    7.14842e-12    6.66471e-151    2.14842e-12    0.00308507    0.00308507 
0.529008    5e-12    7.13551e-12    9.16341e-152    2.13551e-12    0.00308507    0.00308507 
0.526224    5e-12    7.12279e-12    1.25979e-152    2.12279e-12    0.00308507    0.00308507 
0.52347    5e-12    7.11028e-12    1.73182e-153    2.11028e-12    0.00308507    0.00308507 
0.520744    5e-12    7.09796e-12    2.38052e-154    2.09796e-12    0.00308507    0.00308507 
0.518046    5e-12    7.08583e-12    3.27194e-155    2.08583e-12    0.00308507    0.00308507 
0.515376    5e-12    7.07389e-12    4.49682e-156    2.07389e-12    0.00308507    0.00308507 
0.512734    5e-12    7.06214e-12    6.17975e-157    2.06214e-12    0.00308507    0.00308507 
0.510118    5e-12    7.05056e-12    8.49186e-158    2.05056e-12    0.00308507    0.00308507 
0.507529    5e-12    7.03916e-12    1.16681e-158    2.03916e-12    0.00308507    0.00308507 
0.504966    5e-12    7.02793e-12    1.60312e-159    2.02793e-12    0.00308507    0.00308507 
0.502429    5e-12    7.01687e-12    2.20242e-160    2.01687e-12    0.00308507    0.00308507 
0.499918    5e-12    7.00597e-12    3.02551e-161    2.00597e-12    0.00308507    0.00308507 
0.497431    5e-12    6.99524e-12    4.15592e-162    1.99524e-12    0.00308507    0.00308507 
0.494969    5e-12    6.98466e-12    5.70825e-163    1.98466e-12    0.00308507    0.00308507 
0.492531    5e-12    6.97424e-12    7.83985e-164    1.97424e-12    0.00308507    0.00308507 
0.490117    5e-12    6.96398e-12    1.07667e-164    1.96398e-12    0.00308507    0.00308507 
0.487726    5e-12    6.95386e-12    1.47851e-165    1.95386e-12    0.00308507    0.00308507 
0.485359    5e-12    6.94389e-12    2.03018e-166    1.94389e-12    0.00308507    0.00308507 
0.483015    5e-12    6.93406e-12    2.78751e-167    1.93406e-12    0.00308507    0.00308507 
0.480693    5e-12    6.92437e-12    3.82708e-168    1.92437e-12    0.00308507    0.00308507 
0.478393    5e-12    6.91482e-12    5.25399e-169    1.91482e-12    0.00308507    0.00308507 
0.476116    5e-12    6.90541e-12    7.21243e-170    1.90541e-12    0.00308507    0.00308507 
0.47386    5e-12    6.89612e-12    9.90021e-171    1.89612e-12    0.00308507    0.00308507 
0.471625    5e-12    6.88697e-12    1.35887e-171    1.88697e-12    0.00308507    0.00308507 
0.469411    5e-12    6.87795e-12    1.86502e-172    1.87795e-12    0.00308507    0.00308507 
0.467218    5e-12    6.86905e-12    2.55954e-173    1.86905e-12    0.00308507    0.00308507 
0.465045    5e-12    6.86027e-12    3.51245e-174    1.86027e-12    0.00308507    0.00308507 
0.462892    5e-12    6.85162e-12    4.81982e-175    1.85162e-12    0.00308507    0.00308507 
0.460759    5e-12    6.84308e-12    6.6134e-176    1.84308e-12    0.00308507    0.00308507 
0.458646    5e-12    6.83466e-12    9.07383e-177    1.83466e-12    0.00308507    0.00308507 
0.456552    5e-12    6.82635e-12    1.24489e-177    1.82635e-12    0.00308507    0.00308507 
0.454477    5e-12    6.81816e-12    1.70782e-178    1.81816e-12    0.00308507    0.00308507 
0.452421    5e-12    6.81007e-12    2.34276e-179    1.81007e-12    0.00308507    0.00308507 
0.450383    5e-12    6.80209e-12    3.21356e-180    1.80209e-12    0.00308507    0.00308507 
0.448364    5e-12    6.79422e-12    4.40778e-181    1.79422e-12    0.00308507    0.00308507 
0.446363    5e-12    6.78645e-12    6.04543e-182    1.78645e-12    0.00308507    0.00308507 
0.444379    5e-12    6.77878e-12    8.29103e-183    1.77878e-12    0.00308507    0.00308507 
0.442413    5e-12    6.77121e-12    1.13701e-183    1.77121e-12    0.00308507    0.00308507 
0.440465    5e-12    6.76374e-12    1.55918e-184    1.76374e-12    0.00308507    0.00308507 
0.438533    5e-12    6.75637e-12    2.13797e-185    1.75637e-12    0.00308507    0.00308507 
0.436618    5e-12    6.74909e-12    2.93145e-186    1.74909e-12    0.00308507    0.00308507 
0.43472    5e-12    6.7419e-12    4.01919e-187    1.7419e-12    0.00308507    0.00308507 
0.432839    5e-12    6.73481e-12    5.51025e-188    1.73481e-12    0.00308507    0.00308507 
0.430973    5e-12    6.72781e-12    7.55404e-189    1.72781e-12    0.00308507    0.00308507 
0.429124    5e-12    6.72089e-12    1.03553e-189    1.72089e-12    0.00308507    0.00308507 
0.42729    5e-12    6.71406e-12    1.41946e-190    1.71406e-12    0.00308507    0.00308507 
0.425472    5e-12    6.70731e-12    1.94563e-191    1.70731e-12    0.00308507    0.00308507 
0.42367    5e-12    6.70065e-12    2.6667e-192    1.70065e-12    0.00308507    0.00308507 
0.421882    5e-12    6.69407e-12    3.6548e-193    1.69407e-12    0.00308507    0.00308507 
0.42011    5e-12    6.68757e-12    5.00877e-194    1.68757e-12    0.00308507    0.00308507 
0.418352    5e-12    6.68115e-12    6.86398e-195    1.68115e-12    0.00308507    0.00308507 
0.416609    5e-12    6.67481e-12    9.40585e-196    1.67481e-12    0.00308507    0.00308507 
0.414881    5e-12    6.66855e-12    1.28884e-196    1.66855e-12    0.00308507    0.00308507 
0.413167    5e-12    6.66236e-12    1.76594e-197    1.66236e-12    0.00308507    0.00308507 
0.411467    5e-12    6.65624e-12    2.41953e-198    1.65624e-12    0.00308507    0.00308507 
0.409781    5e-12    6.6502e-12    3.31485e-199    1.6502e-12    0.00308507    0.00308507 
0.408108    5e-12    6.64423e-12    4.54126e-200    1.64423e-12    0.00308507    0.00308507 
0.40645    5e-12    6.63833e-12    6.22109e-201    1.63833e-12    0.00308507    0.00308507 
0.404804    5e-12    6.6325e-12    8.52189e-202    1.6325e-12    0.00308507    0.00308507 
0.403172    5e-12    6.62674e-12    1.1673e-202    1.62674e-12    0.00308507    0.00308507 
0.401553    5e-12    6.62104e-12    1.59886e-203    1.62104e-12    0.00308507    0.00308507 
0.399947    5e-12    6.61541e-12    2.18987e-204    1.61541e-12    0.00308507    0.00308507 
0.398354    5e-12    6.60985e-12    2.99918e-205    1.60985e-12    0.00308507    0.00308507 
0.396773    5e-12    6.60434e-12    4.10741e-206    1.60434e-12    0.00308507    0.00308507 
0.395205    5e-12    6.59891e-12    5.62488e-207    1.59891e-12    0.00308507    0.00308507 
0.39365    5e-12    6.59353e-12    7.70261e-208    1.59353e-12    0.00308507    0.00308507 
0.392106    5e-12    6.58821e-12    1.05473e-208    1.58821e-12    0.00308507    0.00308507 
0.390575    5e-12    6.58296e-12    1.4442e-209    1.58296e-12    0.00308507    0.00308507 
0.389054    5e-12    6.57775e-12    1.97346e-210    1.57775e-12    0.00308507    0.00308507 
0.387544    5e-12    6.57261e-12    2.69657e-211    1.57261e-12    0.00308507    0.00308507 
0.386047    5e-12    6.56752e-12    3.68446e-212    1.56752e-12    0.00308507    0.00308507 
0.384561    5e-12    6.56249e-12    5.03405e-213    1.56249e-12    0.00308507    0.00308507 
0.383086    5e-12    6.55751e-12    6.87767e-214    1.55751e-12    0.00308507    0.00308507 
0.381623    5e-12    6.55259e-12    9.39608e-215    1.55259e-12    0.00308507    0.00308507 
0.38017    5e-12    6.54772e-12    1.28361e-215    1.54772e-12    0.00308507    0.00308507 
0.378729    5e-12    6.54291e-12    1.75348e-216    1.54291e-12    0.00308507    0.00308507 
0.377299    5e-12    6.53815e-12    2.39525e-217    1.53815e-12    0.00308507    0.00308507 
0.375879    5e-12    6.53343e-12    3.27176e-218    1.53343e-12    0.00308507    0.00308507 
0.37447    5e-12    6.52877e-12    4.46883e-219    1.52877e-12    0.00308507    0.00308507 
0.373072    5e-12    6.52416e-12    6.10363e-220    1.52416e-12    0.00308507    0.00308507 
0.371684    5e-12    6.5196e-12    8.33613e-221    1.5196e-12    0.00308507    0.00308507 
0.370306    5e-12    6.51508e-12    1.13847e-221    1.51508e-12    0.00308507    0.00308507 
0.368938    5e-12    6.51061e-12    1.55476e-222    1.51061e-12    0.00308507    0.00308507 
0.367581    5e-12    6.50619e-12    2.12318e-223    1.50619e-12    0.00308507    0.00308507 
0.366233    5e-12    6.50182e-12    2.8993e-224    1.50182e-12    0.00308507    0.00308507 
0.364896    5e-12    6.49749e-12    3.95896e-225    1.49749e-12    0.00308507    0.00308507 
0.363568    5e-12    6.49321e-12    5.4057e-226    1.49321e-12    0.00308507    0.00308507 
0.362249    5e-12    6.48896e-12    7.38085e-227    1.48896e-12    0.00308507    0.00308507 
0.36094    5e-12    6.48477e-12    1.00773e-227    1.48477e-12    0.00308507    0.00308507 
0.359641    5e-12    6.48061e-12    1.37583e-228    1.48061e-12    0.00308507    0.00308507 
0.358351    5e-12    6.4765e-12    1.87831e-229    1.4765e-12    0.00308507    0.00308507 
0.35707    5e-12    6.47243e-12    2.56421e-230    1.47243e-12    0.00308507    0.00308507 
0.355798    5e-12    6.4684e-12    3.50045e-231    1.4684e-12    0.00308507    0.00308507 
0.354536    5e-12    6.46441e-12    4.77835e-232    1.46441e-12    0.00308507    0.00308507 
0.353282    5e-12    6.46046e-12    6.52253e-233    1.46046e-12    0.00308507    0.00308507 
0.352037    5e-12    6.45655e-12    8.90302e-234    1.45655e-12    0.00308507    0.00308507 
0.350801    5e-12    6.45268e-12    1.21519e-234    1.45268e-12    0.00308507    0.00308507 
0.349573    5e-12    6.44884e-12    1.65857e-235    1.44884e-12    0.00308507    0.00308507 
0.348354    5e-12    6.44504e-12    2.26364e-236    1.44504e-12    0.00308507    0.00308507 
0.347144    5e-12    6.44129e-12    3.08933e-237    1.44129e-12    0.00308507    0.00308507 
0.345942    5e-12    6.43756e-12    4.21606e-238    1.43756e-12    0.00308507    0.00308507 
0.344748    5e-12    6.43387e-12    5.75353e-239    1.43387e-12    0.00308507    0.00308507 
0.343562    5e-12    6.43022e-12    7.85138e-240    1.43022e-12    0.00308507    0.00308507 
0.342385    5e-12    6.42661e-12    1.07138e-240    1.42661e-12    0.00308507    0.00308507 
0.341215    5e-12    6.42302e-12    1.46192e-241    1.42302e-12    0.00308507    0.00308507 
0.340054    5e-12    6.41948e-12    1.99475e-242    1.41948e-12    0.00308507    0.00308507 
0.3389    5e-12    6.41596e-12    2.7217e-243    1.41596e-12    0.00308507    0.00308507 
0.337755    5e-12    6.41248e-12    3.71344e-244    1.41248e-12    0.00308507    0.00308507 
0.336616    5e-12    6.40903e-12    5.06639e-245    1.40903e-12    0.00308507    0.00308507 
0.335486    5e-12    6.40561e-12    6.91202e-246    1.40561e-12    0.00308507    0.00308507 
0.334363    5e-12    6.40223e-12    9.42969e-247    1.40223e-12    0.00308507    0.00308507 
0.333248    5e-12    6.39888e-12    1.2864e-247    1.39888e-12    0.00308507    0.00308507 
0.33214    5e-12    6.39555e-12    1.75484e-248    1.39555e-12    0.00308507    0.00308507 
0.331039    5e-12    6.39226e-12    2.3938e-249    1.39226e-12    0.00308507    0.00308507 
0.329946    5e-12    6.389e-12    3.2653e-250    1.389e-12    0.00308507    0.00308507 
0.32886    5e-12    6.38577e-12    4.45393e-251    1.38577e-12    0.00308507    0.00308507 
0.327781    5e-12    6.38257e-12    6.07505e-252    1.38257e-12    0.00308507    0.00308507 
0.326709    5e-12    6.37939e-12    8.28597e-253    1.37939e-12    0.00308507    0.00308507 
0.325644    5e-12    6.37625e-12    1.13011e-253    1.37625e-12    0.00308507    0.00308507 
0.324586    5e-12    6.37313e-12    1.5413e-254    1.37313e-12    0.00308507    0.00308507 
0.323535    5e-12    6.37004e-12    2.10203e-255    1.37004e-12    0.00308507    0.00308507 
0.32249    5e-12    6.36698e-12    2.86667e-256    1.36698e-12    0.00308507    0.00308507 
0.321452    5e-12    6.36394e-12    3.90933e-257    1.36394e-12    0.00308507    0.00308507 
0.320421    5e-12    6.36094e-12    5.33106e-258    1.36094e-12    0.00308507    0.00308507 
0.319397    5e-12    6.35796e-12    7.26962e-259    1.35796e-12    0.00308507    0.00308507 
0.318379    5e-12    6.355e-12    9.9128e-260    1.355e-12    0.00308507    0.00308507 
0.317368    5e-12    6.35207e-12    1.35166e-260    1.35207e-12    0.00308507    0.00308507 
0.316363    5e-12    6.34917e-12    1.84301e-261    1.34917e-12    0.00308507    0.00308507 
0.315364    5e-12    6.34629e-12    2.51288e-262    1.34629e-12    0.00308507    0.00308507 
0.314371    5e-12    6.34343e-12    3.42614e-263    1.34343e-12    0.00308507    0.00308507 
0.313385    5e-12    6.34061e-12    4.67116e-264    1.34061e-12    0.00308507    0.00308507 
0.312405    5e-12    6.3378e-12    6.36843e-265    1.3378e-12    0.00308507    0.00308507 
0.311431    5e-12    6.33502e-12    8.68214e-266    1.33502e-12    0.00308507    0.00308507 
0.310464    5e-12    6.33226e-12    1.18361e-266    1.33226e-12    0.00308507    0.00308507 
0.309502    5e-12    6.32953e-12    1.61354e-267    1.32953e-12    0.00308507    0.00308507 
0.308546    5e-12    6.32682e-12    2.19956e-268    1.32682e-12    0.00308507    0.00308507 
0.307596    5e-12    6.32413e-12    2.99834e-269    1.32413e-12    0.00308507    0.00308507 
0.306652    5e-12    6.32146e-12    4.08708e-270    1.32146e-12    0.00308507    0.00308507 
0.305713    5e-12    6.31882e-12    5.57101e-271    1.31882e-12    0.00308507    0.00308507 
0.30478    5e-12    6.31619e-12    7.5935e-272    1.31619e-12    0.00308507    0.00308507 
0.303853    5e-12    6.31359e-12    1.03499e-272    1.31359e-12    0.00308507    0.00308507 
0.302932    5e-12    6.31102e-12    1.41066e-273    1.31102e-12    0.00308507    0.00308507 
0.302016    5e-12    6.30846e-12    1.92263e-274    1.30846e-12    0.00308507    0.00308507 
0.301106    5e-12    6.30592e-12    2.62033e-275    1.30592e-12    0.00308507    0.00308507 
0.300201    5e-12    6.3034e-12    3.57112e-276    1.3034e-12    0.00308507    0.00308507 
0.299302    5e-12    6.30091e-12    4.86678e-277    1.30091e-12    0.00308507    0.00308507 
0.298408    5e-12    6.29843e-12    6.63234e-278    1.29843e-12    0.00308507    0.00308507 
0.297519    5e-12    6.29598e-12    9.03818e-279    1.29598e-12    0.00308507    0.00308507 
0.296636    5e-12    6.29354e-12    1.23164e-279    1.29354e-12    0.00308507    0.00308507 
0.295757    5e-12    6.29113e-12    1.67832e-280    1.29113e-12    0.00308507    0.00308507 
0.294884    5e-12    6.28873e-12    2.28694e-281    1.28873e-12    0.00308507    0.00308507 
0.294016    5e-12    6.28635e-12    3.11618e-282    1.28635e-12    0.00308507    0.00308507 
0.293154    5e-12    6.28399e-12    4.246e-283    1.28399e-12    0.00308507    0.00308507 
0.292296    5e-12    6.28165e-12    5.78531e-284    1.28165e-12    0.00308507    0.00308507 
0.291443    5e-12    6.27933e-12    7.88246e-285    1.27933e-12    0.00308507    0.00308507 
0.290595    5e-12    6.27702e-12    1.07395e-285    1.27702e-12    0.00308507    0.00308507 
0.289753    5e-12    6.27474e-12    1.46318e-286    1.27474e-12    0.00308507    0.00308507 
0.288915    5e-12    6.27247e-12    1.99343e-287    1.27247e-12    0.00308507    0.00308507 
0.288081    5e-12    6.27022e-12    2.71577e-288    1.27022e-12    0.00308507    0.00308507 
0.287253    5e-12    6.26798e-12    3.69976e-289    1.26798e-12    0.00308507    0.00308507 
0.28643    5e-12    6.26577e-12    5.04015e-290    1.26577e-12    0.00308507    0.00308507 
0.285611    5e-12    6.26357e-12    6.86598e-291    1.26357e-12    0.00308507    0.00308507 
0.284796    5e-12    6.26138e-12    9.35301e-292    1.26138e-12    0.00308507    0.00308507 
0.283987    5e-12    6.25922e-12    1.27406e-292    1.25922e-12    0.00308507    0.00308507 
0.283182    5e-12    6.25707e-12    1.73547e-293    1.25707e-12    0.00308507    0.00308507 
0.282381    5e-12    6.25494e-12    2.36393e-294    1.25494e-12    0.00308507    0.00308507 
0.281585    5e-12    6.25282e-12    3.2199e-295    1.25282e-12    0.00308507    0.00308507 
0.280794    5e-12    6.25072e-12    4.3857e-296    1.25072e-12    0.00308507    0.00308507 
0.280007    5e-12    6.24863e-12    5.97346e-297    1.24863e-12    0.00308507    0.00308507 
0.279224    5e-12    6.24656e-12    8.13583e-298    1.24656e-12    0.00308507    0.00308507 
0.278446    5e-12    6.2445e-12    1.10807e-298    1.2445e-12    0.00308507    0.00308507 
0.277672    5e-12    6.24246e-12    1.50912e-299    1.24246e-12    0.00308507    0.00308507 
0.276902    5e-12    6.24044e-12    2.05528e-300    1.24044e-12    0.00308507    0.00308507 
0.276137    5e-12    6.23843e-12    2.79903e-301    1.23843e-12    0.00308507    0.00308507 
0.275376    5e-12    6.23643e-12    3.81183e-302    1.23643e-12    0.00308507    0.00308507 
0.274619    5e-12    6.23445e-12    5.19099e-303    1.23445e-12    0.00308507    0.00308507 
0.273866    5e-12    6.23249e-12    7.06899e-304    1.23249e-12    0.00308507    0.00308507 
0.273117    5e-12    6.23054e-12    9.62619e-305    1.23054e-12    0.00308507    0.00308507 
0.272373    5e-12    6.2286e-12    1.31082e-305    1.2286e-12    0.00308507    0.00308507 
0.271632    5e-12    6.22667e-12    1.78492e-306    1.22667e-12    0.00308507    0.00308507 
0.270896    5e-12    6.22476e-12    2.43046e-307    1.22476e-12    0.00308507    0.00308507 
0.270163    5e-12    6.22287e-12    3.30938e-308    1.22287e-12    0.00308507    0.00308507 
0.269434    5e-12    6.22098e-12    4.50605e-309    1.22098e-12    0.00308507    0.00308507 
0.26871    5e-12    6.21911e-12    6.1353e-310    1.21911e-12    0.00308507    0.00308507 
0.267989    5e-12    6.21726e-12    8.35346e-311    1.21726e-12    0.00308507    0.00308507 
0.267272    5e-12    6.21541e-12    1.13733e-311    1.21541e-12    0.00308507    0.00308507 
0.266559    5e-12    6.21358e-12    1.54846e-312    1.21358e-12    0.00308507    0.00308507 
0.265849    5e-12    6.21177e-12    2.10815e-313    1.21177e-12    0.00308507    0.00308507 
0.265144    5e-12    6.20996e-12    2.87009e-314    1.20996e-12    0.00308507    0.00308507 
0.264442    5e-12    6.20817e-12    3.90733e-315    1.20817e-12    0.00308507    0.00308507 
0.263744    5e-12    6.20639e-12    5.31931e-316    1.20639e-12    0.00308507    0.00308507 
0.263049    5e-12    6.20462e-12    7.24139e-317    1.20462e-12    0.00308507    0.00308507 
0.262358    5e-12    6.20287e-12    9.85778e-318    1.20287e-12    0.00308507    0.00308507 
0.261671    5e-12    6.20112e-12    1.34192e-318    1.20112e-12    0.00308507    0.00308507 
0.260988    5e-12    6.19939e-12    1.82671e-319    1.19939e-12    0.00308507    0.00308507 
0.260308    5e-12    6.19767e-12    2.48663e-320    1.19767e-12    0.00308507    0.00308507 
0.259631    5e-12    6.19596e-12    3.38435e-321    1.19596e-12    0.00308507    0.00308507 
0.258958    5e-12    6.19427e-12    4.59481e-322    1.19427e-12    0.00308507    0.00308507 
0.258288    5e-12    6.19258e-12    6.42285e-323    1.19258e-12    0.00308507    0.00308507 
0.257622    5e-12    6.19091e-12    9.88131e-324    1.19091e-12    0.00308507    0.00308507 
0.25696    5e-12    6.18925e-12    0    1.18925e-12    0.00308507    0.00308507 
0.256301    5e-12    6.18759e-12    0    1.18759e-12    0.00308507    0.00308507 
0.255645    5e-12    6.18595e-12    0    1.18595e-12    0.00308507    0.00308507 
0.254992    5e-12    6.18433e-12    0    1.18433e-12    0.00308507    0.00308507 
0.254343    5e-12    6.18271e-12    0    1.18271e-12    0.00308507    0.00308507 
0.253697    5e-12    6.1811e-12    0    1.1811e-12    0.00308507    0.00308507 
0.253054    5e-12    6.1795e-12    0    1.1795e-12    0.00308507    0.00308507 
0.252415    5e-12    6.17792e-12    0    1.17792e-12    0.00308507    0.00308507 
0.251779    5e-12    6.17634e-12    0    1.17634e-12    0.00308507    0.00308507 
0.251146    5e-12    6.17477e-12    0    1.17477e-12    0.00308507    0.00308507 
0.250516    5e-12    6.17322e-12    0    1.17322e-12    0.00308507    0.00308507 
0.249889    5e-12    6.17167e-12    0    1.17167e-12    0.00308507    0.00308507 
0.249266    5e-12    6.17014e-12    0    1.17014e-12    0.00308507    0.00308507 
0.248646    5e-12    6.16861e-12    0    1.16861e-12    0.00308507    0.00308507 
0.248028    5e-12    6.1671e-12    0    1.1671e-12    0.00308507    0.00308507 
0.247414    5e-12    6.16559e-12    0    1.16559e-12    0.00308507    0.00308507 
0.246803    5e-12    6.16409e-12    0    1.16409e-12    0.00308507    0.00308507 
0.246194    5e-12    6.16261e-12    0    1.16261e-12    0.00308507    0.00308507 
0.245589    5e-12    6.16113e-12    0    1.16113e-12    0.00308507    0.00308507 
0.244987    5e-12    6.15966e-12    0    1.15966e-12    0.00308507    0.00308507 
0.244388    5e-12    6.1582e-12    0    1.1582e-12    0.00308507    0.00308507 
0.243791    5e-12    6.15675e-12    0    1.15675e-12    0.00308507    0.00308507 
0.243198    5e-12    6.15531e-12    0    1.15531e-12    0.00308507    0.00308507 
0.242607    5e-12    6.15388e-12    0    1.15388e-12    0.00308507    0.00308507 
0.242019    5e-12    6.15246e-12    0    1.15246e-12    0.00308507    0.00308507 
0.241435    5e-12    6.15104e-12    0    1.15104e-12    0.00308507    0.00308507 
0.240852    5e-12    6.14964e-12    0    1.14964e-12    0.00308507    0.00308507 
0.240273    5e-12    6.14824e-12    0    1.14824e-12    0.00308507    0.00308507 
0.239697    5e-12    6.14685e-12    0    1.14685e-12    0.00308507    0.00308507 
0.239123    5e-12    6.14547e-12    0    1.14547e-12    0.00308507    0.00308507 
0.238552    5e-12    6.1441e-12    0    1.1441e-12    0.00308507    0.00308507 
0.237984    5e-12    6.14274e-12    0    1.14274e-12    0.00308507    0.00308507 
0.237418    5e-12    6.14139e-12    0    1.14139e-12    0.00308507    0.00308507 
0.236855    5e-12    6.14004e-12    0    1.14004e-12    0.00308507    0.00308507 
0.236295    5e-12    6.1387e-12    0    1.1387e-12    0.00308507    0.00308507 
0.235737    5e-12    6.13737e-12    0    1.13737e-12    0.00308507    0.00308507 
0.235182    5e-12    6.13605e-12    0    1.13605e-12    0.00308507    0.00308507 
0.23463    5e-12    6.13474e-12    0    1.13474e-12    0.00308507    0.00308507 
0.23408    5e-12    6.13343e-12    0    1.13343e-12    0.00308507    0.00308507 
0.233533    5e-12    6.13213e-12    0    1.13213e-12    0.00308507    0.00308507 
0.232988    5e-12    6.13084e-12    0    1.13084e-12    0.00308507    0.00308507 
0.232446    5e-12    6.12956e-12    0    1.12956e-12    0.00308507    0.00308507 
0.231907    5e-12    6.12829e-12    0    1.12829e-12    0.00308507    0.00308507 
0.23137    5e-12    6.12702e-12    0    1.12702e-12    0.00308507    0.00308507 
0.230835    5e-12    6.12576e-12    0    1.12576e-12    0.00308507    0.00308507 
0.230303    5e-12    6.12451e-12    0    1.12451e-12    0.00308507    0.00308507 
0.229773    5e-12    6.12326e-12    0    1.12326e-12    0.00308507    0.00308507 
0.229246    5e-12    6.12202e-12    0    1.12202e-12    0.00308507    0.00308507 
0.228721    5e-12    6.12079e-12    0    1.12079e-12    0.00308507    0.00308507 
0.228198    5e-12    6.11957e-12    0    1.11957e-12    0.00308507    0.00308507 
0.227678    5e-12    6.11835e-12    0    1.11835e-12    0.00308507    0.00308507 
0.227161    5e-12    6.11714e-12    0    1.11714e-12    0.00308507    0.00308507 
0.226645    5e-12    6.11594e-12    0    1.11594e-12    0.00308507    0.00308507 
0.226132    5e-12    6.11474e-12    0    1.11474e-12    0.00308507    0.00308507 
0.225622    5e-12    6.11356e-12    0    1.11356e-12    0.00308507    0.00308507 
0.225113    5e-12    6.11237e-12    0    1.11237e-12    0.00308507    0.00308507 
0.224607    5e-12    6.1112e-12    0    1.1112e-12    0.00308507    0.00308507 
0.224103    5e-12    6.11003e-12    0    1.11003e-12    0.00308507    0.00308507 
0.223602    5e-12    6.10887e-12    0    1.10887e-12    0.00308507    0.00308507 
0.223102    5e-12    6.10771e-12    0    1.10771e-12    0.00308507    0.00308507 
0.222605    5e-12    6.10656e-12    0    1.10656e-12    0.00308507    0.00308507 
0.22211    5e-12    6.10542e-12    0    1.10542e-12    0.00308507    0.00308507 
0.221617    5e-12    6.10429e-12    0    1.10429e-12    0.00308507    0.00308507 
0.221127    5e-12    6.10316e-12    0    1.10316e-12    0.00308507    0.00308507 
0.220639    5e-12    6.10203e-12    0    1.10203e-12    0.00308507    0.00308507 
0.220152    5e-12    6.10092e-12    0    1.10092e-12    0.00308507    0.00308507 
0.219668    5e-12    6.0998e-12    0    1.0998e-12    0.00308507    0.00308507 
0.219186    5e-12    6.0987e-12    0    1.0987e-12    0.00308507    0.00308507 
0.218706    5e-12    6.0976e-12    0    1.0976e-12    0.00308507    0.00308507 
0.218229    5e-12    6.09651e-12    0    1.09651e-12    0.00308507    0.00308507 
0.217753    5e-12    6.09542e-12    0    1.09542e-12    0.00308507    0.00308507 
0.217279    5e-12    6.09434e-12    0    1.09434e-12    0.00308507    0.00308507 
0.216808    5e-12    6.09327e-12    0    1.09327e-12    0.00308507    0.00308507 
0.216338    5e-12    6.0922e-12    0    1.0922e-12    0.00308507    0.00308507 
0.215871    5e-12    6.09113e-12    0    1.09113e-12    0.00308507    0.00308507 
0.215405    5e-12    6.09008e-12    0    1.09008e-12    0.00308507    0.00308507 
0.214942    5e-12    6.08903e-12    0    1.08903e-12    0.00308507    0.00308507 
0.21448    5e-12    6.08798e-12    0    1.08798e-12    0.00308507    0.00308507 
0.214021    5e-12    6.08694e-12    0    1.08694e-12    0.00308507    0.00308507 
0.213563    5e-12    6.0859e-12    0    1.0859e-12    0.00308507    0.00308507 
0.213108    5e-12    6.08487e-12    0    1.08487e-12    0.00308507    0.00308507 
0.212654    5e-12    6.08385e-12    0    1.08385e-12    0.00308507    0.00308507 
0.212202    5e-12    6.08283e-12    0    1.08283e-12    0.00308507    0.00308507 
0.211753    5e-12    6.08182e-12    0    1.08182e-12    0.00308507    0.00308507 
0.211305    5e-12    6.08081e-12    0    1.08081e-12    0.00308507    0.00308507 
0.210859    5e-12    6.07981e-12    0    1.07981e-12    0.00308507    0.00308507 
0.210415    5e-12    6.07881e-12    0    1.07881e-12    0.00308507    0.00308507 
0.209972    5e-12    6.07782e-12    0    1.07782e-12    0.00308507    0.00308507 
0.209532    5e-12    6.07683e-12    0    1.07683e-12    0.00308507    0.00308507 
0.209093    5e-12    6.07585e-12    0    1.07585e-12    0.00308507    0.00308507 
0.208657    5e-12    6.07488e-12    0    1.07488e-12    0.00308507    0.00308507 
0.208222    5e-12    6.07391e-12    0    1.07391e-12    0.00308507    0.00308507 
0.207789    5e-12    6.07294e-12    0    1.07294e-12    0.00308507    0.00308507 
0.207357    5e-12    6.07198e-12    0    1.07198e-12    0.00308507    0.00308507 
0.206928    5e-12    6.07102e-12    0    1.07102e-12    0.00308507    0.00308507 
0.2065    5e-12    6.07007e-12    0    1.07007e-12    0.00308507    0.00308507 
0.206074    5e-12    6.06912e-12    0    1.06912e-12    0.00308507    0.00308507 
0.20565    5e-12    6.06818e-12    0    1.06818e-12    0.00308507    0.00308507 
0.205228    5e-12    6.06725e-12    0    1.06725e-12    0.00308507    0.00308507 
0.204807    5e-12    6.06631e-12    0    1.06631e-12    0.00308507    0.00308507 
0.204388    5e-12    6.06539e-12    0    1.06539e-12    0.00308507    0.00308507 
0.20397    5e-12    6.06446e-12    0    1.06446e-12    0.00308507    0.00308507 
0.203555    5e-12    6.06355e-12    0    1.06355e-12    0.00308507    0.00308507 
0.203141    5e-12    6.06263e-12    0    1.06263e-12    0.00308507    0.00308507 
0.202729    5e-12    6.06173e-12    0    1.06173e-12    0.00308507    0.00308507 
0.202318    5e-12    6.06082e-12    0    1.06082e-12    0.00308507    0.00308507 
0.201909    5e-12    6.05992e-12    0    1.05992e-12    0.00308507    0.00308507 
0.201502    5e-12    6.05903e-12    0    1.05903e-12    0.00308507    0.00308507 
0.201096    5e-12    6.05814e-12    0    1.05814e-12    0.00308507    0.00308507 
0.200692    5e-12    6.05725e-12    0    1.05725e-12    0.00308507    0.00308507 
0.20029    5e-12    6.05637e-12    0    1.05637e-12    0.00308507    0.00308507 
0.199889    5e-12    6.05549e-12    0    1.05549e-12    0.00308507    0.00308507 
0.19949    5e-12    6.05462e-12    0    1.05462e-12    0.00308507    0.00308507 
0.199093    5e-12    6.05375e-12    0    1.05375e-12    0.00308507    0.00308507 
0.198697    5e-12    6.05288e-12    0    1.05288e-12    0.00308507    0.00308507 
0.198302    5e-12    6.05202e-12    0    1.05202e-12    0.00308507    0.00308507 
0.197909    5e-12    6.05117e-12    0    1.05117e-12    0.00308507    0.00308507 
0.197518    5e-12    6.05032e-12    0    1.05032e-12    0.00308507    0.00308507 
0.197128    5e-12    6.04947e-12    0    1.04947e-12    0.00308507    0.00308507 
0.19674    5e-12    6.04863e-12    0    1.04863e-12    0.00308507    0.00308507 
0.196353    5e-12    6.04779e-12    0    1.04779e-12    0.00308507    0.00308507 
0.195968    5e-12    6.04695e-12    0    1.04695e-12    0.00308507    0.00308507 
0.195584    5e-12    6.04612e-12    0    1.04612e-12    0.00308507    0.00308507 
0.195202    5e-12    6.04529e-12    0    1.04529e-12    0.00308507    0.00308507 
0.194822    5e-12    6.04447e-12    0    1.04447e-12    0.00308507    0.00308507 
0.194442    5e-12    6.04365e-12    0    1.04365e-12    0.00308507    0.00308507 
0.194065    5e-12    6.04283e-12    0    1.04283e-12    0.00308507    0.00308507 
0.193688    5e-12    6.04202e-12    0    1.04202e-12    0.00308507    0.00308507 
0.193314    5e-12    6.04121e-12    0    1.04121e-12    0.00308507    0.00308507 
0.19294    5e-12    6.04041e-12    0    1.04041e-12    0.00308507    0.00308507 
0.192568    5e-12    6.03961e-12    0    1.03961e-12    0.00308507    0.00308507 
0.192198    5e-12    6.03881e-12    0    1.03881e-12    0.00308507    0.00308507 
0.191829    5e-12    6.03802e-12    0    1.03802e-12    0.00308507    0.00308507 
0.191461    5e-12    6.03723e-12    0    1.03723e-12    0.00308507    0.00308507 
0.191095    5e-12    6.03645e-12    0    1.03645e-12    0.00308507    0.00308507 
0.19073    5e-12    6.03566e-12    0    1.03566e-12    0.00308507    0.00308507 
0.190367    5e-12    6.03489e-12    0    1.03489e-12    0.00308507    0.00308507 
0.190005    5e-12    6.03411e-12    0    1.03411e-12    0.00308507    0.00308507 
0.189644    5e-12    6.03334e-12    0    1.03334e-12    0.00308507    0.00308507 
0.189285    5e-12    6.03257e-12    0    1.03257e-12    0.00308507    0.00308507 
0.188927    5e-12    6.03181e-12    0    1.03181e-12    0.00308507    0.00308507 
0.18857    5e-12    6.03105e-12    0    1.03105e-12    0.00308507    0.00308507 
0.188215    5e-12    6.03029e-12    0    1.03029e-12    0.00308507    0.00308507 
0.187861    5e-12    6.02954e-12    0    1.02954e-12    0.00308507    0.00308507 
0.187508    5e-12    6.02879e-12    0    1.02879e-12    0.00308507    0.00308507 
0.187157    5e-12    6.02805e-12    0    1.02805e-12    0.00308507    0.00308507 
0.186807    5e-12    6.0273e-12    0    1.0273e-12    0.00308507    0.00308507 
0.186458    5e-12    6.02656e-12    0    1.02656e-12    0.00308507    0.00308507 
0.186111    5e-12    6.02583e-12    0    1.02583e-12    0.00308507    0.00308507 
0.185765    5e-12    6.0251e-12    0    1.0251e-12    0.00308507    0.00308507 
0.18542    5e-12    6.02437e-12    0    1.02437e-12    0.00308507    0.00308507 
0.185077    5e-12    6.02364e-12    0    1.02364e-12    0.00308507    0.00308507 
0.184734    5e-12    6.02292e-12    0    1.02292e-12    0.00308507    0.00308507 
0.184393    5e-12    6.0222e-12    0    1.0222e-12    0.00308507    0.00308507 
0.184054    5e-12    6.02148e-12    0    1.02148e-12    0.00308507    0.00308507 
0.183715    5e-12    6.02077e-12    0    1.02077e-12    0.00308507    0.00308507 
0.183378    5e-12    6.02006e-12    0    1.02006e-12    0.00308507    0.00308507 
0.183042    5e-12    6.01935e-12    0    1.01935e-12    0.00308507    0.00308507 
0.182707    5e-12    6.01865e-12    0    1.01865e-12    0.00308507    0.00308507 
0.182374    5e-12    6.01795e-12    0    1.01795e-12    0.00308507    0.00308507 
0.182041    5e-12    6.01725e-12    0    1.01725e-12    0.00308507    0.00308507 
0.18171    5e-12    6.01656e-12    0    1.01656e-12    0.00308507    0.00308507 
0.18138    5e-12    6.01586e-12    0    1.01586e-12    0.00308507    0.00308507 
0.181052    5e-12    6.01518e-12    0    1.01518e-12    0.00308507    0.00308507 
0.180724    5e-12    6.01449e-12    0    1.01449e-12    0.00308507    0.00308507 
0.180398    5e-12    6.01381e-12    0    1.01381e-12    0.00308507    0.00308507 
0.180072    5e-12    6.01313e-12    0    1.01313e-12    0.00308507    0.00308507 
0.179748    5e-12    6.01245e-12    0    1.01245e-12    0.00308507    0.00308507 
0.179426    5e-12    6.01178e-12    0    1.01178e-12    0.00308507    0.00308507 
0.179104    5e-12    6.01111e-12    0    1.01111e-12    0.00308507    0.00308507 
0.178783    5e-12    6.01044e-12    0    1.01044e-12    0.00308507    0.00308507 
0.178464    5e-12    6.00978e-12    0    1.00978e-12    0.00308507    0.00308507 
0.178146    5e-12    6.00912e-12    0    1.00912e-12    0.00308507    0.00308507 
0.177829    5e-12    6.00846e-12    0    1.00846e-12    0.00308507    0.00308507 
0.177513    5e-12    6.0078e-12    0    1.0078e-12    0.00308507    0.00308507 
0.177198    5e-12    6.00715e-12    0    1.00715e-12    0.00308507    0.00308507 
0.176884    5e-12    6.0065e-12    0    1.0065e-12    0.00308507    0.00308507 
0.176571    5e-12    6.00585e-12    0    1.00585e-12    0.00308507    0.00308507 
0.17626    5e-12    6.00521e-12    0    1.00521e-12    0.00308507    0.00308507 
0.175949    5e-12    6.00456e-12    0    1.00456e-12    0.00308507    0.00308507 
0.17564    5e-12    6.00392e-12    0    1.00392e-12    0.00308507    0.00308507 
0.175332    5e-12    6.00329e-12    0    1.00329e-12    0.00308507    0.00308507 
0.175025    5e-12    6.00265e-12    0    1.00265e-12    0.00308507    0.00308507 
0.174719    5e-12    6.00202e-12    0    1.00202e-12    0.00308507    0.00308507 
0.174414    5e-12    6.00139e-12    0    1.00139e-12    0.00308507    0.00308507 
0.17411    5e-12    6.00077e-12    0    1.00077e-12    0.00308507    0.00308507 
0.173807    5e-12    6.00014e-12    0    1.00014e-12    0.00308507    0.00308507 
0.173505    5e-12    5.99952e-12    0    9.99523e-13    0.00308507    0.00308507 
0.173204    5e-12    5.9989e-12    0    9.98904e-13    0.00308507    0.00308507 
0.172904    5e-12    5.99829e-12    0    9.98289e-13    0.00308507    0.00308507 
0.172605    5e-12    5.99768e-12    0    9.97676e-13    0.00308507    0.00308507 
0.172308    5e-12    5.99707e-12    0    9.97065e-13    0.00308507    0.00308507 
0.172011    5e-12    5.99646e-12    0    9.96457e-13    0.00308507    0.00308507 
0.171715    5e-12    5.99585e-12    0    9.95852e-13    0.00308507    0.00308507 
0.171421    5e-12    5.99525e-12    0    9.95249e-13    0.00308507    0.00308507 
0.171127    5e-12    5.99465e-12    0    9.94648e-13    0.00308507    0.00308507 
0.170834    5e-12    5.99405e-12    0    9.9405e-13    0.00308507    0.00308507 
0.170543    5e-12    5.99345e-12    0    9.93455e-13    0.00308507    0.00308507 
0.170252    5e-12    5.99286e-12    0    9.92862e-13    0.00308507    0.00308507 
0.169963    5e-12    5.99227e-12    0    9.92271e-13    0.00308507    0.00308507 
0.169674    5e-12    5.99168e-12    0    9.91683e-13    0.00308507    0.00308507 
0.169386    5e-12    5.9911e-12    0    9.91097e-13    0.00308507    0.00308507 
0.169099    5e-12    5.99051e-12    0    9.90513e-13    0.00308507    0.00308507 
0.168814    5e-12    5.98993e-12    0    9.89932e-13    0.00308507    0.00308507 
0.168529    5e-12    5.98935e-12    0    9.89353e-13    0.00308507    0.00308507 
0.168245    5e-12    5.98878e-12    0    9.88777e-13    0.00308507    0.00308507 
0.167962    5e-12    5.9882e-12    0    9.88202e-13    0.00308507    0.00308507 
0.16768    5e-12    5.98763e-12    0    9.87631e-13    0.00308507    0.00308507 
0.167399    5e-12    5.98706e-12    0    9.87061e-13    0.00308507    0.00308507 
0.167119    5e-12    5.98649e-12    0    9.86494e-13    0.00308507    0.00308507 
0.16684    5e-12    5.98593e-12    0    9.85929e-13    0.00308507    0.00308507 
0.166562    5e-12    5.98537e-12    0    9.85366e-13    0.00308507    0.00308507 
0.166285    5e-12    5.98481e-12    0    9.84805e-13    0.00308507    0.00308507 
0.166008    5e-12    5.98425e-12    0    9.84247e-13    0.00308507    0.00308507 
0.165733    5e-12    5.98369e-12    0    9.83691e-13    0.00308507    0.00308507 
0.165459    5e-12    5.98314e-12    0    9.83137e-13    0.00308507    0.00308507 
0.165185    5e-12    5.98259e-12    0    9.82585e-13    0.00308507    0.00308507 
0.164912    5e-12    5.98204e-12    0    9.82036e-13    0.00308507    0.00308507 
0.16464    5e-12    5.98149e-12    0    9.81489e-13    0.00308507    0.00308507 
0.16437    5e-12    5.98094e-12    0    9.80943e-13    0.00308507    0.00308507 
0.1641    5e-12    5.9804e-12    0    9.804e-13    0.00308507    0.00308507 
0.16383    5e-12    5.97986e-12    0    9.79859e-13    0.00308507    0.00308507 
0.163562    5e-12    5.97932e-12    0    9.7932e-13    0.00308507    0.00308507 
0.163295    5e-12    5.97878e-12    0    9.78784e-13    0.00308507    0.00308507 
0.163028    5e-12    5.97825e-12    0    9.78249e-13    0.00308507    0.00308507 
0.162763    5e-12    5.97772e-12    0    9.77717e-13    0.00308507    0.00308507 
0.162498    5e-12    5.97719e-12    0    9.77186e-13    0.00308507    0.00308507 
0.162234    5e-12    5.97666e-12    0    9.76658e-13    0.00308507    0.00308507 
0.161971    5e-12    5.97613e-12    0    9.76131e-13    0.00308507    0.00308507 
0.161709    5e-12    5.97561e-12    0    9.75607e-13    0.00308507    0.00308507 
0.161448    5e-12    5.97508e-12    0    9.75084e-13    0.00308507    0.00308507 
0.161187    5e-12    5.97456e-12    0    9.74564e-13    0.00308507    0.00308507 
0.160927    5e-12    5.97405e-12    0    9.74046e-13    0.00308507    0.00308507 
0.160669    5e-12    5.97353e-12    0    9.73529e-13    0.00308507    0.00308507 
0.160411    5e-12    5.97301e-12    0    9.73015e-13    0.00308507    0.00308507 
0.160153    5e-12    5.9725e-12    0    9.72502e-13    0.00308507    0.00308507 
0.159897    5e-12    5.97199e-12    0    9.71992e-13    0.00308507    0.00308507 
0.159642    5e-12    5.97148e-12    0    9.71483e-13    0.00308507    0.00308507 
0.159387    5e-12    5.97098e-12    0    9.70977e-13    0.00308507    0.00308507 
0.159133    5e-12    5.97047e-12    0    9.70472e-13    0.00308507    0.00308507 
0.15888    5e-12    5.96997e-12    0    9.69969e-13    0.00308507    0.00308507 
0.158628    5e-12    5.96947e-12    0    9.69468e-13    0.00308507    0.00308507 
0.158376    5e-12    5.96897e-12    0    9.68969e-13    0.00308507    0.00308507 
0.158126    5e-12    5.96847e-12    0    9.68472e-13    0.00308507    0.00308507 
0.157876    5e-12    5.96798e-12    0    9.67977e-13    0.00308507    0.00308507 
0.157627    5e-12    5.96748e-12    0    9.67483e-13    0.00308507    0.00308507 
0.157378    5e-12    5.96699e-12    0    9.66991e-13    0.00308507    0.00308507 
0.157131    5e-12    5.9665e-12    0    9.66502e-13    0.00308507    0.00308507 
0.156884    5e-12    5.96601e-12    0    9.66014e-13    0.00308507    0.00308507 
0.156638    5e-12    5.96553e-12    0    9.65528e-13    0.00308507    0.00308507 
0.156393    5e-12    5.96504e-12    0    9.65043e-13    0.00308507    0.00308507 
0.156148    5e-12    5.96456e-12    0    9.64561e-13    0.00308507    0.00308507 
0.155905    5e-12    5.96408e-12    0    9.6408e-13    0.00308507    0.00308507 
0.155662    5e-12    5.9636e-12    0    9.63601e-13    0.00308507    0.00308507 
0.155419    5e-12    5.96312e-12    0    9.63124e-13    0.00308507    0.00308507 
0.155178    5e-12    5.96265e-12    0    9.62648e-13    0.00308507    0.00308507 
0.154937    5e-12    5.96217e-12    0    9.62174e-13    0.00308507    0.00308507 
0.154697    5e-12    5.9617e-12    0    9.61702e-13    0.00308507    0.00308507 
0.154458    5e-12    5.96123e-12    0    9.61232e-13    0.00308507    0.00308507 
0.15422    5e-12    5.96076e-12    0    9.60763e-13    0.00308507    0.00308507 
0.153982    5e-12    5.9603e-12    0    9.60297e-13    0.00308507    0.00308507 
0.153745    5e-12    5.95983e-12    0    9.59831e-13    0.00308507    0.00308507 
0.153509    5e-12    5.95937e-12    0    9.59368e-13    0.00308507    0.00308507 
0.153273    5e-12    5.95891e-12    0    9.58906e-13    0.00308507    0.00308507 
0.153039    5e-12    5.95845e-12    0    9.58446e-13    0.00308507    0.00308507 
0.152804    5e-12    5.95799e-12    0    9.57987e-13    0.00308507    0.00308507 
0.152571    5e-12    5.95753e-12    0    9.57531e-13    0.00308507    0.00308507 
0.152338    5e-12    5.95708e-12    0    9.57075e-13    0.00308507    0.00308507 
0.152107    5e-12    5.95662e-12    0    9.56622e-13    0.00308507    0.00308507 
0.151875    5e-12    5.95617e-12    0    9.5617e-13    0.00308507    0.00308507 
0.151645    5e-12    5.95572e-12    0    9.5572e-13    0.00308507    0.00308507 
0.151415    5e-12    5.95527e-12    0    9.55271e-13    0.00308507    0.00308507 
0.151186    5e-12    5.95482e-12    0    9.54824e-13    0.00308507    0.00308507 
0.150957    5e-12    5.95438e-12    0    9.54378e-13    0.00308507    0.00308507 
0.15073    5e-12    5.95393e-12    0    9.53934e-13    0.00308507    0.00308507 
0.150502    5e-12    5.95349e-12    0    9.53492e-13    0.00308507    0.00308507 
0.150276    5e-12    5.95305e-12    0    9.53051e-13    0.00308507    0.00308507 
0.15005    5e-12    5.95261e-12    0    9.52612e-13    0.00308507    0.00308507 
0.149825    5e-12    5.95217e-12    0    9.52174e-13    0.00308507    0.00308507 
0.149601    5e-12    5.95174e-12    0    9.51738e-13    0.00308507    0.00308507 
0.149377    5e-12    5.9513e-12    0    9.51303e-13    0.00308507    0.00308507 
0.149154    5e-12    5.95087e-12    0    9.5087e-13    0.00308507    0.00308507 
0.148932    5e-12    5.95044e-12    0    9.50439e-13    0.00308507    0.00308507 
0.14871    5e-12    5.95001e-12    0    9.50009e-13    0.00308507    0.00308507 
0.148489    5e-12    5.94958e-12    0    9.4958e-13    0.00308507    0.00308507 
0.148269    5e-12    5.94915e-12    0    9.49153e-13    0.00308507    0.00308507 
0.148049    5e-12    5.94873e-12    0    9.48727e-13    0.00308507    0.00308507 
0.14783    5e-12    5.9483e-12    0    9.48303e-13    0.00308507    0.00308507 
0.147611    5e-12    5.94788e-12    0    9.47881e-13    0.00308507    0.00308507 
0.147394    5e-12    5.94746e-12    0    9.47459e-13    0.00308507    0.00308507 
0.147177    5e-12    5.94704e-12    0    9.4704e-13    0.00308507    0.00308507 
0.14696    5e-12    5.94662e-12    0    9.46621e-13    0.00308507    0.00308507 
0.146744    5e-12    5.9462e-12    0    9.46205e-13    0.00308507    0.00308507 
0.146529    5e-12    5.94579e-12    0    9.45789e-13    0.00308507    0.00308507 
0.146314    5e-12    5.94538e-12    0    9.45375e-13    0.00308507    0.00308507 
0.1461    5e-12    5.94496e-12    0    9.44963e-13    0.00308507    0.00308507 
0.145887    5e-12    5.94455e-12    0    9.44551e-13    0.00308507    0.00308507 
0.145674    5e-12    5.94414e-12    0    9.44142e-13    0.00308507    0.00308507 
0.145462    5e-12    5.94373e-12    0    9.43733e-13    0.00308507    0.00308507 
0.145251    5e-12    5.94333e-12    0    9.43326e-13    0.00308507    0.00308507 
0.14504    5e-12    5.94292e-12    0    9.42921e-13    0.00308507    0.00308507 
0.14483    5e-12    5.94252e-12    0    9.42517e-13    0.00308507    0.00308507 
0.14462    5e-12    5.94211e-12    0    9.42114e-13    0.00308507    0.00308507 
0.144411    5e-12    5.94171e-12    0    9.41712e-13    0.00308507    0.00308507 
0.144202    5e-12    5.94131e-12    0    9.41312e-13    0.00308507    0.00308507 
0.143994    5e-12    5.94091e-12    0    9.40913e-13    0.00308507    0.00308507 
0.143787    5e-12    5.94052e-12    0    9.40516e-13    0.00308507    0.00308507 
0.143581    5e-12    5.94012e-12    0    9.4012e-13    0.00308507    0.00308507 
0.143375    5e-12    5.93973e-12    0    9.39725e-13    0.00308507    0.00308507 
0.143169    5e-12    5.93933e-12    0    9.39332e-13    0.00308507    0.00308507 
0.142964    5e-12    5.93894e-12    0    9.38939e-13    0.00308507    0.00308507 
0.14276    5e-12    5.93855e-12    0    9.38549e-13    0.00308507    0.00308507 
0.142556    5e-12    5.93816e-12    0    9.38159e-13    0.00308507    0.00308507 
0.142353    5e-12    5.93777e-12    0    9.37771e-13    0.00308507    0.00308507 
0.14215    5e-12    5.93738e-12    0    9.37384e-13    0.00308507    0.00308507 
0.141948    5e-12    5.937e-12    0    9.36998e-13    0.00308507    0.00308507 
0.141747    5e-12    5.93661e-12    0    9.36614e-13    0.00308507    0.00308507 
0.141546    5e-12    5.93623e-12    0    9.36231e-13    0.00308507    0.00308507 
0.141346    5e-12    5.93585e-12    0    9.35849e-13    0.00308507    0.00308507 
0.141146    5e-12    5.93547e-12    0    9.35468e-13    0.00308507    0.00308507 
0.140947    5e-12    5.93509e-12    0    9.35089e-13    0.00308507    0.00308507 
0.140749    5e-12    5.93471e-12    0    9.34711e-13    0.00308507    0.00308507 
0.140551    5e-12    5.93433e-12    0    9.34334e-13    0.00308507    0.00308507 
0.140353    5e-12    5.93396e-12    0    9.33958e-13    0.00308507    0.00308507 
0.140156    5e-12    5.93358e-12    0    9.33584e-13    0.00308507    0.00308507 
0.13996    5e-12    5.93321e-12    0    9.33211e-13    0.00308507    0.00308507 
0.139764    5e-12    5.93284e-12    0    9.32839e-13    0.00308507    0.00308507 
0.139569    5e-12    5.93247e-12    0    9.32468e-13    0.00308507    0.00308507 
0.139374    5e-12    5.9321e-12    0    9.32098e-13    0.00308507    0.00308507 
0.13918    5e-12    5.93173e-12    0    9.3173e-13    0.00308507    0.00308507 
0.138986    5e-12    5.93136e-12    0    9.31363e-13    0.00308507    0.00308507 
0.138793    5e-12    5.931e-12    0    9.30997e-13    0.00308507    0.00308507 
0.138601    5e-12    5.93063e-12    0    9.30632e-13    0.00308507    0.00308507 
0.138408    5e-12    5.93027e-12    0    9.30268e-13    0.00308507    0.00308507 
0.138217    5e-12    5.92991e-12    0    9.29906e-13    0.00308507    0.00308507 
0.138026    5e-12    5.92954e-12    0    9.29545e-13    0.00308507    0.00308507 
0.137836    5e-12    5.92918e-12    0    9.29184e-13    0.00308507    0.00308507 
0.137646    5e-12    5.92883e-12    0    9.28825e-13    0.00308507    0.00308507 
0.137456    5e-12    5.92847e-12    0    9.28468e-13    0.00308507    0.00308507 
0.137267    5e-12    5.92811e-12    0    9.28111e-13    0.00308507    0.00308507 
0.137079    5e-12    5.92776e-12    0    9.27755e-13    0.00308507    0.00308507 
0.136891    5e-12    5.9274e-12    0    9.27401e-13    0.00308507    0.00308507 
0.136704    5e-12    5.92705e-12    0    9.27048e-13    0.00308507    0.00308507 
0.136517    5e-12    5.9267e-12    0    9.26695e-13    0.00308507    0.00308507 
0.136331    5e-12    5.92634e-12    0    9.26344e-13    0.00308507    0.00308507 
0.136145    5e-12    5.92599e-12    0    9.25994e-13    0.00308507    0.00308507 
0.13596    5e-12    5.92565e-12    0    9.25645e-13    0.00308507    0.00308507 
0.135775    5e-12    5.9253e-12    0    9.25298e-13    0.00308507    0.00308507 
0.135591    5e-12    5.92495e-12    0    9.24951e-13    0.00308507    0.00308507 
0.135407    5e-12    5.92461e-12    0    9.24605e-13    0.00308507    0.00308507 
0.135224    5e-12    5.92426e-12    0    9.24261e-13    0.00308507    0.00308507 
0.135041    5e-12    5.92392e-12    0    9.23917e-13    0.00308507    0.00308507 
0.134858    5e-12    5.92358e-12    0    9.23575e-13    0.00308507    0.00308507 
0.134677    5e-12    5.92323e-12    0    9.23234e-13    0.00308507    0.00308507 
0.134495    5e-12    5.92289e-12    0    9.22894e-13    0.00308507    0.00308507 
0.134315    5e-12    5.92255e-12    0    9.22554e-13    0.00308507    0.00308507 
0.134134    5e-12    5.92222e-12    0    9.22216e-13    0.00308507    0.00308507 
0.133954    5e-12    5.92188e-12    0    9.21879e-13    0.00308507    0.00308507 
0.133775    5e-12    5.92154e-12    0    9.21543e-13    0.00308507    0.00308507 
0.133596    5e-12    5.92121e-12    0    9.21208e-13    0.00308507    0.00308507 
0.133418    5e-12    5.92087e-12    0    9.20874e-13    0.00308507    0.00308507 
0.13324    5e-12    5.92054e-12    0    9.20541e-13    0.00308507    0.00308507 
0.133062    5e-12    5.92021e-12    0    9.20209e-13    0.00308507    0.00308507 
0.132885    5e-12    5.91988e-12    0    9.19878e-13    0.00308507    0.00308507 
0.132709    5e-12    5.91955e-12    0    9.19549e-13    0.00308507    0.00308507 
0.132533    5e-12    5.91922e-12    0    9.1922e-13    0.00308507    0.00308507 
0.132357    5e-12    5.91889e-12    0    9.18892e-13    0.00308507    0.00308507 
0.132182    5e-12    5.91857e-12    0    9.18565e-13    0.00308507    0.00308507 
0.132007    5e-12    5.91824e-12    0    9.18239e-13    0.00308507    0.00308507 
0.131833    5e-12    5.91791e-12    0    9.17914e-13    0.00308507    0.00308507 
0.131659    5e-12    5.91759e-12    0    9.1759e-13    0.00308507    0.00308507 
0.131486    5e-12    5.91727e-12    0    9.17268e-13    0.00308507    0.00308507 
0.131313    5e-12    5.91695e-12    0    9.16946e-13    0.00308507    0.00308507 
0.131141    5e-12    5.91662e-12    0    9.16625e-13    0.00308507    0.00308507 
0.130969    5e-12    5.9163e-12    0    9.16305e-13    0.00308507    0.00308507 
0.130797    5e-12    5.91599e-12    0    9.15986e-13    0.00308507    0.00308507 
0.130626    5e-12    5.91567e-12    0    9.15668e-13    0.00308507    0.00308507 
0.130456    5e-12    5.91535e-12    0    9.15351e-13    0.00308507    0.00308507 
0.130286    5e-12    5.91503e-12    0    9.15035e-13    0.00308507    0.00308507 
0.130116    5e-12    5.91472e-12    0    9.14719e-13    0.00308507    0.00308507 
0.129947    5e-12    5.91441e-12    0    9.14405e-13    0.00308507    0.00308507 
0.129778    5e-12    5.91409e-12    0    9.14092e-13    0.00308507    0.00308507 
0.12961    5e-12    5.91378e-12    0    9.13779e-13    0.00308507    0.00308507 
0.129442    5e-12    5.91347e-12    0    9.13468e-13    0.00308507    0.00308507 
0.129274    5e-12    5.91316e-12    0    9.13157e-13    0.00308507    0.00308507 
0.129107    5e-12    5.91285e-12    0    9.12848e-13    0.00308507    0.00308507 
0.12894    5e-12    5.91254e-12    0    9.12539e-13    0.00308507    0.00308507 
0.128774    5e-12    5.91223e-12    0    9.12231e-13    0.00308507    0.00308507 
0.128608    5e-12    5.91192e-12    0    9.11925e-13    0.00308507    0.00308507 
0.128443    5e-12    5.91162e-12    0    9.11619e-13    0.00308507    0.00308507 
0.128278    5e-12    5.91131e-12    0    9.11314e-13    0.00308507    0.00308507 
0.128114    5e-12    5.91101e-12    0    9.1101e-13    0.00308507    0.00308507 
0.12795    5e-12    5.91071e-12    0    9.10706e-13    0.00308507    0.00308507 
0.127786    5e-12    5.9104e-12    0    9.10404e-13    0.00308507    0.00308507 
0.127623    5e-12    5.9101e-12    0    9.10103e-13    0.00308507    0.00308507 
0.12746    5e-12    5.9098e-12    0    9.09802e-13    0.00308507    0.00308507 
0.127297    5e-12    5.9095e-12    0    9.09502e-13    0.00308507    0.00308507 
0.127135    5e-12    5.9092e-12    0    9.09203e-13    0.00308507    0.00308507 
0.126974    5e-12    5.90891e-12    0    9.08905e-13    0.00308507    0.00308507 
0.126813    5e-12    5.90861e-12    0    9.08608e-13    0.00308507    0.00308507 
0.126652    5e-12    5.90831e-12    0    9.08312e-13    0.00308507    0.00308507 
0.126491    5e-12    5.90802e-12    0    9.08017e-13    0.00308507    0.00308507 
0.126332    5e-12    5.90772e-12    0    9.07722e-13    0.00308507    0.00308507 
0.126172    5e-12    5.90743e-12    0    9.07429e-13    0.00308507    0.00308507 
0.126013    5e-12    5.90714e-12    0    9.07136e-13    0.00308507    0.00308507 
0.125854    5e-12    5.90684e-12    0    9.06844e-13    0.00308507    0.00308507 
0.125696    5e-12    5.90655e-12    0    9.06553e-13    0.00308507    0.00308507 
0.125538    5e-12    5.90626e-12    0    9.06263e-13    0.00308507    0.00308507 
0.12538    5e-12    5.90597e-12    0    9.05973e-13    0.00308507    0.00308507 
0.125223    5e-12    5.90568e-12    0    9.05685e-13    0.00308507    0.00308507 
0.125066    5e-12    5.9054e-12    0    9.05397e-13    0.00308507    0.00308507 
0.12491    5e-12    5.90511e-12    0    9.0511e-13    0.00308507    0.00308507 
0.124754    5e-12    5.90482e-12    0    9.04824e-13    0.00308507    0.00308507 
0.124598    5e-12    5.90454e-12    0    9.04538e-13    0.00308507    0.00308507 
0.124443    5e-12    5.90425e-12    0    9.04254e-13    0.00308507    0.00308507 
0.124288    5e-12    5.90397e-12    0    9.0397e-13    0.00308507    0.00308507 
0.124134    5e-12    5.90369e-12    0    9.03687e-13    0.00308507    0.00308507 
0.12398    5e-12    5.90341e-12    0    9.03405e-13    0.00308507    0.00308507 
0.123826    5e-12    5.90312e-12    0    9.03124e-13    0.00308507    0.00308507 
0.123673    5e-12    5.90284e-12    0    9.02843e-13    0.00308507    0.00308507 
0.12352    5e-12    5.90256e-12    0    9.02564e-13    0.00308507    0.00308507 
0.123367    5e-12    5.90228e-12    0    9.02285e-13    0.00308507    0.00308507 
0.123215    5e-12    5.90201e-12    0    9.02007e-13    0.00308507    0.00308507 
0.123063    5e-12    5.90173e-12    0    9.01729e-13    0.00308507    0.00308507 
0.122912    5e-12    5.90145e-12    0    9.01453e-13    0.00308507    0.00308507 
0.122761    5e-12    5.90118e-12    0    9.01177e-13    0.00308507    0.00308507 
0.12261    5e-12    5.9009e-12    0    9.00902e-13    0.00308507    0.00308507 
0.12246    5e-12    5.90063e-12    0    9.00628e-13    0.00308507    0.00308507 
0.12231    5e-12    5.90035e-12    0    9.00354e-13    0.00308507    0.00308507 
0.122161    5e-12    5.90008e-12    0    9.00082e-13    0.00308507    0.00308507 
0.122011    5e-12    5.89981e-12    0    8.9981e-13    0.00308507    0.00308507 
0.121862    5e-12    5.89954e-12    0    8.99538e-13    0.00308507    0.00308507 
0.121714    5e-12    5.89927e-12    0    8.99268e-13    0.00308507    0.00308507 
0.121566    5e-12    5.899e-12    0    8.98998e-13    0.00308507    0.00308507 
0.121418    5e-12    5.89873e-12    0    8.98729e-13    0.00308507    0.00308507 
0.121271    5e-12    5.89846e-12    0    8.98461e-13    0.00308507    0.00308507 
0.121124    5e-12    5.89819e-12    0    8.98194e-13    0.00308507    0.00308507 
0.120977    5e-12    5.89793e-12    0    8.97927e-13    0.00308507    0.00308507 
0.120831    5e-12    5.89766e-12    0    8.97661e-13    0.00308507    0.00308507 
0.120685    5e-12    5.8974e-12    0    8.97396e-13    0.00308507    0.00308507 
0.120539    5e-12    5.89713e-12    0    8.97131e-13    0.00308507    0.00308507 
0.120394    5e-12    5.89687e-12    0    8.96868e-13    0.00308507    0.00308507 
0.120249    5e-12    5.8966e-12    0    8.96605e-13    0.00308507    0.00308507 
0.120104    5e-12    5.89634e-12    0    8.96342e-13    0.00308507    0.00308507 
0.11996    5e-12    5.89608e-12    0    8.96081e-13    0.00308507    0.00308507 
0.119816    5e-12    5.89582e-12    0    8.9582e-13    0.00308507    0.00308507 
0.119673    5e-12    5.89556e-12    0    8.95559e-13    0.00308507    0.00308507 
0.11953    5e-12    5.8953e-12    0    8.953e-13    0.00308507    0.00308507 
0.119387    5e-12    5.89504e-12    0    8.95041e-13    0.00308507    0.00308507 
0.119244    5e-12    5.89478e-12    0    8.94783e-13    0.00308507    0.00308507 
0.119102    5e-12    5.89453e-12    0    8.94526e-13    0.00308507    0.00308507 
0.11896    5e-12    5.89427e-12    0    8.94269e-13    0.00308507    0.00308507 
0.118819    5e-12    5.89401e-12    0    8.94013e-13    0.00308507    0.00308507 
0.118678    5e-12    5.89376e-12    0    8.93758e-13    0.00308507    0.00308507 
0.118537    5e-12    5.8935e-12    0    8.93503e-13    0.00308507    0.00308507 
0.118396    5e-12    5.89325e-12    0    8.93249e-13    0.00308507    0.00308507 
0.118256    5e-12    5.893e-12    0    8.92996e-13    0.00308507    0.00308507 
0.118116    5e-12    5.89274e-12    0    8.92743e-13    0.00308507    0.00308507 
0.117977    5e-12    5.89249e-12    0    8.92492e-13    0.00308507    0.00308507 
0.117838    5e-12    5.89224e-12    0    8.9224e-13    0.00308507    0.00308507 
0.117699    5e-12    5.89199e-12    0    8.9199e-13    0.00308507    0.00308507 
0.11756    5e-12    5.89174e-12    0    8.9174e-13    0.00308507    0.00308507 
0.117422    5e-12    5.89149e-12    0    8.91491e-13    0.00308507    0.00308507 
0.117284    5e-12    5.89124e-12    0    8.91242e-13    0.00308507    0.00308507 
0.117147    5e-12    5.89099e-12    0    8.90994e-13    0.00308507    0.00308507 
0.11701    5e-12    5.89075e-12    0    8.90747e-13    0.00308507    0.00308507 
0.116873    5e-12    5.8905e-12    0    8.90501e-13    0.00308507    0.00308507 
0.116736    5e-12    5.89025e-12    0    8.90255e-13    0.00308507    0.00308507 
0.1166    5e-12    5.89001e-12    0    8.9001e-13    0.00308507    0.00308507 
0.116464    5e-12    5.88976e-12    0    8.89765e-13    0.00308507    0.00308507 
0.116328    5e-12    5.88952e-12    0    8.89521e-13    0.00308507    0.00308507 
0.116193    5e-12    5.88928e-12    0    8.89278e-13    0.00308507    0.00308507 
0.116058    5e-12    5.88903e-12    0    8.89035e-13    0.00308507    0.00308507 
0.115923    5e-12    5.88879e-12    0    8.88793e-13    0.00308507    0.00308507 
0.115789    5e-12    5.88855e-12    0    8.88552e-13    0.00308507    0.00308507 
0.115655    5e-12    5.88831e-12    0    8.88311e-13    0.00308507    0.00308507 
0.115521    5e-12    5.88807e-12    0    8.88071e-13    0.00308507    0.00308507 
0.115388    5e-12    5.88783e-12    0    8.87831e-13    0.00308507    0.00308507 
0.115255    5e-12    5.88759e-12    0    8.87592e-13    0.00308507    0.00308507 
0.115122    5e-12    5.88735e-12    0    8.87354e-13    0.00308507    0.00308507 
0.114989    5e-12    5.88712e-12    0    8.87116e-13    0.00308507    0.00308507 
0.114857    5e-12    5.88688e-12    0    8.86879e-13    0.00308507    0.00308507 
0.114725    5e-12    5.88664e-12    0    8.86643e-13    0.00308507    0.00308507 
0.114594    5e-12    5.88641e-12    0    8.86407e-13    0.00308507    0.00308507 
0.114462    5e-12    5.88617e-12    0    8.86172e-13    0.00308507    0.00308507 
0.114331    5e-12    5.88594e-12    0    8.85938e-13    0.00308507    0.00308507 
0.114201    5e-12    5.8857e-12    0    8.85704e-13    0.00308507    0.00308507 
0.11407    5e-12    5.88547e-12    0    8.8547e-13    0.00308507    0.00308507 
0.11394    5e-12    5.88524e-12    0    8.85238e-13    0.00308507    0.00308507 
0.11381    5e-12    5.88501e-12    0    8.85005e-13    0.00308507    0.00308507 
0.113681    5e-12    5.88477e-12    0    8.84774e-13    0.00308507    0.00308507 
0.113552    5e-12    5.88454e-12    0    8.84543e-13    0.00308507    0.00308507 
0.113423    5e-12    5.88431e-12    0    8.84313e-13    0.00308507    0.00308507 
0.113294    5e-12    5.88408e-12    0    8.84083e-13    0.00308507    0.00308507 
0.113166    5e-12    5.88385e-12    0    8.83854e-13    0.00308507    0.00308507 
0.113038    5e-12    5.88363e-12    0    8.83625e-13    0.00308507    0.00308507 
0.11291    5e-12    5.8834e-12    0    8.83397e-13    0.00308507    0.00308507 
0.112782    5e-12    5.88317e-12    0    8.8317e-13    0.00308507    0.00308507 
0.112655    5e-12    5.88294e-12    0    8.82943e-13    0.00308507    0.00308507 
0.112528    5e-12    5.88272e-12    0    8.82717e-13    0.00308507    0.00308507 
0.112402    5e-12    5.88249e-12    0    8.82491e-13    0.00308507    0.00308507 
0.112275    5e-12    5.88227e-12    0    8.82266e-13    0.00308507    0.00308507 
0.112149    5e-12    5.88204e-12    0    8.82041e-13    0.00308507    0.00308507 
0.112024    5e-12    5.88182e-12    0    8.81817e-13    0.00308507    0.00308507 
0.111898    5e-12    5.88159e-12    0    8.81594e-13    0.00308507    0.00308507 
0.111773    5e-12    5.88137e-12    0    8.81371e-13    0.00308507    0.00308507 
0.111648    5e-12    5.88115e-12    0    8.81149e-13    0.00308507    0.00308507 
0.111523    5e-12    5.88093e-12    0    8.80927e-13    0.00308507    0.00308507 
0.111399    5e-12    5.88071e-12    0    8.80706e-13    0.00308507    0.00308507 
0.111275    5e-12    5.88049e-12    0    8.80485e-13    0.00308507    0.00308507 
0.111151    5e-12    5.88027e-12    0    8.80265e-13    0.00308507    0.00308507 
0.111028    5e-12    5.88005e-12    0    8.80046e-13    0.00308507    0.00308507 
0.110904    5e-12    5.87983e-12    0    8.79827e-13    0.00308507    0.00308507 
0.110781    5e-12    5.87961e-12    0    8.79608e-13    0.00308507    0.00308507 
0.110659    5e-12    5.87939e-12    0    8.7939e-13    0.00308507    0.00308507 
0.110536    5e-12    5.87917e-12    0    8.79173e-13    0.00308507    0.00308507 
0.110414    5e-12    5.87896e-12    0    8.78956e-13    0.00308507    0.00308507 
0.110292    5e-12    5.87874e-12    0    8.7874e-13    0.00308507    0.00308507 
0.11017    5e-12    5.87852e-12    0    8.78524e-13    0.00308507    0.00308507 
0.110049    5e-12    5.87831e-12    0    8.78309e-13    0.00308507    0.00308507 
0.109928    5e-12    5.87809e-12    0    8.78095e-13    0.00308507    0.00308507 
0.109807    5e-12    5.87788e-12    0    8.77881e-13    0.00308507    0.00308507 
0.109687    5e-12    5.87767e-12    0    8.77667e-13    0.00308507    0.00308507 
0.109566    5e-12    5.87745e-12    0    8.77454e-13    0.00308507    0.00308507 
0.109446    5e-12    5.87724e-12    0    8.77241e-13    0.00308507    0.00308507 
0.109327    5e-12    5.87703e-12    0    8.77029e-13    0.00308507    0.00308507 
0.109207    5e-12    5.87682e-12    0    8.76818e-13    0.00308507    0.00308507 
0.109088    5e-12    5.87661e-12    0    8.76607e-13    0.00308507    0.00308507 
0.108969    5e-12    5.8764e-12    0    8.76397e-13    0.00308507    0.00308507 
0.10885    5e-12    5.87619e-12    0    8.76187e-13    0.00308507    0.00308507 
0.108732    5e-12    5.87598e-12    0    8.75977e-13    0.00308507    0.00308507 
0.108613    5e-12    5.87577e-12    0    8.75768e-13    0.00308507    0.00308507 
0.108495    5e-12    5.87556e-12    0    8.7556e-13    0.00308507    0.00308507 
0.108378    5e-12    5.87535e-12    0    8.75352e-13    0.00308507    0.00308507 
0.10826    5e-12    5.87514e-12    0    8.75145e-13    0.00308507    0.00308507 
0.108143    5e-12    5.87494e-12    0    8.74938e-13    0.00308507    0.00308507 
0.108026    5e-12    5.87473e-12    0    8.74732e-13    0.00308507    0.00308507 
0.107909    5e-12    5.87453e-12    0    8.74526e-13    0.00308507    0.00308507 
0.107793    5e-12    5.87432e-12    0    8.7432e-13    0.00308507    0.00308507 
0.107677    5e-12    5.87412e-12    0    8.74116e-13    0.00308507    0.00308507 
0.107561    5e-12    5.87391e-12    0    8.73911e-13    0.00308507    0.00308507 
0.107445    5e-12    5.87371e-12    0    8.73707e-13    0.00308507    0.00308507 
0.10733    5e-12    5.8735e-12    0    8.73504e-13    0.00308507    0.00308507 
0.107215    5e-12    5.8733e-12    0    8.73301e-13    0.00308507    0.00308507 
0.1071    5e-12    5.8731e-12    0    8.73099e-13    0.00308507    0.00308507 
0.106985    5e-12    5.8729e-12    0    8.72897e-13    0.00308507    0.00308507 
0.10687    5e-12    5.8727e-12    0    8.72695e-13    0.00308507    0.00308507 
0.106756    5e-12    5.87249e-12    0    8.72494e-13    0.00308507    0.00308507 
0.106642    5e-12    5.87229e-12    0    8.72294e-13    0.00308507    0.00308507 
0.106529    5e-12    5.87209e-12    0    8.72094e-13    0.00308507    0.00308507 
0.106415    5e-12    5.87189e-12    0    8.71895e-13    0.00308507    0.00308507 
0.106302    5e-12    5.8717e-12    0    8.71696e-13    0.00308507    0.00308507 
0.106189    5e-12    5.8715e-12    0    8.71497e-13    0.00308507    0.00308507 
0.106076    5e-12    5.8713e-12    0    8.71299e-13    0.00308507    0.00308507 
0.105964    5e-12    5.8711e-12    0    8.71101e-13    0.00308507    0.00308507 
0.105851    5e-12    5.8709e-12    0    8.70904e-13    0.00308507    0.00308507 
0.105739    5e-12    5.87071e-12    0    8.70708e-13    0.00308507    0.00308507 
0.105628    5e-12    5.87051e-12    0    8.70511e-13    0.00308507    0.00308507 
0.105516    5e-12    5.87032e-12    0    8.70316e-13    0.00308507    0.00308507 
0.105405    5e-12    5.87012e-12    0    8.7012e-13    0.00308507    0.00308507 
0.105294    5e-12    5.86993e-12    0    8.69926e-13    0.00308507    0.00308507 
0.105183    5e-12    5.86973e-12    0    8.69731e-13    0.00308507    0.00308507 
0.105072    5e-12    5.86954e-12    0    8.69537e-13    0.00308507    0.00308507 
0.104962    5e-12    5.86934e-12    0    8.69344e-13    0.00308507    0.00308507 
0.104851    5e-12    5.86915e-12    0    8.69151e-13    0.00308507    0.00308507 
0.104742    5e-12    5.86896e-12    0    8.68958e-13    0.00308507    0.00308507 
0.104632    5e-12    5.86877e-12    0    8.68766e-13    0.00308507    0.00308507 
0.104522    5e-12    5.86857e-12    0    8.68575e-13    0.00308507    0.00308507 
0.104413    5e-12    5.86838e-12    0    8.68383e-13    0.00308507    0.00308507 
0.104304    5e-12    5.86819e-12    0    8.68193e-13    0.00308507    0.00308507 
0.104195    5e-12    5.868e-12    0    8.68002e-13    0.00308507    0.00308507 
0.104087    5e-12    5.86781e-12    0    8.67813e-13    0.00308507    0.00308507 
0.103978    5e-12    5.86762e-12    0    8.67623e-13    0.00308507    0.00308507 
0.10387    5e-12    5.86743e-12    0    8.67434e-13    0.00308507    0.00308507 
0.103762    5e-12    5.86725e-12    0    8.67246e-13    0.00308507    0.00308507 
0.103655    5e-12    5.86706e-12    0    8.67058e-13    0.00308507    0.00308507 
0.103547    5e-12    5.86687e-12    0    8.6687e-13    0.00308507    0.00308507 
0.10344    5e-12    5.86668e-12    0    8.66683e-13    0.00308507    0.00308507 
0.103333    5e-12    5.8665e-12    0    8.66496e-13    0.00308507    0.00308507 
0.103226    5e-12    5.86631e-12    0    8.6631e-13    0.00308507    0.00308507 
0.10312    5e-12    5.86612e-12    0    8.66124e-13    0.00308507    0.00308507 
0.103013    5e-12    5.86594e-12    0    8.65938e-13    0.00308507    0.00308507 
0.102907    5e-12    5.86575e-12    0    8.65753e-13    0.00308507    0.00308507 
0.102801    5e-12    5.86557e-12    0    8.65569e-13    0.00308507    0.00308507 
0.102696    5e-12    5.86538e-12    0    8.65385e-13    0.00308507    0.00308507 
0.10259    5e-12    5.8652e-12    0    8.65201e-13    0.00308507    0.00308507 
0.102485    5e-12    5.86502e-12    0    8.65017e-13    0.00308507    0.00308507 
0.10238    5e-12    5.86483e-12    0    8.64834e-13    0.00308507    0.00308507 
0.102275    5e-12    5.86465e-12    0    8.64652e-13    0.00308507    0.00308507 
0.102171    5e-12    5.86447e-12    0    8.6447e-13    0.00308507    0.00308507 
0.102066    5e-12    5.86429e-12    0    8.64288e-13    0.00308507    0.00308507 
0.101962    5e-12    5.86411e-12    0    8.64107e-13    0.00308507    0.00308507 
0.101858    5e-12    5.86393e-12    0    8.63926e-13    0.00308507    0.00308507 
0.101754    5e-12    5.86375e-12    0    8.63746e-13    0.00308507    0.00308507 
0.101651    5e-12    5.86357e-12    0    8.63566e-13    0.00308507    0.00308507 
0.101547    5e-12    5.86339e-12    0    8.63386e-13    0.00308507    0.00308507 
0.101444    5e-12    5.86321e-12    0    8.63207e-13    0.00308507    0.00308507 
0.101341    5e-12    5.86303e-12    0    8.63028e-13    0.00308507    0.00308507 
0.101239    5e-12    5.86285e-12    0    8.6285e-13    0.00308507    0.00308507 
0.101136    5e-12    5.86267e-12    0    8.62671e-13    0.00308507    0.00308507 
0.101034    5e-12    5.86249e-12    0    8.62494e-13    0.00308507    0.00308507 
0.100932    5e-12    5.86232e-12    0    8.62317e-13    0.00308507    0.00308507 
0.10083    5e-12    5.86214e-12    0    8.6214e-13    0.00308507    0.00308507 
0.100728    5e-12    5.86196e-12    0    8.61963e-13    0.00308507    0.00308507 
0.100627    5e-12    5.86179e-12    0    8.61787e-13    0.00308507    0.00308507 
0.100526    5e-12    5.86161e-12    0    8.61612e-13    0.00308507    0.00308507 
0.100425    5e-12    5.86144e-12    0    8.61437e-13    0.00308507    0.00308507 
0.100324    5e-12    5.86126e-12    0    8.61262e-13    0.00308507    0.00308507 
0.100223    5e-12    5.86109e-12    0    8.61087e-13    0.00308507    0.00308507 
0.100123    5e-12    5.86091e-12    0    8.60913e-13    0.00308507    0.00308507 
0.100022    5e-12    5.86074e-12    0    8.6074e-13    0.00308507    0.00308507 
