6.66667    6.75999e-08    6.75999e-08    6.75949e-08    6.75949e-08    0.00323259    0.00323259 
6.25    2.72148e-08    2.74824e-08    2.72098e-08    2.74774e-08    0.00323459    0.00323459 
5.88235    1.09024e-08    1.11696e-08    1.08974e-08    1.11646e-08    0.00323666    0.00323666 
5.55555    4.34909e-09    4.61312e-09    4.34409e-09    4.60812e-09    0.0032389    0.0032389 
5.26316    1.72885e-09    1.98479e-09    1.72385e-09    1.97979e-09    0.00324121    0.00324121 
5    6.85693e-10    9.26018e-10    6.80693e-10    9.21018e-10    0.00324367    0.00324367 
4.7619    2.71986e-10    4.8888e-10    2.66986e-10    4.8388e-10    0.00324617    0.00324617 
4.54545    1.08507e-10    2.97224e-10    1.03507e-10    2.92224e-10    0.00324893    0.00324893 
4.34782    4.41378e-11    2.04483e-10    3.91378e-11    1.99483e-10    0.00325168    0.00325168 
4.16666    1.8951e-11    1.53982e-10    1.3951e-11    1.48982e-10    0.00325468    0.00325468 
3.99984    9.3156e-12    1.2321e-10    4.3156e-12    1.1821e-10    0.00325778    0.00325778 
3.84601    6.01391e-12    1.02791e-10    1.01391e-12    9.7791e-11    0.0032608    0.0032608 
3.70357    5.17793e-12    8.82769e-11    1.77934e-13    8.32769e-11    0.00326424    0.00326424 
3.5713    5.02758e-12    7.74389e-11    2.75836e-14    7.24389e-11    0.00326754    0.00326754 
3.44816    5.00416e-12    6.90392e-11    4.15729e-15    6.40392e-11    0.00327107    0.00327107 
3.33322    5.00062e-12    6.23386e-11    6.22054e-16    5.73386e-11    0.00327462    0.00327462 
3.2257    5.00009e-12    5.68692e-11    9.27494e-17    5.18692e-11    0.0032784    0.0032784 
3.1249    5.00001e-12    5.23206e-11    1.379e-17    4.73206e-11    0.00328241    0.00328241 
3.03012    5e-12    4.84751e-11    2.04045e-18    4.34751e-11    0.00328614    0.00328614 
2.94092    5e-12    4.51846e-11    3.01233e-19    4.01846e-11    0.00329035    0.00329035 
2.85682    5e-12    4.23372e-11    4.4362e-20    3.73372e-11    0.0032945    0.0032945 
2.77739    5e-12    3.9849e-11    6.51902e-21    3.4849e-11    0.00329887    0.00329887 
2.70226    5e-12    3.76564e-11    9.55838e-22    3.26564e-11    0.00330313    0.00330313 
2.63109    5e-12    3.57098e-11    1.39877e-22    3.07098e-11    0.0033076    0.0033076 
2.56358    5e-12    3.39702e-11    2.04277e-23    2.89702e-11    0.00331191    0.00331191 
2.49944    5e-12    3.24061e-11    2.97807e-24    2.74061e-11    0.00331641    0.00331641 
2.43843    5e-12    3.09924e-11    4.33442e-25    2.59924e-11    0.0033211    0.0033211 
2.38033    5e-12    2.97086e-11    6.29864e-26    2.47086e-11    0.00332599    0.00332599 
2.32493    5e-12    2.85376e-11    9.137e-27    2.35376e-11    0.00333065    0.00333065 
2.27206    5e-12    2.74653e-11    1.32354e-27    2.24653e-11    0.00333548    0.00333548 
2.22153    5e-12    2.64796e-11    1.9146e-28    2.14796e-11    0.00334049    0.00334049 
2.1732    5e-12    2.55706e-11    2.76601e-29    2.05706e-11    0.00334568    0.00334568 
2.12694    5e-12    2.47298e-11    3.98991e-30    1.97298e-11    0.00335055    0.00335055 
2.0826    5e-12    2.39498e-11    5.74845e-31    1.89498e-11    0.00335559    0.00335559 
2.04007    5e-12    2.32243e-11    8.27254e-32    1.82243e-11    0.00336078    0.00336078 
1.99924    5e-12    2.25478e-11    1.18919e-32    1.75478e-11    0.00336613    0.00336613 
1.96002    5e-12    2.19156e-11    1.70767e-33    1.69156e-11    0.00337164    0.00337164 
1.9223    5e-12    2.13234e-11    2.4489e-34    1.63234e-11    0.00337674    0.00337674 
1.88601    5e-12    2.07678e-11    3.50841e-35    1.57678e-11    0.00338197    0.00338197 
1.85106    5e-12    2.02454e-11    5.02158e-36    1.52454e-11    0.00338734    0.00338734 
1.81739    5e-12    1.97533e-11    7.18083e-37    1.47533e-11    0.00339284    0.00339284 
1.78492    5e-12    1.9289e-11    1.02596e-37    1.4289e-11    0.00339848    0.00339848 
1.75359    5e-12    1.88503e-11    1.46404e-38    1.38503e-11    0.00340361    0.00340361 
1.72334    5e-12    1.84352e-11    2.08827e-39    1.34352e-11    0.00340951    0.00340951 
1.69411    5e-12    1.80419e-11    2.97515e-40    1.30419e-11    0.00341487    0.00341487 
1.66586    5e-12    1.76686e-11    4.23543e-41    1.26686e-11    0.00342034    0.00342034 
1.63854    5e-12    1.73139e-11    6.0251e-42    1.23139e-11    0.00342591    0.00342591 
1.6121    5e-12    1.69765e-11    8.56483e-43    1.19765e-11    0.0034316    0.0034316 
1.5865    5e-12    1.66553e-11    1.21667e-43    1.16553e-11    0.00343739    0.00343739 
1.56169    5e-12    1.6349e-11    1.72642e-44    1.1349e-11    0.00344254    0.00344254 
1.53768    5e-12    1.6057e-11    2.454e-45    1.1057e-11    0.00344853    0.00344853 
1.51439    5e-12    1.57781e-11    3.48445e-46    1.07781e-11    0.00345386    0.00345386 
1.4918    5e-12    1.55113e-11    4.94453e-47    1.05113e-11    0.00345927    0.00345927 
1.46987    5e-12    1.52561e-11    7.01541e-48    1.02561e-11    0.00346556    0.00346556 
1.44858    5e-12    1.50116e-11    9.94332e-49    1.00116e-11    0.00347114    0.00347114 
1.4279    5e-12    1.47773e-11    1.40852e-49    9.77727e-12    0.0034768    0.0034768 
1.4078    5e-12    1.45524e-11    1.9932e-50    9.55239e-12    0.00348171    0.00348171 
1.38825    5e-12    1.43365e-11    2.82038e-51    9.3365e-12    0.00348751    0.00348751 
1.36924    5e-12    1.41291e-11    3.98877e-52    9.1291e-12    0.00349339    0.00349339 
1.35075    5e-12    1.39297e-11    5.63557e-53    8.92971e-12    0.00349848    0.00349848 
1.33275    5e-12    1.37379e-11    7.96219e-54    8.73787e-12    0.0035045    0.0035045 
1.31522    5e-12    1.35532e-11    1.12383e-54    8.55316e-12    0.00350971    0.00350971 
1.29814    5e-12    1.33752e-11    1.58629e-55    8.37524e-12    0.00351586    0.00351586 
1.28151    5e-12    1.32038e-11    2.23689e-56    8.20379e-12    0.00352118    0.00352118 
1.26529    5e-12    1.30385e-11    3.1529e-57    8.03845e-12    0.00352656    0.00352656 
1.24948    5e-12    1.28789e-11    4.44205e-58    7.87891e-12    0.00353198    0.00353198 
1.23407    5e-12    1.27249e-11    6.25561e-59    7.72486e-12    0.00353745    0.00353745 
1.21902    5e-12    1.25761e-11    8.80588e-60    7.57608e-12    0.00354297    0.00354297 
1.20434    5e-12    1.24323e-11    1.23907e-60    7.43232e-12    0.00354853    0.00354853 
1.19001    5e-12    1.22933e-11    1.74188e-61    7.29335e-12    0.0035532    0.0035532 
1.17601    5e-12    1.21589e-11    2.44904e-62    7.15891e-12    0.00355885    0.00355885 
1.16234    5e-12    1.20288e-11    3.44196e-63    7.02881e-12    0.00356454    0.00356454 
1.14899    5e-12    1.19029e-11    4.83304e-64    6.90286e-12    0.00356931    0.00356931 
1.13594    5e-12    1.17809e-11    6.78747e-65    6.78091e-12    0.00357507    0.00357507 
1.12318    5e-12    1.16628e-11    9.52365e-66    6.66276e-12    0.00357991    0.00357991 
1.1107    5e-12    1.15482e-11    1.33654e-66    6.54825e-12    0.00358574    0.00358574 
1.0985    5e-12    1.14372e-11    1.874e-67    6.4372e-12    0.00359063    0.00359063 
1.08657    5e-12    1.13295e-11    2.62671e-68    6.32949e-12    0.00359555    0.00359555 
1.07489    5e-12    1.1225e-11    3.68253e-69    6.22501e-12    0.00360148    0.00360148 
1.06346    5e-12    1.11236e-11    5.15823e-70    6.12361e-12    0.00360645    0.00360645 
1.05227    5e-12    1.10252e-11    7.22297e-71    6.02516e-12    0.00361144    0.00361144 
1.04131    5e-12    1.09295e-11    1.0111e-71    5.92952e-12    0.00361646    0.00361646 
1.03058    5e-12    1.08366e-11    1.41494e-72    5.83662e-12    0.00362149    0.00362149 
1.02006    5e-12    1.07464e-11    1.97947e-73    5.74636e-12    0.00362655    0.00362655 
1.00976    5e-12    1.06586e-11    2.76842e-74    5.65863e-12    0.00363163    0.00363163 
0.99967    5e-12    1.05733e-11    3.87069e-75    5.57331e-12    0.00363672    0.00363672 
0.989776    5e-12    1.04903e-11    5.40725e-76    5.49032e-12    0.00364081    0.00364081 
0.980075    5e-12    1.04096e-11    7.55589e-77    5.4096e-12    0.00364594    0.00364594 
0.970563    5e-12    1.03311e-11    1.05554e-77    5.33105e-12    0.00365109    0.00365109 
0.961233    5e-12    1.02546e-11    1.47417e-78    5.25461e-12    0.00365625    0.00365625 
0.952082    5e-12    1.01802e-11    2.05712e-79    5.18019e-12    0.00366039    0.00366039 
0.943103    5e-12    1.01077e-11    2.87145e-80    5.1077e-12    0.00366559    0.00366559 
0.934291    5e-12    1.00371e-11    4.00485e-81    5.03709e-12    0.00366975    0.00366975 
0.925643    5e-12    9.96832e-12    5.58738e-82    4.96832e-12    0.00367497    0.00367497 
0.917154    5e-12    9.90132e-12    7.78889e-83    4.90132e-12    0.00367915    0.00367915 
0.908818    5e-12    9.836e-12    1.08614e-83    4.836e-12    0.0036844    0.0036844 
0.900633    5e-12    9.77232e-12    1.51335e-84    4.77232e-12    0.0036886    0.0036886 
0.892594    5e-12    9.71023e-12    2.10812e-85    4.71023e-12    0.00369281    0.00369281 
0.884697    5e-12    9.64968e-12    2.93762e-86    4.64968e-12    0.00369808    0.00369808 
0.876939    5e-12    9.59063e-12    4.09025e-87    4.59063e-12    0.00370231    0.00370231 
0.869316    5e-12    9.53301e-12    5.69386e-88    4.53301e-12    0.00370655    0.00370655 
0.861824    5e-12    9.47678e-12    7.92443e-89    4.47678e-12    0.00371079    0.00371079 
0.85446    5e-12    9.4219e-12    1.10264e-89    4.4219e-12    0.00371504    0.00371504 
0.847221    5e-12    9.36835e-12    1.53897e-90    4.36835e-12    0.00372539    0.00372539 
0.840103    5e-12    9.31612e-12    2.14866e-91    4.31612e-12    0.00373677    0.00373677 
0.833104    5e-12    9.26514e-12    2.99529e-92    4.26514e-12    0.0037457    0.0037457 
0.826221    5e-12    9.21538e-12    4.17374e-93    4.21538e-12    0.00375424    0.00375424 
0.81945    5e-12    9.16679e-12    5.81287e-94    4.16679e-12    0.00376221    0.00376221 
0.81279    5e-12    9.11936e-12    8.08362e-95    4.11936e-12    0.00376775    0.00376775 
0.806237    5e-12    9.07302e-12    1.12465e-95    4.07302e-12    0.00377452    0.00377452 
0.799789    5e-12    9.02775e-12    1.56379e-96    4.02775e-12    0.00378058    0.00378058 
0.793443    5e-12    8.98349e-12    2.1733e-97    3.98349e-12    0.00378604    0.00378604 
0.787197    5e-12    8.94024e-12    3.01905e-98    3.94024e-12    0.00379103    0.00379103 
0.781049    5e-12    8.89795e-12    4.19252e-99    3.89795e-12    0.00379573    0.00379573 
0.774996    5e-12    8.8566e-12    5.81726e-100    3.8566e-12    0.0037992    0.0037992 
0.769036    5e-12    8.81616e-12    8.07555e-101    3.81616e-12    0.00380393    0.00380393 
0.763167    5e-12    8.77659e-12    1.12103e-101    3.77659e-12    0.00380897    0.00380897 
0.757386    5e-12    8.73789e-12    1.55633e-102    3.73789e-12    0.00381449    0.00381449 
0.751693    5e-12    8.70003e-12    2.15917e-103    3.70003e-12    0.00381904    0.00381904 
0.746085    5e-12    8.66299e-12    2.99836e-104    3.66299e-12    0.00382574    0.00382574 
0.74056    5e-12    8.62675e-12    4.16046e-105    3.62675e-12    0.00383125    0.00383125 
0.735116    5e-12    8.59128e-12    5.77948e-106    3.59128e-12    0.00383925    0.00383925 
0.729751    5e-12    8.55657e-12    8.02076e-107    3.55657e-12    0.00384571    0.00384571 
0.724464    5e-12    8.52261e-12    1.11449e-107    3.52261e-12    0.00385485    0.00385485 
0.719254    5e-12    8.48937e-12    1.54676e-108    3.48937e-12    0.00386202    0.00386202 
0.714117    5e-12    8.45684e-12    2.14933e-109    3.45684e-12    0.00387188    0.00387188 
0.709054    5e-12    8.42499e-12    2.98254e-110    3.42499e-12    0.00387939    0.00387939 
0.704062    5e-12    8.3938e-12    4.14345e-111    3.3938e-12    0.00388941    0.00388941 
0.699139    5e-12    8.36327e-12    5.74763e-112    3.36327e-12    0.00389682    0.00389682 
0.694285    5e-12    8.33337e-12    7.98071e-113    3.33337e-12    0.00390645    0.00390645 
0.689498    5e-12    8.30408e-12    1.10646e-113    3.30408e-12    0.0039134    0.0039134 
0.684777    5e-12    8.27539e-12    1.53356e-114    3.27539e-12    0.00392007    0.00392007 
0.680119    5e-12    8.24727e-12    2.12491e-115    3.24727e-12    0.00392645    0.00392645 
0.675525    5e-12    8.21972e-12    2.94635e-116    3.21972e-12    0.00393449    0.00393449 
0.670992    5e-12    8.19272e-12    4.07989e-117    3.19272e-12    0.00394018    0.00394018 
0.66652    5e-12    8.16625e-12    5.64805e-118    3.16625e-12    0.00394562    0.00394562 
0.662107    5e-12    8.14029e-12    7.8171e-119    3.14029e-12    0.00395085    0.00395085 
0.657752    5e-12    8.11484e-12    1.08261e-119    3.11484e-12    0.00395763    0.00395763 
0.653454    5e-12    8.08988e-12    1.49781e-120    3.08988e-12    0.00396264    0.00396264 
0.649212    5e-12    8.06541e-12    2.072e-121    3.06541e-12    0.00396769    0.00396769 
0.645024    5e-12    8.04139e-12    2.86612e-122    3.04139e-12    0.00397285    0.00397285 
0.64089    5e-12    8.01783e-12    3.96445e-123    3.01783e-12    0.0039782    0.0039782 
0.636809    5e-12    7.99471e-12    5.48371e-124    2.99471e-12    0.0039838    0.0039838 
0.632779    5e-12    7.97204e-12    7.58546e-125    2.97204e-12    0.00398973    0.00398973 
0.6288    5e-12    7.94978e-12    1.04934e-125    2.94978e-12    0.00399603    0.00399603 
0.624871    5e-12    7.92795e-12    1.45173e-126    2.92795e-12    0.00400273    0.00400273 
0.620991    5e-12    7.90651e-12    2.00862e-127    2.90651e-12    0.00400986    0.00400986 
0.617158    5e-12    7.88548e-12    2.77939e-128    2.88548e-12    0.00401743    0.00401743 
0.613373    5e-12    7.86484e-12    3.84628e-129    2.86484e-12    0.00402542    0.00402542 
0.609633    5e-12    7.84458e-12    5.32311e-130    2.84458e-12    0.0040338    0.0040338 
0.605939    5e-12    7.82469e-12    7.36738e-131    2.82469e-12    0.00404253    0.00404253 
0.60229    5e-12    7.80516e-12    1.0197e-131    2.80516e-12    0.00405155    0.00405155 
0.598684    5e-12    7.78599e-12    1.41133e-132    2.78599e-12    0.0040608    0.0040608 
0.595121    5e-12    7.76717e-12    1.95328e-133    2.76717e-12    0.00407019    0.00407019 
0.5916    5e-12    7.74869e-12    2.70311e-134    2.74869e-12    0.00407964    0.00407964 
0.588121    5e-12    7.73054e-12    3.74033e-135    2.73054e-12    0.00408907    0.00408907 
0.584682    5e-12    7.71272e-12    5.16688e-136    2.71272e-12    0.0040953    0.0040953 
0.581284    5e-12    7.69521e-12    7.14713e-137    2.69521e-12    0.00410452    0.00410452 
0.577924    5e-12    7.67801e-12    9.88415e-138    2.67801e-12    0.0041135    0.0041135 
0.574604    5e-12    7.66111e-12    1.36659e-138    2.66111e-12    0.0041222    0.0041222 
0.571321    5e-12    7.64451e-12    1.88895e-139    2.64451e-12    0.00413056    0.00413056 
0.568075    5e-12    7.62819e-12    2.60694e-140    2.62819e-12    0.00413593    0.00413593 
0.564866    5e-12    7.61215e-12    3.60158e-141    2.61215e-12    0.00414366    0.00414366 
0.561694    5e-12    7.59638e-12    4.9743e-142    2.59638e-12    0.00415102    0.00415102 
0.558556    5e-12    7.58087e-12    6.86076e-143    2.58087e-12    0.00415572    0.00415572 
0.555454    5e-12    7.56563e-12    9.47115e-144    2.56563e-12    0.00416248    0.00416248 
0.552385    5e-12    7.55064e-12    1.30716e-144    2.55064e-12    0.00416895    0.00416895 
0.549351    5e-12    7.53589e-12    1.8037e-145    2.53589e-12    0.00417517    0.00417517 
0.54635    5e-12    7.52138e-12    2.48604e-146    2.52138e-12    0.00417922    0.00417922 
0.543381    5e-12    7.50711e-12    3.42937e-147    2.50711e-12    0.00418522    0.00418522 
0.540444    5e-12    7.49307e-12    4.72566e-148    2.49307e-12    0.00418919    0.00418919 
0.537539    5e-12    7.47926e-12    6.51766e-149    2.47926e-12    0.00419519    0.00419519 
0.534665    5e-12    7.46567e-12    8.98892e-150    2.46567e-12    0.00420131    0.00420131 
0.531822    5e-12    7.45229e-12    1.23847e-150    2.45229e-12    0.00420551    0.00420551 
0.529008    5e-12    7.43912e-12    1.70808e-151    2.43912e-12    0.00421203    0.00421203 
0.526224    5e-12    7.42616e-12    2.35334e-152    2.42616e-12    0.00421656    0.00421656 
0.52347    5e-12    7.41341e-12    3.24606e-153    2.41341e-12    0.0042237    0.0042237 
0.520744    5e-12    7.40085e-12    4.47252e-154    2.40085e-12    0.00422869    0.00422869 
0.518046    5e-12    7.38849e-12    6.1703e-155    2.38849e-12    0.00423659    0.00423659 
0.515376    5e-12    7.37632e-12    8.50239e-156    2.37632e-12    0.00424212    0.00424212 
0.512734    5e-12    7.36434e-12    1.17326e-156    2.36434e-12    0.00425086    0.00425086 
0.510118    5e-12    7.35255e-12    1.61685e-157    2.35255e-12    0.00425696    0.00425696 
0.507529    5e-12    7.34093e-12    2.23161e-158    2.34093e-12    0.00426652    0.00426652 
0.504966    5e-12    7.3295e-12    3.07562e-159    2.3295e-12    0.00427315    0.00427315 
0.502429    5e-12    7.31824e-12    4.24577e-160    2.31824e-12    0.00428345    0.00428345 
0.499918    5e-12    7.30715e-12    5.85181e-161    2.30715e-12    0.00429053    0.00429053 
0.497431    5e-12    7.29623e-12    8.06524e-162    2.29623e-12    0.00429774    0.00429774 
0.494969    5e-12    7.28548e-12    1.11347e-162    2.28548e-12    0.00430878    0.00430878 
0.492531    5e-12    7.27488e-12    1.53457e-163    2.27488e-12    0.00431623    0.00431623 
0.490117    5e-12    7.26445e-12    2.11848e-164    2.26445e-12    0.0043275    0.0043275 
0.487726    5e-12    7.25417e-12    2.91927e-165    2.25417e-12    0.00433502    0.00433502 
0.485359    5e-12    7.24405e-12    4.02241e-166    2.24405e-12    0.00434251    0.00434251 
0.483015    5e-12    7.23407e-12    5.55126e-167    2.23407e-12    0.00435365    0.00435365 
0.480693    5e-12    7.22424e-12    7.64715e-168    2.22424e-12    0.00436095    0.00436095 
0.478393    5e-12    7.21455e-12    1.0533e-168    2.21455e-12    0.00436814    0.00436814 
0.476116    5e-12    7.20501e-12    1.45288e-169    2.20501e-12    0.00437864    0.00437864 
0.47386    5e-12    7.1956e-12    2.0005e-170    2.1956e-12    0.00438543    0.00438543 
0.471625    5e-12    7.18632e-12    2.7541e-171    2.18632e-12    0.00439204    0.00439204 
0.469411    5e-12    7.17718e-12    3.79097e-172    2.17718e-12    0.00439844    0.00439844 
0.467218    5e-12    7.16816e-12    5.22452e-173    2.16816e-12    0.00440766    0.00440766 
0.465045    5e-12    7.15927e-12    7.18877e-174    2.15927e-12    0.00441355    0.00441355 
0.462892    5e-12    7.1505e-12    9.88992e-175    2.1505e-12    0.00441923    0.00441923 
0.460759    5e-12    7.14185e-12    1.36039e-175    2.14185e-12    0.00442471    0.00442471 
0.458646    5e-12    7.13332e-12    1.87317e-176    2.13332e-12    0.0044326    0.0044326 
0.456552    5e-12    7.12491e-12    2.57576e-177    2.12491e-12    0.00443766    0.00443766 
0.454477    5e-12    7.11661e-12    3.54145e-178    2.11661e-12    0.00444258    0.00444258 
0.452421    5e-12    7.10842e-12    4.86862e-179    2.10842e-12    0.00444738    0.00444738 
0.450383    5e-12    7.10034e-12    6.69249e-180    2.10034e-12    0.00445211    0.00445211 
0.448364    5e-12    7.09236e-12    9.20843e-181    2.09236e-12    0.00445911    0.00445911 
0.446363    5e-12    7.0845e-12    1.26561e-181    2.0845e-12    0.00446377    0.00446377 
0.444379    5e-12    7.07673e-12    1.73937e-182    2.07673e-12    0.00446845    0.00446845 
0.442413    5e-12    7.06906e-12    2.3904e-183    2.06906e-12    0.0044732    0.0044732 
0.440465    5e-12    7.0615e-12    3.28505e-184    2.0615e-12    0.00447805    0.00447805 
0.438533    5e-12    7.05403e-12    4.51453e-185    2.05403e-12    0.00448302    0.00448302 
0.436618    5e-12    7.04665e-12    6.20424e-186    2.04665e-12    0.00448816    0.00448816 
0.43472    5e-12    7.03937e-12    8.52661e-187    2.03937e-12    0.00449349    0.00449349 
0.432839    5e-12    7.03219e-12    1.17337e-187    2.03219e-12    0.00450191    0.00450191 
0.430973    5e-12    7.02509e-12    1.61281e-188    2.02509e-12    0.00450783    0.00450783 
0.429124    5e-12    7.01809e-12    2.21696e-189    2.01809e-12    0.00451402    0.00451402 
0.42729    5e-12    7.01117e-12    3.04764e-190    2.01117e-12    0.00452049    0.00452049 
0.425472    5e-12    7.00434e-12    4.18986e-191    2.00434e-12    0.00452726    0.00452726 
0.42367    5e-12    6.9976e-12    5.7606e-192    1.9976e-12    0.00453432    0.00453432 
0.421882    5e-12    6.99094e-12    7.92076e-193    1.99094e-12    0.00454168    0.00454168 
0.42011    5e-12    6.98437e-12    1.08917e-193    1.98437e-12    0.00454934    0.00454934 
0.418352    5e-12    6.97787e-12    1.4978e-194    1.97787e-12    0.00455727    0.00455727 
0.416609    5e-12    6.97146e-12    2.05986e-195    1.97146e-12    0.00456547    0.00456547 
0.414881    5e-12    6.96513e-12    2.83298e-196    1.96513e-12    0.00457392    0.00457392 
0.413167    5e-12    6.95887e-12    3.89641e-197    1.95887e-12    0.00458258    0.00458258 
0.411467    5e-12    6.9527e-12    5.35915e-198    1.9527e-12    0.00459143    0.00459143 
0.409781    5e-12    6.9466e-12    7.37111e-199    1.9466e-12    0.00460044    0.00460044 
0.408108    5e-12    6.94057e-12    1.01383e-199    1.94057e-12    0.00460958    0.00460958 
0.40645    5e-12    6.93462e-12    1.39441e-200    1.93462e-12    0.00461879    0.00461879 
0.404804    5e-12    6.92874e-12    1.91778e-201    1.92874e-12    0.00462803    0.00462803 
0.403172    5e-12    6.92293e-12    2.63742e-202    1.92293e-12    0.00463728    0.00463728 
0.401553    5e-12    6.91719e-12    3.62682e-203    1.91719e-12    0.00464647    0.00464647 
0.399947    5e-12    6.91152e-12    4.9869e-204    1.91152e-12    0.00465556    0.00465556 
0.398354    5e-12    6.90592e-12    6.85623e-205    1.90592e-12    0.00466452    0.00466452 
0.396773    5e-12    6.90038e-12    9.42502e-206    1.90038e-12    0.00467329    0.00467329 
0.395205    5e-12    6.89491e-12    1.29308e-206    1.89491e-12    0.00467759    0.00467759 
0.39365    5e-12    6.88951e-12    1.7771e-207    1.88951e-12    0.00468601    0.00468601 
0.392106    5e-12    6.88416e-12    2.44188e-208    1.88416e-12    0.00469415    0.00469415 
0.390575    5e-12    6.87888e-12    3.35472e-209    1.87888e-12    0.00470197    0.00470197 
0.389054    5e-12    6.87365e-12    4.59874e-210    1.87365e-12    0.00470945    0.00470945 
0.387544    5e-12    6.86848e-12    6.30279e-211    1.86848e-12    0.00471657    0.00471657 
0.386047    5e-12    6.86337e-12    8.63645e-212    1.86337e-12    0.00472331    0.00472331 
0.384561    5e-12    6.85832e-12    1.18316e-212    1.85832e-12    0.00472965    0.00472965 
0.383086    5e-12    6.85332e-12    1.61854e-213    1.85332e-12    0.00473268    0.00473268 
0.381623    5e-12    6.84838e-12    2.21659e-214    1.84838e-12    0.00473843    0.00473843 
0.38017    5e-12    6.8435e-12    3.03496e-215    1.8435e-12    0.00474379    0.00474379 
0.378729    5e-12    6.83866e-12    4.15464e-216    1.83866e-12    0.00474878    0.00474878 
0.377299    5e-12    6.83388e-12    5.68628e-217    1.83388e-12    0.0047534    0.0047534 
0.375879    5e-12    6.82915e-12    7.78113e-218    1.82915e-12    0.00475769    0.00475769 
0.37447    5e-12    6.82446e-12    1.06372e-218    1.82446e-12    0.00475972    0.00475972 
0.373072    5e-12    6.81983e-12    1.4552e-219    1.81983e-12    0.00476357    0.00476357 
0.371684    5e-12    6.81525e-12    1.99047e-220    1.81525e-12    0.00476718    0.00476718 
0.370306    5e-12    6.81071e-12    2.72229e-221    1.81071e-12    0.00477058    0.00477058 
0.368938    5e-12    6.80622e-12    3.72276e-222    1.80622e-12    0.00477382    0.00477382 
0.367581    5e-12    6.80178e-12    5.08717e-223    1.80178e-12    0.0047754    0.0047754 
0.366233    5e-12    6.79738e-12    6.95579e-224    1.79738e-12    0.00477851    0.00477851 
0.364896    5e-12    6.79303e-12    9.5103e-225    1.79303e-12    0.00478159    0.00478159 
0.363568    5e-12    6.78872e-12    1.30026e-225    1.78872e-12    0.0047847    0.0047847 
0.362249    5e-12    6.78445e-12    1.77652e-226    1.78445e-12    0.00478628    0.00478628 
0.36094    5e-12    6.78023e-12    2.42884e-227    1.78023e-12    0.00478953    0.00478953 
0.359641    5e-12    6.77605e-12    3.32076e-228    1.77605e-12    0.00479294    0.00479294 
0.358351    5e-12    6.77191e-12    4.54044e-229    1.77191e-12    0.00479657    0.00479657 
0.35707    5e-12    6.76781e-12    6.2034e-230    1.76781e-12    0.00479848    0.00479848 
0.355798    5e-12    6.76375e-12    8.48263e-231    1.76375e-12    0.00480251    0.00480251 
0.354536    5e-12    6.75974e-12    1.16004e-231    1.75974e-12    0.00480688    0.00480688 
0.353282    5e-12    6.75576e-12    1.58659e-232    1.75576e-12    0.0048116    0.0048116 
0.352037    5e-12    6.75182e-12    2.1679e-233    1.75182e-12    0.00481411    0.00481411 
0.350801    5e-12    6.74792e-12    2.96555e-234    1.74792e-12    0.00481944    0.00481944 
0.349573    5e-12    6.74406e-12    4.05726e-235    1.74406e-12    0.0048252    0.0048252 
0.348354    5e-12    6.74024e-12    5.54441e-236    1.74024e-12    0.00482825    0.00482825 
0.347144    5e-12    6.73645e-12    7.58704e-237    1.73645e-12    0.0048347    0.0048347 
0.345942    5e-12    6.7327e-12    1.03838e-237    1.7327e-12    0.00484161    0.00484161 
0.344748    5e-12    6.72899e-12    1.41916e-238    1.72899e-12    0.00484523    0.00484523 
0.343562    5e-12    6.72532e-12    1.9427e-239    1.72532e-12    0.00485284    0.00485284 
0.342385    5e-12    6.72168e-12    2.65976e-240    1.72168e-12    0.00486089    0.00486089 
0.341215    5e-12    6.71808e-12    3.63556e-241    1.71808e-12    0.00486508    0.00486508 
0.340054    5e-12    6.71451e-12    4.97839e-242    1.71451e-12    0.00487377    0.00487377 
0.3389    5e-12    6.71098e-12    6.81802e-243    1.71098e-12    0.00488286    0.00488286 
0.337755    5e-12    6.70748e-12    9.32024e-244    1.70748e-12    0.00488754    0.00488754 
0.336616    5e-12    6.70401e-12    1.2766e-244    1.70401e-12    0.00489716    0.00489716 
0.335486    5e-12    6.70058e-12    1.74516e-245    1.70058e-12    0.00490208    0.00490208 
0.334363    5e-12    6.69718e-12    2.3906e-246    1.69718e-12    0.00491213    0.00491213 
0.333248    5e-12    6.69382e-12    3.27491e-247    1.69382e-12    0.00492241    0.00492241 
0.33214    5e-12    6.69048e-12    4.47694e-248    1.69048e-12    0.00492762    0.00492762 
0.331039    5e-12    6.68718e-12    6.13314e-249    1.68718e-12    0.00493814    0.00493814 
0.329946    5e-12    6.68391e-12    8.40199e-250    1.68391e-12    0.00494875    0.00494875 
0.32886    5e-12    6.68068e-12    1.14851e-250    1.68068e-12    0.00495407    0.00495407 
0.327781    5e-12    6.67747e-12    1.57328e-251    1.67747e-12    0.0049647    0.0049647 
0.326709    5e-12    6.67429e-12    2.15042e-252    1.67429e-12    0.00497    0.00497 
0.325644    5e-12    6.67115e-12    2.94537e-253    1.67115e-12    0.00498052    0.00498052 
0.324586    5e-12    6.66803e-12    4.02544e-254    1.66803e-12    0.00498573    0.00498573 
0.323535    5e-12    6.66494e-12    5.51258e-255    1.66494e-12    0.00499601    0.00499601 
0.32249    5e-12    6.66188e-12    7.54812e-256    1.66188e-12    0.00500606    0.00500606 
0.321452    5e-12    6.65885e-12    1.03138e-256    1.65885e-12    0.00501099    0.00501099 
0.320421    5e-12    6.65585e-12    1.41187e-257    1.65585e-12    0.00502061    0.00502061 
0.319397    5e-12    6.65287e-12    1.92887e-258    1.65287e-12    0.00502529    0.00502529 
0.318379    5e-12    6.64992e-12    2.63971e-259    1.64992e-12    0.00503437    0.00503437 
0.317368    5e-12    6.647e-12    3.60567e-260    1.647e-12    0.00503877    0.00503877 
0.316363    5e-12    6.6441e-12    4.93293e-261    1.6441e-12    0.00504725    0.00504725 
0.315364    5e-12    6.64123e-12    6.73678e-262    1.64123e-12    0.00505133    0.00505133 
0.314371    5e-12    6.63839e-12    9.21359e-263    1.63839e-12    0.00505915    0.00505915 
0.313385    5e-12    6.63557e-12    1.25803e-263    1.63557e-12    0.00506289    0.00506289 
0.312405    5e-12    6.63277e-12    1.71998e-264    1.63277e-12    0.00507004    0.00507004 
0.311431    5e-12    6.63e-12    2.34801e-265    1.63e-12    0.00507344    0.00507344 
0.310464    5e-12    6.62725e-12    3.20915e-266    1.62725e-12    0.00507991    0.00507991 
0.309502    5e-12    6.62453e-12    4.3801e-267    1.62453e-12    0.00508298    0.00508298 
0.308546    5e-12    6.62182e-12    5.98461e-268    1.62182e-12    0.0050888    0.0050888 
0.307596    5e-12    6.61915e-12    8.16681e-269    1.61915e-12    0.00509157    0.00509157 
0.306652    5e-12    6.61649e-12    1.11552e-269    1.61649e-12    0.00509681    0.00509681 
0.305713    5e-12    6.61385e-12    1.52203e-270    1.61385e-12    0.0050993    0.0050993 
0.30478    5e-12    6.61124e-12    2.07845e-271    1.61124e-12    0.00510405    0.00510405 
0.303853    5e-12    6.60865e-12    2.83545e-272    1.60865e-12    0.00510631    0.00510631 
0.302932    5e-12    6.60608e-12    3.8712e-273    1.60608e-12    0.00511066    0.00511066 
0.302016    5e-12    6.60353e-12    5.2805e-274    1.60353e-12    0.00511276    0.00511276 
0.301106    5e-12    6.601e-12    7.20823e-275    1.601e-12    0.00511684    0.00511684 
0.300201    5e-12    6.5985e-12    9.83141e-276    1.5985e-12    0.00511884    0.00511884 
0.299302    5e-12    6.59601e-12    1.3419e-276    1.59601e-12    0.00512278    0.00512278 
0.298408    5e-12    6.59354e-12    1.83012e-277    1.59354e-12    0.00512473    0.00512473 
0.297519    5e-12    6.59109e-12    2.49589e-278    1.59109e-12    0.0051267    0.0051267 
0.296636    5e-12    6.58866e-12    3.40643e-279    1.58866e-12    0.00513066    0.00513066 
0.295757    5e-12    6.58625e-12    4.6455e-280    1.58625e-12    0.00513268    0.00513268 
0.294884    5e-12    6.58386e-12    6.34035e-281    1.58386e-12    0.00513683    0.00513683 
0.294016    5e-12    6.58149e-12    8.64658e-282    1.58149e-12    0.00513897    0.00513897 
0.293154    5e-12    6.57914e-12    1.1802e-282    1.57914e-12    0.00514343    0.00514343 
0.292296    5e-12    6.5768e-12    1.60951e-283    1.5768e-12    0.00514576    0.00514576 
0.291443    5e-12    6.57449e-12    2.195e-284    1.57449e-12    0.00514816    0.00514816 
0.290595    5e-12    6.57219e-12    2.99647e-285    1.57219e-12    0.00515321    0.00515321 
0.289753    5e-12    6.56991e-12    4.08669e-286    1.56991e-12    0.00515587    0.00515587 
0.288915    5e-12    6.56764e-12    5.57979e-287    1.56764e-12    0.00516148    0.00516148 
0.288081    5e-12    6.5654e-12    7.61038e-288    1.5654e-12    0.00516443    0.00516443 
0.287253    5e-12    6.56317e-12    1.03801e-288    1.56317e-12    0.00516749    0.00516749 
0.28643    5e-12    6.56096e-12    1.4176e-289    1.56096e-12    0.00517394    0.00517394 
0.285611    5e-12    6.55876e-12    1.93367e-290    1.55876e-12    0.00517733    0.00517733 
0.284796    5e-12    6.55659e-12    2.64135e-291    1.55659e-12    0.00518445    0.00518445 
0.283987    5e-12    6.55443e-12    3.6032e-292    1.55443e-12    0.00518818    0.00518818 
0.283182    5e-12    6.55228e-12    4.91541e-293    1.55228e-12    0.00519202    0.00519202 
0.282381    5e-12    6.55016e-12    6.7161e-294    1.55016e-12    0.00520004    0.00520004 
0.281585    5e-12    6.54805e-12    9.16265e-295    1.54805e-12    0.00520421    0.00520421 
0.280794    5e-12    6.54595e-12    1.25006e-295    1.54595e-12    0.00520849    0.00520849 
0.280007    5e-12    6.54387e-12    1.70841e-296    1.54387e-12    0.00521734    0.00521734 
0.279224    5e-12    6.54181e-12    2.33093e-297    1.54181e-12    0.00522191    0.00522191 
0.278446    5e-12    6.53977e-12    3.18031e-298    1.53977e-12    0.00522656    0.00522656 
0.277672    5e-12    6.53774e-12    4.34721e-299    1.53774e-12    0.00523611    0.00523611 
0.276902    5e-12    6.53572e-12    5.93153e-300    1.53572e-12    0.00524099    0.00524099 
0.276137    5e-12    6.53372e-12    8.09324e-301    1.53372e-12    0.00524594    0.00524594 
0.275376    5e-12    6.53174e-12    1.1064e-301    1.53174e-12    0.00525598    0.00525598 
0.274619    5e-12    6.52977e-12    1.50962e-302    1.52977e-12    0.00526107    0.00526107 
0.273866    5e-12    6.52781e-12    2.05977e-303    1.52781e-12    0.00526619    0.00526619 
0.273117    5e-12    6.52587e-12    2.81587e-304    1.52587e-12    0.00527649    0.00527649 
0.272373    5e-12    6.52395e-12    3.84193e-305    1.52395e-12    0.00528165    0.00528165 
0.271632    5e-12    6.52204e-12    5.24173e-306    1.52204e-12    0.0052868    0.0052868 
0.270896    5e-12    6.52014e-12    7.16517e-307    1.52014e-12    0.00529706    0.00529706 
0.270163    5e-12    6.51826e-12    9.77503e-308    1.51826e-12    0.00530214    0.00530214 
0.269434    5e-12    6.51639e-12    1.3335e-308    1.51639e-12    0.00530718    0.00530718 
0.26871    5e-12    6.51453e-12    1.82244e-309    1.51453e-12    0.0053171    0.0053171 
0.267989    5e-12    6.51269e-12    2.48586e-310    1.51269e-12    0.00532195    0.00532195 
0.267272    5e-12    6.51087e-12    3.39061e-311    1.51087e-12    0.00532673    0.00532673 
0.266559    5e-12    6.50905e-12    4.62438e-312    1.50905e-12    0.00533142    0.00533142 
0.265849    5e-12    6.50725e-12    6.31733e-313    1.50725e-12    0.00534049    0.00534049 
0.265144    5e-12    6.50546e-12    8.61466e-314    1.50546e-12    0.00534486    0.00534486 
0.264442    5e-12    6.50369e-12    1.17466e-314    1.50369e-12    0.00534912    0.00534912 
0.263744    5e-12    6.50193e-12    1.604e-315    1.50193e-12    0.00535723    0.00535723 
0.263049    5e-12    6.50018e-12    2.18673e-316    1.50018e-12    0.00536108    0.00536108 
0.262358    5e-12    6.49844e-12    2.98094e-317    1.49844e-12    0.00536479    0.00536479 
0.261671    5e-12    6.49671e-12    4.06329e-318    1.49671e-12    0.00536835    0.00536835 
0.260988    5e-12    6.495e-12    5.5449e-319    1.495e-12    0.00537501    0.00537501 
0.260308    5e-12    6.4933e-12    7.55673e-320    1.4933e-12    0.00537811    0.00537811 
0.259631    5e-12    6.49161e-12    1.02963e-320    1.49161e-12    0.00538104    0.00538104 
0.258958    5e-12    6.48993e-12    1.40315e-321    1.48993e-12    0.00538382    0.00538382 
0.258288    5e-12    6.48826e-12    1.92686e-322    1.48826e-12    0.0053889    0.0053889 
0.257622    5e-12    6.4866e-12    2.47033e-323    1.4866e-12    0.00539121    0.00539121 
0.25696    5e-12    6.48496e-12    4.94066e-324    1.48496e-12    0.00539336    0.00539336 
0.256301    5e-12    6.48333e-12    0    1.48333e-12    0.00539536    0.00539536 
0.255645    5e-12    6.4817e-12    0    1.4817e-12    0.00539894    0.00539894 
0.254992    5e-12    6.48009e-12    0    1.48009e-12    0.00540053    0.00540053 
0.254343    5e-12    6.47849e-12    0    1.47849e-12    0.00540199    0.00540199 
0.253697    5e-12    6.4769e-12    0    1.4769e-12    0.00540333    0.00540333 
0.253054    5e-12    6.47531e-12    0    1.47531e-12    0.00540571    0.00540571 
0.252415    5e-12    6.47374e-12    0    1.47374e-12    0.00540676    0.00540676 
0.251779    5e-12    6.47218e-12    0    1.47218e-12    0.00540773    0.00540773 
0.251146    5e-12    6.47063e-12    0    1.47063e-12    0.00540865    0.00540865 
0.250516    5e-12    6.46909e-12    0    1.46909e-12    0.0054095    0.0054095 
0.249889    5e-12    6.46756e-12    0    1.46756e-12    0.00541112    0.00541112 
0.249266    5e-12    6.46603e-12    0    1.46603e-12    0.00541191    0.00541191 
0.248646    5e-12    6.46452e-12    0    1.46452e-12    0.00541271    0.00541271 
0.248028    5e-12    6.46302e-12    0    1.46302e-12    0.00541352    0.00541352 
0.247414    5e-12    6.46153e-12    0    1.46153e-12    0.00541438    0.00541438 
0.246803    5e-12    6.46004e-12    0    1.46004e-12    0.00541627    0.00541627 
0.246194    5e-12    6.45856e-12    0    1.45856e-12    0.00541734    0.00541734 
0.245589    5e-12    6.4571e-12    0    1.4571e-12    0.00541852    0.00541852 
0.244987    5e-12    6.45564e-12    0    1.45564e-12    0.00541983    0.00541983 
0.244388    5e-12    6.45419e-12    0    1.45419e-12    0.00542127    0.00542127 
0.243791    5e-12    6.45275e-12    0    1.45275e-12    0.00542467    0.00542467 
0.243198    5e-12    6.45132e-12    0    1.45132e-12    0.00542665    0.00542665 
0.242607    5e-12    6.4499e-12    0    1.4499e-12    0.00542885    0.00542885 
0.242019    5e-12    6.44849e-12    0    1.44849e-12    0.00543129    0.00543129 
0.241435    5e-12    6.44709e-12    0    1.44709e-12    0.00543397    0.00543397 
0.240852    5e-12    6.44569e-12    0    1.44569e-12    0.00543693    0.00543693 
0.240273    5e-12    6.4443e-12    0    1.4443e-12    0.00544372    0.00544372 
0.239697    5e-12    6.44293e-12    0    1.44293e-12    0.00544759    0.00544759 
0.239123    5e-12    6.44156e-12    0    1.44156e-12    0.00545181    0.00545181 
0.238552    5e-12    6.4402e-12    0    1.4402e-12    0.00545637    0.00545637 
0.237984    5e-12    6.43884e-12    0    1.43884e-12    0.00546131    0.00546131 
0.237418    5e-12    6.4375e-12    0    1.4375e-12    0.00546664    0.00546664 
0.236855    5e-12    6.43617e-12    0    1.43617e-12    0.00547237    0.00547237 
0.236295    5e-12    6.43484e-12    0    1.43484e-12    0.0054851    0.0054851 
0.235737    5e-12    6.43352e-12    0    1.43352e-12    0.00549212    0.00549212 
0.235182    5e-12    6.43221e-12    0    1.43221e-12    0.00549961    0.00549961 
0.23463    5e-12    6.43091e-12    0    1.43091e-12    0.00550756    0.00550756 
0.23408    5e-12    6.42962e-12    0    1.42962e-12    0.005516    0.005516 
0.233533    5e-12    6.42834e-12    0    1.42834e-12    0.00552494    0.00552494 
0.232988    5e-12    6.42706e-12    0    1.42706e-12    0.00553438    0.00553438 
0.232446    5e-12    6.42579e-12    0    1.42579e-12    0.00555481    0.00555481 
0.231907    5e-12    6.42454e-12    0    1.42454e-12    0.00556583    0.00556583 
0.23137    5e-12    6.42329e-12    0    1.42329e-12    0.00557738    0.00557738 
0.230835    5e-12    6.42205e-12    0    1.42205e-12    0.00558947    0.00558947 
0.230303    5e-12    6.42081e-12    0    1.42081e-12    0.00560212    0.00560212 
0.229773    5e-12    6.41959e-12    0    1.41959e-12    0.00561533    0.00561533 
0.229246    5e-12    6.41837e-12    0    1.41837e-12    0.0056291    0.0056291 
0.228721    5e-12    6.41717e-12    0    1.41717e-12    0.00564344    0.00564344 
0.228198    5e-12    6.41597e-12    0    1.41597e-12    0.00565834    0.00565834 
0.227678    5e-12    6.41478e-12    0    1.41478e-12    0.00568985    0.00568985 
0.227161    5e-12    6.41359e-12    0    1.41359e-12    0.00570646    0.00570646 
0.226645    5e-12    6.41242e-12    0    1.41242e-12    0.00572364    0.00572364 
0.226132    5e-12    6.41125e-12    0    1.41125e-12    0.00574139    0.00574139 
0.225622    5e-12    6.4101e-12    0    1.4101e-12    0.00575969    0.00575969 
0.225113    5e-12    6.40895e-12    0    1.40895e-12    0.00577856    0.00577856 
0.224607    5e-12    6.40781e-12    0    1.40781e-12    0.00579797    0.00579797 
0.224103    5e-12    6.40667e-12    0    1.40667e-12    0.00581794    0.00581794 
0.223602    5e-12    6.40555e-12    0    1.40555e-12    0.00583844    0.00583844 
0.223102    5e-12    6.40443e-12    0    1.40443e-12    0.00585948    0.00585948 
0.222605    5e-12    6.40332e-12    0    1.40332e-12    0.00588103    0.00588103 
0.22211    5e-12    6.40222e-12    0    1.40222e-12    0.0059031    0.0059031 
0.221617    5e-12    6.40113e-12    0    1.40113e-12    0.00594872    0.00594872 
0.221127    5e-12    6.40005e-12    0    1.40005e-12    0.00597225    0.00597225 
0.220639    5e-12    6.39897e-12    0    1.39897e-12    0.00599624    0.00599624 
0.220152    5e-12    6.39791e-12    0    1.39791e-12    0.00602068    0.00602068 
0.219668    5e-12    6.39685e-12    0    1.39685e-12    0.00604554    0.00604554 
0.219186    5e-12    6.39579e-12    0    1.39579e-12    0.00607082    0.00607082 
0.218706    5e-12    6.39475e-12    0    1.39475e-12    0.00609649    0.00609649 
0.218229    5e-12    6.39371e-12    0    1.39371e-12    0.00612253    0.00612253 
0.217753    5e-12    6.39268e-12    0    1.39268e-12    0.00614893    0.00614893 
0.217279    5e-12    6.39166e-12    0    1.39166e-12    0.00617567    0.00617567 
0.216808    5e-12    6.39065e-12    0    1.39065e-12    0.00620272    0.00620272 
0.216338    5e-12    6.38964e-12    0    1.38964e-12    0.00623007    0.00623007 
0.215871    5e-12    6.38865e-12    0    1.38865e-12    0.00625768    0.00625768 
0.215405    5e-12    6.38765e-12    0    1.38765e-12    0.00628554    0.00628554 
0.214942    5e-12    6.38667e-12    0    1.38667e-12    0.00631363    0.00631363 
0.21448    5e-12    6.38569e-12    0    1.38569e-12    0.00634192    0.00634192 
0.214021    5e-12    6.38473e-12    0    1.38473e-12    0.00637038    0.00637038 
0.213563    5e-12    6.38376e-12    0    1.38376e-12    0.006399    0.006399 
0.213108    5e-12    6.38281e-12    0    1.38281e-12    0.00642774    0.00642774 
0.212654    5e-12    6.38186e-12    0    1.38186e-12    0.00645659    0.00645659 
0.212202    5e-12    6.38092e-12    0    1.38092e-12    0.00648551    0.00648551 
0.211753    5e-12    6.37999e-12    0    1.37999e-12    0.0065435    0.0065435 
0.211305    5e-12    6.37906e-12    0    1.37906e-12    0.00657251    0.00657251 
0.210859    5e-12    6.37814e-12    0    1.37814e-12    0.00660151    0.00660151 
0.210415    5e-12    6.37722e-12    0    1.37722e-12    0.00663046    0.00663046 
0.209972    5e-12    6.37632e-12    0    1.37632e-12    0.00665935    0.00665935 
0.209532    5e-12    6.37542e-12    0    1.37542e-12    0.00668815    0.00668815 
0.209093    5e-12    6.37452e-12    0    1.37452e-12    0.00671684    0.00671684 
0.208657    5e-12    6.37363e-12    0    1.37363e-12    0.00674541    0.00674541 
0.208222    5e-12    6.37275e-12    0    1.37275e-12    0.00677383    0.00677383 
0.207789    5e-12    6.37188e-12    0    1.37188e-12    0.00680208    0.00680208 
0.207357    5e-12    6.37101e-12    0    1.37101e-12    0.00683015    0.00683015 
0.206928    5e-12    6.37014e-12    0    1.37014e-12    0.00685802    0.00685802 
0.2065    5e-12    6.36929e-12    0    1.36929e-12    0.00688568    0.00688568 
0.206074    5e-12    6.36844e-12    0    1.36844e-12    0.00691311    0.00691311 
0.20565    5e-12    6.36759e-12    0    1.36759e-12    0.0069403    0.0069403 
0.205228    5e-12    6.36675e-12    0    1.36675e-12    0.00696724    0.00696724 
0.204807    5e-12    6.36592e-12    0    1.36592e-12    0.00699393    0.00699393 
0.204388    5e-12    6.36509e-12    0    1.36509e-12    0.00702035    0.00702035 
0.20397    5e-12    6.36426e-12    0    1.36426e-12    0.0070465    0.0070465 
0.203555    5e-12    6.36345e-12    0    1.36345e-12    0.00707237    0.00707237 
0.203141    5e-12    6.36263e-12    0    1.36263e-12    0.00709797    0.00709797 
0.202729    5e-12    6.36183e-12    0    1.36183e-12    0.0071233    0.0071233 
0.202318    5e-12    6.36102e-12    0    1.36102e-12    0.00714835    0.00714835 
0.201909    5e-12    6.36023e-12    0    1.36023e-12    0.00714835    0.00714835 
0.201502    5e-12    6.35944e-12    0    1.35944e-12    0.00717313    0.00717313 
0.201096    5e-12    6.35865e-12    0    1.35865e-12    0.00719764    0.00719764 
0.200692    5e-12    6.35787e-12    0    1.35787e-12    0.00722189    0.00722189 
0.20029    5e-12    6.35709e-12    0    1.35709e-12    0.0072459    0.0072459 
0.199889    5e-12    6.35632e-12    0    1.35632e-12    0.00726966    0.00726966 
0.19949    5e-12    6.35555e-12    0    1.35555e-12    0.0072932    0.0072932 
0.199093    5e-12    6.35479e-12    0    1.35479e-12    0.00731652    0.00731652 
0.198697    5e-12    6.35403e-12    0    1.35403e-12    0.00733965    0.00733965 
0.198302    5e-12    6.35328e-12    0    1.35328e-12    0.00736259    0.00736259 
0.197909    5e-12    6.35253e-12    0    1.35253e-12    0.00738536    0.00738536 
0.197518    5e-12    6.35179e-12    0    1.35179e-12    0.00740799    0.00740799 
0.197128    5e-12    6.35105e-12    0    1.35105e-12    0.0074305    0.0074305 
0.19674    5e-12    6.35031e-12    0    1.35031e-12    0.0074529    0.0074529 
0.196353    5e-12    6.34958e-12    0    1.34958e-12    0.00747522    0.00747522 
0.195968    5e-12    6.34886e-12    0    1.34886e-12    0.00749748    0.00749748 
0.195584    5e-12    6.34813e-12    0    1.34813e-12    0.00751972    0.00751972 
0.195202    5e-12    6.34742e-12    0    1.34742e-12    0.00754194    0.00754194 
0.194822    5e-12    6.3467e-12    0    1.3467e-12    0.00756419    0.00756419 
0.194442    5e-12    6.34599e-12    0    1.34599e-12    0.00758647    0.00758647 
0.194065    5e-12    6.34529e-12    0    1.34529e-12    0.00760884    0.00760884 
0.193688    5e-12    6.34459e-12    0    1.34459e-12    0.0076313    0.0076313 
0.193314    5e-12    6.34389e-12    0    1.34389e-12    0.0076313    0.0076313 
0.19294    5e-12    6.3432e-12    0    1.3432e-12    0.00765389    0.00765389 
0.192568    5e-12    6.34251e-12    0    1.34251e-12    0.00767664    0.00767664 
0.192198    5e-12    6.34183e-12    0    1.34183e-12    0.00769957    0.00769957 
0.191829    5e-12    6.34115e-12    0    1.34115e-12    0.00772272    0.00772272 
0.191461    5e-12    6.34047e-12    0    1.34047e-12    0.0077461    0.0077461 
0.191095    5e-12    6.3398e-12    0    1.3398e-12    0.00776976    0.00776976 
0.19073    5e-12    6.33913e-12    0    1.33913e-12    0.0077937    0.0077937 
0.190367    5e-12    6.33846e-12    0    1.33846e-12    0.00781797    0.00781797 
0.190005    5e-12    6.3378e-12    0    1.3378e-12    0.00784258    0.00784258 
0.189644    5e-12    6.33714e-12    0    1.33714e-12    0.00786757    0.00786757 
0.189285    5e-12    6.33649e-12    0    1.33649e-12    0.00789296    0.00789296 
0.188927    5e-12    6.33584e-12    0    1.33584e-12    0.00791877    0.00791877 
0.18857    5e-12    6.33519e-12    0    1.33519e-12    0.00791877    0.00791877 
0.188215    5e-12    6.33455e-12    0    1.33455e-12    0.00794502    0.00794502 
0.187861    5e-12    6.33391e-12    0    1.33391e-12    0.00797174    0.00797174 
0.187508    5e-12    6.33328e-12    0    1.33328e-12    0.00799894    0.00799894 
0.187157    5e-12    6.33265e-12    0    1.33265e-12    0.00802666    0.00802666 
0.186807    5e-12    6.33202e-12    0    1.33202e-12    0.0080549    0.0080549 
0.186458    5e-12    6.3314e-12    0    1.3314e-12    0.00808369    0.00808369 
0.186111    5e-12    6.33078e-12    0    1.33078e-12    0.00811303    0.00811303 
0.185765    5e-12    6.33016e-12    0    1.33016e-12    0.00814296    0.00814296 
0.18542    5e-12    6.32955e-12    0    1.32955e-12    0.00817346    0.00817346 
0.185077    5e-12    6.32894e-12    0    1.32894e-12    0.00817346    0.00817346 
0.184734    5e-12    6.32833e-12    0    1.32833e-12    0.00820457    0.00820457 
0.184393    5e-12    6.32773e-12    0    1.32773e-12    0.00823629    0.00823629 
0.184054    5e-12    6.32713e-12    0    1.32713e-12    0.00826863    0.00826863 
0.183715    5e-12    6.32654e-12    0    1.32654e-12    0.00830159    0.00830159 
0.183378    5e-12    6.32595e-12    0    1.32595e-12    0.00833518    0.00833518 
0.183042    5e-12    6.32536e-12    0    1.32536e-12    0.00836941    0.00836941 
0.182707    5e-12    6.32478e-12    0    1.32478e-12    0.00840426    0.00840426 
0.182374    5e-12    6.32419e-12    0    1.32419e-12    0.00843975    0.00843975 
0.182041    5e-12    6.32362e-12    0    1.32362e-12    0.00843975    0.00843975 
0.18171    5e-12    6.32304e-12    0    1.32304e-12    0.00847587    0.00847587 
0.18138    5e-12    6.32247e-12    0    1.32247e-12    0.00851262    0.00851262 
0.181052    5e-12    6.32191e-12    0    1.32191e-12    0.00854999    0.00854999 
0.180724    5e-12    6.32134e-12    0    1.32134e-12    0.00858797    0.00858797 
0.180398    5e-12    6.32078e-12    0    1.32078e-12    0.00862655    0.00862655 
0.180072    5e-12    6.32023e-12    0    1.32023e-12    0.00866571    0.00866571 
0.179748    5e-12    6.31967e-12    0    1.31967e-12    0.00870545    0.00870545 
0.179426    5e-12    6.31912e-12    0    1.31912e-12    0.00870545    0.00870545 
0.179104    5e-12    6.31858e-12    0    1.31858e-12    0.00874575    0.00874575 
0.178783    5e-12    6.31803e-12    0    1.31803e-12    0.00878659    0.00878659 
0.178464    5e-12    6.31749e-12    0    1.31749e-12    0.00882794    0.00882794 
0.178146    5e-12    6.31696e-12    0    1.31696e-12    0.00886978    0.00886978 
0.177829    5e-12    6.31642e-12    0    1.31642e-12    0.0089121    0.0089121 
0.177513    5e-12    6.31589e-12    0    1.31589e-12    0.00895486    0.00895486 
0.177198    5e-12    6.31536e-12    0    1.31536e-12    0.00895486    0.00895486 
0.176884    5e-12    6.31484e-12    0    1.31484e-12    0.00899803    0.00899803 
0.176571    5e-12    6.31432e-12    0    1.31432e-12    0.00904159    0.00904159 
0.17626    5e-12    6.3138e-12    0    1.3138e-12    0.0090855    0.0090855 
0.175949    5e-12    6.31329e-12    0    1.31329e-12    0.00912972    0.00912972 
0.17564    5e-12    6.31278e-12    0    1.31278e-12    0.00917423    0.00917423 
0.175332    5e-12    6.31227e-12    0    1.31227e-12    0.00921898    0.00921898 
0.175025    5e-12    6.31176e-12    0    1.31176e-12    0.00921898    0.00921898 
0.174719    5e-12    6.31126e-12    0    1.31126e-12    0.00926394    0.00926394 
0.174414    5e-12    6.31076e-12    0    1.31076e-12    0.00930907    0.00930907 
0.17411    5e-12    6.31027e-12    0    1.31027e-12    0.00935433    0.00935433 
0.173807    5e-12    6.30977e-12    0    1.30977e-12    0.00939966    0.00939966 
0.173505    5e-12    6.30928e-12    0    1.30928e-12    0.00944504    0.00944504 
0.173204    5e-12    6.30879e-12    0    1.30879e-12    0.00944504    0.00944504 
0.172904    5e-12    6.30831e-12    0    1.30831e-12    0.00949041    0.00949041 
0.172605    5e-12    6.30783e-12    0    1.30783e-12    0.00953574    0.00953574 
0.172308    5e-12    6.30735e-12    0    1.30735e-12    0.00958097    0.00958097 
0.172011    5e-12    6.30687e-12    0    1.30687e-12    0.00962606    0.00962606 
0.171715    5e-12    6.3064e-12    0    1.3064e-12    0.00967096    0.00967096 
0.171421    5e-12    6.30593e-12    0    1.30593e-12    0.00967096    0.00967096 
0.171127    5e-12    6.30546e-12    0    1.30546e-12    0.00971564    0.00971564 
0.170834    5e-12    6.305e-12    0    1.305e-12    0.00976004    0.00976004 
0.170543    5e-12    6.30453e-12    0    1.30453e-12    0.00980412    0.00980412 
0.170252    5e-12    6.30407e-12    0    1.30407e-12    0.00984783    0.00984783 
0.169963    5e-12    6.30362e-12    0    1.30362e-12    0.00989114    0.00989114 
0.169674    5e-12    6.30316e-12    0    1.30316e-12    0.00989114    0.00989114 
0.169386    5e-12    6.30271e-12    0    1.30271e-12    0.009934    0.009934 
0.169099    5e-12    6.30226e-12    0    1.30226e-12    0.00997637    0.00997637 
0.168814    5e-12    6.30181e-12    0    1.30181e-12    0.0100182    0.0100182 
0.168529    5e-12    6.30137e-12    0    1.30137e-12    0.0100595    0.0100595 
0.168245    5e-12    6.30092e-12    0    1.30092e-12    0.0101001    0.0101001 
0.167962    5e-12    6.30049e-12    0    1.30049e-12    0.0101001    0.0101001 
0.16768    5e-12    6.30005e-12    0    1.30005e-12    0.0101402    0.0101402 
0.167399    5e-12    6.29961e-12    0    1.29961e-12    0.0101795    0.0101795 
0.167119    5e-12    6.29918e-12    0    1.29918e-12    0.0102182    0.0102182 
0.16684    5e-12    6.29875e-12    0    1.29875e-12    0.0102561    0.0102561 
0.166562    5e-12    6.29832e-12    0    1.29832e-12    0.0102561    0.0102561 
0.166285    5e-12    6.29789e-12    0    1.29789e-12    0.0102933    0.0102933 
0.166008    5e-12    6.29747e-12    0    1.29747e-12    0.0103297    0.0103297 
0.165733    5e-12    6.29705e-12    0    1.29705e-12    0.0103654    0.0103654 
0.165459    5e-12    6.29663e-12    0    1.29663e-12    0.0104002    0.0104002 
0.165185    5e-12    6.29621e-12    0    1.29621e-12    0.0104002    0.0104002 
0.164912    5e-12    6.2958e-12    0    1.2958e-12    0.0104342    0.0104342 
0.16464    5e-12    6.29538e-12    0    1.29538e-12    0.0104674    0.0104674 
0.16437    5e-12    6.29497e-12    0    1.29497e-12    0.0104998    0.0104998 
0.1641    5e-12    6.29456e-12    0    1.29456e-12    0.0105313    0.0105313 
0.16383    5e-12    6.29415e-12    0    1.29415e-12    0.0105313    0.0105313 
0.163562    5e-12    6.29375e-12    0    1.29375e-12    0.010562    0.010562 
0.163295    5e-12    6.29334e-12    0    1.29334e-12    0.0105919    0.0105919 
0.163028    5e-12    6.29294e-12    0    1.29294e-12    0.0106209    0.0106209 
0.162763    5e-12    6.29254e-12    0    1.29254e-12    0.0106209    0.0106209 
0.162498    5e-12    6.29215e-12    0    1.29215e-12    0.0106492    0.0106492 
0.162234    5e-12    6.29175e-12    0    1.29175e-12    0.0106766    0.0106766 
0.161971    5e-12    6.29136e-12    0    1.29136e-12    0.0107033    0.0107033 
0.161709    5e-12    6.29096e-12    0    1.29096e-12    0.0107293    0.0107293 
0.161448    5e-12    6.29057e-12    0    1.29057e-12    0.0107293    0.0107293 
0.161187    5e-12    6.29018e-12    0    1.29018e-12    0.0107545    0.0107545 
0.160927    5e-12    6.2898e-12    0    1.2898e-12    0.010779    0.010779 
0.160669    5e-12    6.28941e-12    0    1.28941e-12    0.0108029    0.0108029 
0.160411    5e-12    6.28903e-12    0    1.28903e-12    0.0108261    0.0108261 
0.160153    5e-12    6.28865e-12    0    1.28865e-12    0.0108261    0.0108261 
0.159897    5e-12    6.28827e-12    0    1.28827e-12    0.0108487    0.0108487 
0.159642    5e-12    6.28789e-12    0    1.28789e-12    0.0108707    0.0108707 
0.159387    5e-12    6.28751e-12    0    1.28751e-12    0.0108922    0.0108922 
0.159133    5e-12    6.28713e-12    0    1.28713e-12    0.0108922    0.0108922 
0.15888    5e-12    6.28676e-12    0    1.28676e-12    0.0109132    0.0109132 
0.158628    5e-12    6.28639e-12    0    1.28639e-12    0.0109338    0.0109338 
0.158376    5e-12    6.28602e-12    0    1.28602e-12    0.010954    0.010954 
0.158126    5e-12    6.28565e-12    0    1.28565e-12    0.010954    0.010954 
0.157876    5e-12    6.28528e-12    0    1.28528e-12    0.0109738    0.0109738 
0.157627    5e-12    6.28492e-12    0    1.28492e-12    0.0109933    0.0109933 
0.157378    5e-12    6.28455e-12    0    1.28455e-12    0.0110125    0.0110125 
0.157131    5e-12    6.28419e-12    0    1.28419e-12    0.0110125    0.0110125 
0.156884    5e-12    6.28383e-12    0    1.28383e-12    0.0110316    0.0110316 
0.156638    5e-12    6.28347e-12    0    1.28347e-12    0.0110505    0.0110505 
0.156393    5e-12    6.28311e-12    0    1.28311e-12    0.0110692    0.0110692 
0.156148    5e-12    6.28275e-12    0    1.28275e-12    0.0110879    0.0110879 
0.155905    5e-12    6.2824e-12    0    1.2824e-12    0.0110879    0.0110879 
0.155662    5e-12    6.28204e-12    0    1.28204e-12    0.0111066    0.0111066 
0.155419    5e-12    6.28169e-12    0    1.28169e-12    0.0111253    0.0111253 
0.155178    5e-12    6.28134e-12    0    1.28134e-12    0.0111441    0.0111441 
0.154937    5e-12    6.28099e-12    0    1.28099e-12    0.0111441    0.0111441 
0.154697    5e-12    6.28064e-12    0    1.28064e-12    0.011163    0.011163 
0.154458    5e-12    6.28029e-12    0    1.28029e-12    0.0111821    0.0111821 
0.15422    5e-12    6.27995e-12    0    1.27995e-12    0.0112015    0.0112015 
0.153982    5e-12    6.2796e-12    0    1.2796e-12    0.0112015    0.0112015 
0.153745    5e-12    6.27926e-12    0    1.27926e-12    0.0112211    0.0112211 
0.153509    5e-12    6.27892e-12    0    1.27892e-12    0.011241    0.011241 
0.153273    5e-12    6.27858e-12    0    1.27858e-12    0.011241    0.011241 
0.153039    5e-12    6.27824e-12    0    1.27824e-12    0.0112613    0.0112613 
0.152804    5e-12    6.2779e-12    0    1.2779e-12    0.011282    0.011282 
0.152571    5e-12    6.27757e-12    0    1.27757e-12    0.0113031    0.0113031 
0.152338    5e-12    6.27723e-12    0    1.27723e-12    0.0113031    0.0113031 
0.152107    5e-12    6.2769e-12    0    1.2769e-12    0.0113247    0.0113247 
0.151875    5e-12    6.27657e-12    0    1.27657e-12    0.0113469    0.0113469 
0.151645    5e-12    6.27624e-12    0    1.27624e-12    0.0113696    0.0113696 
0.151415    5e-12    6.27591e-12    0    1.27591e-12    0.0113696    0.0113696 
0.151186    5e-12    6.27558e-12    0    1.27558e-12    0.0113928    0.0113928 
0.150957    5e-12    6.27525e-12    0    1.27525e-12    0.0114167    0.0114167 
0.15073    5e-12    6.27493e-12    0    1.27493e-12    0.0114413    0.0114413 
0.150502    5e-12    6.2746e-12    0    1.2746e-12    0.0114413    0.0114413 
0.150276    5e-12    6.27428e-12    0    1.27428e-12    0.0114665    0.0114665 
0.15005    5e-12    6.27396e-12    0    1.27396e-12    0.0114924    0.0114924 
0.149825    5e-12    6.27364e-12    0    1.27364e-12    0.0114924    0.0114924 
0.149601    5e-12    6.27332e-12    0    1.27332e-12    0.011519    0.011519 
0.149377    5e-12    6.273e-12    0    1.273e-12    0.0115464    0.0115464 
0.149154    5e-12    6.27269e-12    0    1.27269e-12    0.0115745    0.0115745 
0.148932    5e-12    6.27237e-12    0    1.27237e-12    0.0115745    0.0115745 
0.14871    5e-12    6.27206e-12    0    1.27206e-12    0.0116034    0.0116034 
0.148489    5e-12    6.27175e-12    0    1.27175e-12    0.011633    0.011633 
0.148269    5e-12    6.27144e-12    0    1.27144e-12    0.0116635    0.0116635 
0.148049    5e-12    6.27113e-12    0    1.27113e-12    0.0116635    0.0116635 
0.14783    5e-12    6.27082e-12    0    1.27082e-12    0.0116947    0.0116947 
0.147611    5e-12    6.27051e-12    0    1.27051e-12    0.0117268    0.0117268 
0.147394    5e-12    6.27021e-12    0    1.27021e-12    0.0117268    0.0117268 
0.147177    5e-12    6.2699e-12    0    1.2699e-12    0.0117596    0.0117596 
0.14696    5e-12    6.2696e-12    0    1.2696e-12    0.0117932    0.0117932 
0.146744    5e-12    6.2693e-12    0    1.2693e-12    0.0117932    0.0117932 
0.146529    5e-12    6.269e-12    0    1.269e-12    0.0118276    0.0118276 
0.146314    5e-12    6.2687e-12    0    1.2687e-12    0.0118628    0.0118628 
0.1461    5e-12    6.2684e-12    0    1.2684e-12    0.0118988    0.0118988 
0.145887    5e-12    6.2681e-12    0    1.2681e-12    0.0118988    0.0118988 
0.145674    5e-12    6.26781e-12    0    1.26781e-12    0.0119355    0.0119355 
0.145462    5e-12    6.26751e-12    0    1.26751e-12    0.011973    0.011973 
0.145251    5e-12    6.26722e-12    0    1.26722e-12    0.011973    0.011973 
0.14504    5e-12    6.26693e-12    0    1.26693e-12    0.0120112    0.0120112 
0.14483    5e-12    6.26664e-12    0    1.26664e-12    0.0120501    0.0120501 
0.14462    5e-12    6.26635e-12    0    1.26635e-12    0.0120896    0.0120896 
0.144411    5e-12    6.26606e-12    0    1.26606e-12    0.0120896    0.0120896 
0.144202    5e-12    6.26578e-12    0    1.26578e-12    0.0121299    0.0121299 
0.143994    5e-12    6.26549e-12    0    1.26549e-12    0.0121706    0.0121706 
0.143787    5e-12    6.26521e-12    0    1.26521e-12    0.0121706    0.0121706 
0.143581    5e-12    6.26492e-12    0    1.26492e-12    0.012212    0.012212 
0.143375    5e-12    6.26464e-12    0    1.26464e-12    0.012254    0.012254 
0.143169    5e-12    6.26436e-12    0    1.26436e-12    0.012254    0.012254 
0.142964    5e-12    6.26408e-12    0    1.26408e-12    0.0122964    0.0122964 
0.14276    5e-12    6.2638e-12    0    1.2638e-12    0.0123393    0.0123393 
0.142556    5e-12    6.26353e-12    0    1.26353e-12    0.0123393    0.0123393 
0.142353    5e-12    6.26325e-12    0    1.26325e-12    0.0123827    0.0123827 
0.14215    5e-12    6.26298e-12    0    1.26298e-12    0.0124264    0.0124264 
0.141948    5e-12    6.2627e-12    0    1.2627e-12    0.0124704    0.0124704 
0.141747    5e-12    6.26243e-12    0    1.26243e-12    0.0124704    0.0124704 
0.141546    5e-12    6.26216e-12    0    1.26216e-12    0.0125147    0.0125147 
0.141346    5e-12    6.26189e-12    0    1.26189e-12    0.0125593    0.0125593 
0.141146    5e-12    6.26162e-12    0    1.26162e-12    0.0125593    0.0125593 
0.140947    5e-12    6.26135e-12    0    1.26135e-12    0.012604    0.012604 
0.140749    5e-12    6.26109e-12    0    1.26109e-12    0.0126488    0.0126488 
0.140551    5e-12    6.26082e-12    0    1.26082e-12    0.0126488    0.0126488 
0.140353    5e-12    6.26056e-12    0    1.26056e-12    0.0126937    0.0126937 
0.140156    5e-12    6.2603e-12    0    1.2603e-12    0.0127386    0.0127386 
0.13996    5e-12    6.26003e-12    0    1.26003e-12    0.0127386    0.0127386 
0.139764    5e-12    6.25977e-12    0    1.25977e-12    0.0127835    0.0127835 
0.139569    5e-12    6.25951e-12    0    1.25951e-12    0.0128282    0.0128282 
0.139374    5e-12    6.25925e-12    0    1.25925e-12    0.0128282    0.0128282 
0.13918    5e-12    6.259e-12    0    1.259e-12    0.0128728    0.0128728 
0.138986    5e-12    6.25874e-12    0    1.25874e-12    0.0129172    0.0129172 
0.138793    5e-12    6.25848e-12    0    1.25848e-12    0.0129172    0.0129172 
0.138601    5e-12    6.25823e-12    0    1.25823e-12    0.0129612    0.0129612 
0.138408    5e-12    6.25798e-12    0    1.25798e-12    0.0130049    0.0130049 
0.138217    5e-12    6.25772e-12    0    1.25772e-12    0.0130049    0.0130049 
0.138026    5e-12    6.25747e-12    0    1.25747e-12    0.0130482    0.0130482 
0.137836    5e-12    6.25722e-12    0    1.25722e-12    0.013091    0.013091 
0.137646    5e-12    6.25697e-12    0    1.25697e-12    0.013091    0.013091 
0.137456    5e-12    6.25673e-12    0    1.25673e-12    0.0131333    0.0131333 
0.137267    5e-12    6.25648e-12    0    1.25648e-12    0.013175    0.013175 
0.137079    5e-12    6.25623e-12    0    1.25623e-12    0.013175    0.013175 
0.136891    5e-12    6.25599e-12    0    1.25599e-12    0.0132161    0.0132161 
0.136704    5e-12    6.25574e-12    0    1.25574e-12    0.0132564    0.0132564 
0.136517    5e-12    6.2555e-12    0    1.2555e-12    0.0132564    0.0132564 
0.136331    5e-12    6.25526e-12    0    1.25526e-12    0.013296    0.013296 
0.136145    5e-12    6.25502e-12    0    1.25502e-12    0.0133348    0.0133348 
0.13596    5e-12    6.25478e-12    0    1.25478e-12    0.0133348    0.0133348 
0.135775    5e-12    6.25454e-12    0    1.25454e-12    0.0133728    0.0133728 
0.135591    5e-12    6.2543e-12    0    1.2543e-12    0.0134098    0.0134098 
0.135407    5e-12    6.25406e-12    0    1.25406e-12    0.0134098    0.0134098 
0.135224    5e-12    6.25382e-12    0    1.25382e-12    0.0134459    0.0134459 
0.135041    5e-12    6.25359e-12    0    1.25359e-12    0.013481    0.013481 
0.134858    5e-12    6.25335e-12    0    1.25335e-12    0.013481    0.013481 
0.134677    5e-12    6.25312e-12    0    1.25312e-12    0.0135152    0.0135152 
0.134495    5e-12    6.25289e-12    0    1.25289e-12    0.0135483    0.0135483 
0.134315    5e-12    6.25266e-12    0    1.25266e-12    0.0135483    0.0135483 
0.134134    5e-12    6.25242e-12    0    1.25242e-12    0.0135801    0.0135801 
0.133954    5e-12    6.25219e-12    0    1.25219e-12    0.0135801    0.0135801 
0.133775    5e-12    6.25196e-12    0    1.25196e-12    0.0136111    0.0136111 
0.133596    5e-12    6.25173e-12    0    1.25173e-12    0.0136408    0.0136408 
0.133418    5e-12    6.25151e-12    0    1.25151e-12    0.0136408    0.0136408 
0.13324    5e-12    6.25128e-12    0    1.25128e-12    0.0136694    0.0136694 
0.133062    5e-12    6.25105e-12    0    1.25105e-12    0.0136969    0.0136969 
0.132885    5e-12    6.25083e-12    0    1.25083e-12    0.0136969    0.0136969 
0.132709    5e-12    6.2506e-12    0    1.2506e-12    0.0137231    0.0137231 
0.132533    5e-12    6.25038e-12    0    1.25038e-12    0.0137482    0.0137482 
0.132357    5e-12    6.25016e-12    0    1.25016e-12    0.0137482    0.0137482 
0.132182    5e-12    6.24993e-12    0    1.24993e-12    0.0137721    0.0137721 
0.132007    5e-12    6.24971e-12    0    1.24971e-12    0.0137948    0.0137948 
0.131833    5e-12    6.24949e-12    0    1.24949e-12    0.0137948    0.0137948 
0.131659    5e-12    6.24927e-12    0    1.24927e-12    0.0138164    0.0138164 
0.131486    5e-12    6.24905e-12    0    1.24905e-12    0.0138164    0.0138164 
0.131313    5e-12    6.24883e-12    0    1.24883e-12    0.0138367    0.0138367 
0.131141    5e-12    6.24861e-12    0    1.24861e-12    0.0138559    0.0138559 
0.130969    5e-12    6.2484e-12    0    1.2484e-12    0.0138559    0.0138559 
0.130797    5e-12    6.24818e-12    0    1.24818e-12    0.0138741    0.0138741 
0.130626    5e-12    6.24796e-12    0    1.24796e-12    0.013891    0.013891 
0.130456    5e-12    6.24775e-12    0    1.24775e-12    0.013891    0.013891 
0.130286    5e-12    6.24753e-12    0    1.24753e-12    0.0139069    0.0139069 
0.130116    5e-12    6.24732e-12    0    1.24732e-12    0.0139217    0.0139217 
0.129947    5e-12    6.24711e-12    0    1.24711e-12    0.0139217    0.0139217 
0.129778    5e-12    6.24689e-12    0    1.24689e-12    0.0139355    0.0139355 
0.12961    5e-12    6.24668e-12    0    1.24668e-12    0.0139355    0.0139355 
0.129442    5e-12    6.24647e-12    0    1.24647e-12    0.0139483    0.0139483 
0.129274    5e-12    6.24626e-12    0    1.24626e-12    0.0139602    0.0139602 
0.129107    5e-12    6.24605e-12    0    1.24605e-12    0.0139602    0.0139602 
0.12894    5e-12    6.24584e-12    0    1.24584e-12    0.0139711    0.0139711 
0.128774    5e-12    6.24563e-12    0    1.24563e-12    0.0139812    0.0139812 
0.128608    5e-12    6.24543e-12    0    1.24543e-12    0.0139812    0.0139812 
0.128443    5e-12    6.24522e-12    0    1.24522e-12    0.0139905    0.0139905 
0.128278    5e-12    6.24501e-12    0    1.24501e-12    0.0139905    0.0139905 
0.128114    5e-12    6.24481e-12    0    1.24481e-12    0.013999    0.013999 
0.12795    5e-12    6.2446e-12    0    1.2446e-12    0.0140067    0.0140067 
0.127786    5e-12    6.24439e-12    0    1.24439e-12    0.0140067    0.0140067 
0.127623    5e-12    6.24419e-12    0    1.24419e-12    0.0140139    0.0140139 
0.12746    5e-12    6.24399e-12    0    1.24399e-12    0.0140139    0.0140139 
0.127297    5e-12    6.24378e-12    0    1.24378e-12    0.0140203    0.0140203 
0.127135    5e-12    6.24358e-12    0    1.24358e-12    0.0140263    0.0140263 
0.126974    5e-12    6.24338e-12    0    1.24338e-12    0.0140263    0.0140263 
0.126813    5e-12    6.24318e-12    0    1.24318e-12    0.0140318    0.0140318 
0.126652    5e-12    6.24298e-12    0    1.24298e-12    0.0140367    0.0140367 
0.126491    5e-12    6.24278e-12    0    1.24278e-12    0.0140367    0.0140367 
0.126332    5e-12    6.24258e-12    0    1.24258e-12    0.0140414    0.0140414 
0.126172    5e-12    6.24238e-12    0    1.24238e-12    0.0140414    0.0140414 
0.126013    5e-12    6.24218e-12    0    1.24218e-12    0.0140457    0.0140457 
0.125854    5e-12    6.24198e-12    0    1.24198e-12    0.0140497    0.0140497 
0.125696    5e-12    6.24178e-12    0    1.24178e-12    0.0140497    0.0140497 
0.125538    5e-12    6.24159e-12    0    1.24159e-12    0.0140535    0.0140535 
0.12538    5e-12    6.24139e-12    0    1.24139e-12    0.0140535    0.0140535 
0.125223    5e-12    6.24119e-12    0    1.24119e-12    0.0140571    0.0140571 
0.125066    5e-12    6.241e-12    0    1.241e-12    0.0140606    0.0140606 
0.12491    5e-12    6.2408e-12    0    1.2408e-12    0.0140606    0.0140606 
0.124754    5e-12    6.24061e-12    0    1.24061e-12    0.0140642    0.0140642 
0.124598    5e-12    6.24042e-12    0    1.24042e-12    0.0140642    0.0140642 
0.124443    5e-12    6.24022e-12    0    1.24022e-12    0.0140676    0.0140676 
0.124288    5e-12    6.24003e-12    0    1.24003e-12    0.0140713    0.0140713 
0.124134    5e-12    6.23984e-12    0    1.23984e-12    0.0140713    0.0140713 
0.12398    5e-12    6.23965e-12    0    1.23965e-12    0.014075    0.014075 
0.123826    5e-12    6.23946e-12    0    1.23946e-12    0.014075    0.014075 
0.123673    5e-12    6.23927e-12    0    1.23927e-12    0.014079    0.014079 
0.12352    5e-12    6.23908e-12    0    1.23908e-12    0.014083    0.014083 
0.123367    5e-12    6.23889e-12    0    1.23889e-12    0.014083    0.014083 
0.123215    5e-12    6.2387e-12    0    1.2387e-12    0.0140874    0.0140874 
0.123063    5e-12    6.23851e-12    0    1.23851e-12    0.0140874    0.0140874 
0.122912    5e-12    6.23832e-12    0    1.23832e-12    0.0140921    0.0140921 
0.122761    5e-12    6.23813e-12    0    1.23813e-12    0.0140972    0.0140972 
0.12261    5e-12    6.23795e-12    0    1.23795e-12    0.0140972    0.0140972 
0.12246    5e-12    6.23776e-12    0    1.23776e-12    0.0141027    0.0141027 
0.12231    5e-12    6.23757e-12    0    1.23757e-12    0.0141027    0.0141027 
0.122161    5e-12    6.23739e-12    0    1.23739e-12    0.0141087    0.0141087 
0.122011    5e-12    6.2372e-12    0    1.2372e-12    0.014115    0.014115 
0.121862    5e-12    6.23702e-12    0    1.23702e-12    0.014115    0.014115 
0.121714    5e-12    6.23684e-12    0    1.23684e-12    0.0141221    0.0141221 
0.121566    5e-12    6.23665e-12    0    1.23665e-12    0.0141221    0.0141221 
0.121418    5e-12    6.23647e-12    0    1.23647e-12    0.0141296    0.0141296 
0.121271    5e-12    6.23629e-12    0    1.23629e-12    0.0141296    0.0141296 
0.121124    5e-12    6.23611e-12    0    1.23611e-12    0.0141376    0.0141376 
0.120977    5e-12    6.23592e-12    0    1.23592e-12    0.0141463    0.0141463 
0.120831    5e-12    6.23574e-12    0    1.23574e-12    0.0141463    0.0141463 
0.120685    5e-12    6.23556e-12    0    1.23556e-12    0.0141557    0.0141557 
0.120539    5e-12    6.23538e-12    0    1.23538e-12    0.0141557    0.0141557 
0.120394    5e-12    6.2352e-12    0    1.2352e-12    0.0141657    0.0141657 
0.120249    5e-12    6.23503e-12    0    1.23503e-12    0.0141764    0.0141764 
0.120104    5e-12    6.23485e-12    0    1.23485e-12    0.0141764    0.0141764 
0.11996    5e-12    6.23467e-12    0    1.23467e-12    0.0141877    0.0141877 
0.119816    5e-12    6.23449e-12    0    1.23449e-12    0.0141877    0.0141877 
0.119673    5e-12    6.23432e-12    0    1.23432e-12    0.0142    0.0142 
0.11953    5e-12    6.23414e-12    0    1.23414e-12    0.0142    0.0142 
0.119387    5e-12    6.23396e-12    0    1.23396e-12    0.0142127    0.0142127 
0.119244    5e-12    6.23379e-12    0    1.23379e-12    0.0142264    0.0142264 
0.119102    5e-12    6.23361e-12    0    1.23361e-12    0.0142264    0.0142264 
0.11896    5e-12    6.23344e-12    0    1.23344e-12    0.0142406    0.0142406 
0.118819    5e-12    6.23326e-12    0    1.23326e-12    0.0142406    0.0142406 
0.118678    5e-12    6.23309e-12    0    1.23309e-12    0.0142558    0.0142558 
0.118537    5e-12    6.23292e-12    0    1.23292e-12    0.0142558    0.0142558 
0.118396    5e-12    6.23275e-12    0    1.23275e-12    0.0142717    0.0142717 
0.118256    5e-12    6.23257e-12    0    1.23257e-12    0.0142882    0.0142882 
0.118116    5e-12    6.2324e-12    0    1.2324e-12    0.0142882    0.0142882 
0.117977    5e-12    6.23223e-12    0    1.23223e-12    0.0143057    0.0143057 
0.117838    5e-12    6.23206e-12    0    1.23206e-12    0.0143057    0.0143057 
0.117699    5e-12    6.23189e-12    0    1.23189e-12    0.0143237    0.0143237 
0.11756    5e-12    6.23172e-12    0    1.23172e-12    0.0143237    0.0143237 
0.117422    5e-12    6.23155e-12    0    1.23155e-12    0.0143425    0.0143425 
0.117284    5e-12    6.23138e-12    0    1.23138e-12    0.0143621    0.0143621 
0.117147    5e-12    6.23122e-12    0    1.23122e-12    0.0143621    0.0143621 
0.11701    5e-12    6.23105e-12    0    1.23105e-12    0.0143824    0.0143824 
0.116873    5e-12    6.23088e-12    0    1.23088e-12    0.0143824    0.0143824 
0.116736    5e-12    6.23072e-12    0    1.23072e-12    0.0144033    0.0144033 
0.1166    5e-12    6.23055e-12    0    1.23055e-12    0.0144033    0.0144033 
0.116464    5e-12    6.23038e-12    0    1.23038e-12    0.0144252    0.0144252 
0.116328    5e-12    6.23022e-12    0    1.23022e-12    0.0144474    0.0144474 
0.116193    5e-12    6.23005e-12    0    1.23005e-12    0.0144474    0.0144474 
0.116058    5e-12    6.22989e-12    0    1.22989e-12    0.0144704    0.0144704 
0.115923    5e-12    6.22973e-12    0    1.22973e-12    0.0144704    0.0144704 
0.115789    5e-12    6.22956e-12    0    1.22956e-12    0.0144939    0.0144939 
0.115655    5e-12    6.2294e-12    0    1.2294e-12    0.0144939    0.0144939 
0.115521    5e-12    6.22924e-12    0    1.22924e-12    0.0145181    0.0145181 
0.115388    5e-12    6.22908e-12    0    1.22908e-12    0.0145181    0.0145181 
0.115255    5e-12    6.22892e-12    0    1.22892e-12    0.0145428    0.0145428 
0.115122    5e-12    6.22875e-12    0    1.22875e-12    0.014568    0.014568 
0.114989    5e-12    6.22859e-12    0    1.22859e-12    0.014568    0.014568 
0.114857    5e-12    6.22843e-12    0    1.22843e-12    0.0145937    0.0145937 
0.114725    5e-12    6.22827e-12    0    1.22827e-12    0.0145937    0.0145937 
0.114594    5e-12    6.22812e-12    0    1.22812e-12    0.0146199    0.0146199 
0.114462    5e-12    6.22796e-12    0    1.22796e-12    0.0146199    0.0146199 
0.114331    5e-12    6.2278e-12    0    1.2278e-12    0.0146466    0.0146466 
0.114201    5e-12    6.22764e-12    0    1.22764e-12    0.0146466    0.0146466 
0.11407    5e-12    6.22749e-12    0    1.22749e-12    0.0146735    0.0146735 
0.11394    5e-12    6.22733e-12    0    1.22733e-12    0.0147007    0.0147007 
0.11381    5e-12    6.22717e-12    0    1.22717e-12    0.0147007    0.0147007 
0.113681    5e-12    6.22702e-12    0    1.22702e-12    0.0147284    0.0147284 
0.113552    5e-12    6.22686e-12    0    1.22686e-12    0.0147284    0.0147284 
0.113423    5e-12    6.22671e-12    0    1.22671e-12    0.0147563    0.0147563 
0.113294    5e-12    6.22655e-12    0    1.22655e-12    0.0147563    0.0147563 
0.113166    5e-12    6.2264e-12    0    1.2264e-12    0.0147841    0.0147841 
0.113038    5e-12    6.22624e-12    0    1.22624e-12    0.0147841    0.0147841 
0.11291    5e-12    6.22609e-12    0    1.22609e-12    0.0148126    0.0148126 
0.112782    5e-12    6.22594e-12    0    1.22594e-12    0.0148408    0.0148408 
0.112655    5e-12    6.22579e-12    0    1.22579e-12    0.0148408    0.0148408 
0.112528    5e-12    6.22564e-12    0    1.22564e-12    0.0148695    0.0148695 
0.112402    5e-12    6.22548e-12    0    1.22548e-12    0.0148695    0.0148695 
0.112275    5e-12    6.22533e-12    0    1.22533e-12    0.0148981    0.0148981 
0.112149    5e-12    6.22518e-12    0    1.22518e-12    0.0148981    0.0148981 
0.112024    5e-12    6.22503e-12    0    1.22503e-12    0.0149265    0.0149265 
0.111898    5e-12    6.22488e-12    0    1.22488e-12    0.0149265    0.0149265 
0.111773    5e-12    6.22474e-12    0    1.22474e-12    0.0149551    0.0149551 
0.111648    5e-12    6.22459e-12    0    1.22459e-12    0.0149551    0.0149551 
0.111523    5e-12    6.22444e-12    0    1.22444e-12    0.0149833    0.0149833 
0.111399    5e-12    6.22429e-12    0    1.22429e-12    0.0149833    0.0149833 
0.111275    5e-12    6.22414e-12    0    1.22414e-12    0.0150115    0.0150115 
0.111151    5e-12    6.224e-12    0    1.224e-12    0.0150398    0.0150398 
0.111028    5e-12    6.22385e-12    0    1.22385e-12    0.0150398    0.0150398 
0.110904    5e-12    6.2237e-12    0    1.2237e-12    0.0150675    0.0150675 
0.110781    5e-12    6.22356e-12    0    1.22356e-12    0.0150675    0.0150675 
0.110659    5e-12    6.22341e-12    0    1.22341e-12    0.0150951    0.0150951 
0.110536    5e-12    6.22327e-12    0    1.22327e-12    0.0150951    0.0150951 
0.110414    5e-12    6.22312e-12    0    1.22312e-12    0.0151225    0.0151225 
0.110292    5e-12    6.22298e-12    0    1.22298e-12    0.0151225    0.0151225 
0.11017    5e-12    6.22284e-12    0    1.22284e-12    0.0151493    0.0151493 
0.110049    5e-12    6.22269e-12    0    1.22269e-12    0.0151493    0.0151493 
0.109928    5e-12    6.22255e-12    0    1.22255e-12    0.0151758    0.0151758 
0.109807    5e-12    6.22241e-12    0    1.22241e-12    0.0151758    0.0151758 
0.109687    5e-12    6.22227e-12    0    1.22227e-12    0.0152019    0.0152019 
0.109566    5e-12    6.22213e-12    0    1.22213e-12    0.0152019    0.0152019 
0.109446    5e-12    6.22198e-12    0    1.22198e-12    0.0152276    0.0152276 
0.109327    5e-12    6.22184e-12    0    1.22184e-12    0.0152528    0.0152528 
0.109207    5e-12    6.2217e-12    0    1.2217e-12    0.0152528    0.0152528 
0.109088    5e-12    6.22156e-12    0    1.22156e-12    0.0152776    0.0152776 
0.108969    5e-12    6.22142e-12    0    1.22142e-12    0.0152776    0.0152776 
0.10885    5e-12    6.22128e-12    0    1.22128e-12    0.0153019    0.0153019 
0.108732    5e-12    6.22115e-12    0    1.22115e-12    0.0153019    0.0153019 
0.108613    5e-12    6.22101e-12    0    1.22101e-12    0.0153251    0.0153251 
0.108495    5e-12    6.22087e-12    0    1.22087e-12    0.0153251    0.0153251 
0.108378    5e-12    6.22073e-12    0    1.22073e-12    0.015348    0.015348 
0.10826    5e-12    6.22059e-12    0    1.22059e-12    0.015348    0.015348 
0.108143    5e-12    6.22046e-12    0    1.22046e-12    0.0153702    0.0153702 
0.108026    5e-12    6.22032e-12    0    1.22032e-12    0.0153702    0.0153702 
0.107909    5e-12    6.22018e-12    0    1.22018e-12    0.015392    0.015392 
0.107793    5e-12    6.22005e-12    0    1.22005e-12    0.015392    0.015392 
0.107677    5e-12    6.21991e-12    0    1.21991e-12    0.0154131    0.0154131 
0.107561    5e-12    6.21978e-12    0    1.21978e-12    0.0154131    0.0154131 
0.107445    5e-12    6.21964e-12    0    1.21964e-12    0.0154333    0.0154333 
0.10733    5e-12    6.21951e-12    0    1.21951e-12    0.0154333    0.0154333 
0.107215    5e-12    6.21937e-12    0    1.21937e-12    0.0154531    0.0154531 
0.1071    5e-12    6.21924e-12    0    1.21924e-12    0.0154531    0.0154531 
0.106985    5e-12    6.21911e-12    0    1.21911e-12    0.0154718    0.0154718 
0.10687    5e-12    6.21897e-12    0    1.21897e-12    0.0154718    0.0154718 
0.106756    5e-12    6.21884e-12    0    1.21884e-12    0.01549    0.01549 
0.106642    5e-12    6.21871e-12    0    1.21871e-12    0.0155073    0.0155073 
0.106529    5e-12    6.21858e-12    0    1.21858e-12    0.0155073    0.0155073 
0.106415    5e-12    6.21844e-12    0    1.21844e-12    0.0155244    0.0155244 
0.106302    5e-12    6.21831e-12    0    1.21831e-12    0.0155244    0.0155244 
0.106189    5e-12    6.21818e-12    0    1.21818e-12    0.0155405    0.0155405 
0.106076    5e-12    6.21805e-12    0    1.21805e-12    0.0155405    0.0155405 
0.105964    5e-12    6.21792e-12    0    1.21792e-12    0.0155557    0.0155557 
0.105851    5e-12    6.21779e-12    0    1.21779e-12    0.0155557    0.0155557 
0.105739    5e-12    6.21766e-12    0    1.21766e-12    0.0155704    0.0155704 
0.105628    5e-12    6.21753e-12    0    1.21753e-12    0.0155704    0.0155704 
0.105516    5e-12    6.2174e-12    0    1.2174e-12    0.0155843    0.0155843 
0.105405    5e-12    6.21727e-12    0    1.21727e-12    0.0155843    0.0155843 
0.105294    5e-12    6.21715e-12    0    1.21715e-12    0.0155976    0.0155976 
0.105183    5e-12    6.21702e-12    0    1.21702e-12    0.0155976    0.0155976 
0.105072    5e-12    6.21689e-12    0    1.21689e-12    0.0156101    0.0156101 
0.104962    5e-12    6.21676e-12    0    1.21676e-12    0.0156101    0.0156101 
0.104851    5e-12    6.21664e-12    0    1.21664e-12    0.0156221    0.0156221 
0.104742    5e-12    6.21651e-12    0    1.21651e-12    0.0156221    0.0156221 
0.104632    5e-12    6.21638e-12    0    1.21638e-12    0.0156335    0.0156335 
0.104522    5e-12    6.21626e-12    0    1.21626e-12    0.0156335    0.0156335 
0.104413    5e-12    6.21613e-12    0    1.21613e-12    0.0156444    0.0156444 
0.104304    5e-12    6.216e-12    0    1.216e-12    0.0156444    0.0156444 
0.104195    5e-12    6.21588e-12    0    1.21588e-12    0.0156543    0.0156543 
0.104087    5e-12    6.21575e-12    0    1.21575e-12    0.0156543    0.0156543 
0.103978    5e-12    6.21563e-12    0    1.21563e-12    0.0156639    0.0156639 
0.10387    5e-12    6.2155e-12    0    1.2155e-12    0.0156639    0.0156639 
0.103762    5e-12    6.21538e-12    0    1.21538e-12    0.0156728    0.0156728 
0.103655    5e-12    6.21526e-12    0    1.21526e-12    0.0156728    0.0156728 
0.103547    5e-12    6.21513e-12    0    1.21513e-12    0.0156817    0.0156817 
0.10344    5e-12    6.21501e-12    0    1.21501e-12    0.0156817    0.0156817 
0.103333    5e-12    6.21489e-12    0    1.21489e-12    0.0156898    0.0156898 
0.103226    5e-12    6.21476e-12    0    1.21476e-12    0.0156898    0.0156898 
0.10312    5e-12    6.21464e-12    0    1.21464e-12    0.0156975    0.0156975 
0.103013    5e-12    6.21452e-12    0    1.21452e-12    0.0156975    0.0156975 
0.102907    5e-12    6.2144e-12    0    1.2144e-12    0.0157047    0.0157047 
0.102801    5e-12    6.21427e-12    0    1.21427e-12    0.0157047    0.0157047 
0.102696    5e-12    6.21415e-12    0    1.21415e-12    0.0157116    0.0157116 
0.10259    5e-12    6.21403e-12    0    1.21403e-12    0.0157116    0.0157116 
0.102485    5e-12    6.21391e-12    0    1.21391e-12    0.0157182    0.0157182 
0.10238    5e-12    6.21379e-12    0    1.21379e-12    0.0157182    0.0157182 
0.102275    5e-12    6.21367e-12    0    1.21367e-12    0.0157246    0.0157246 
0.102171    5e-12    6.21355e-12    0    1.21355e-12    0.0157246    0.0157246 
0.102066    5e-12    6.21343e-12    0    1.21343e-12    0.0157305    0.0157305 
0.101962    5e-12    6.21331e-12    0    1.21331e-12    0.0157305    0.0157305 
0.101858    5e-12    6.21319e-12    0    1.21319e-12    0.0157362    0.0157362 
0.101754    5e-12    6.21307e-12    0    1.21307e-12    0.0157362    0.0157362 
0.101651    5e-12    6.21295e-12    0    1.21295e-12    0.0157422    0.0157422 
0.101547    5e-12    6.21284e-12    0    1.21284e-12    0.0157422    0.0157422 
0.101444    5e-12    6.21272e-12    0    1.21272e-12    0.0157478    0.0157478 
0.101341    5e-12    6.2126e-12    0    1.2126e-12    0.0157478    0.0157478 
0.101239    5e-12    6.21248e-12    0    1.21248e-12    0.0157529    0.0157529 
0.101136    5e-12    6.21237e-12    0    1.21237e-12    0.0157529    0.0157529 
0.101034    5e-12    6.21225e-12    0    1.21225e-12    0.0157587    0.0157587 
0.100932    5e-12    6.21213e-12    0    1.21213e-12    0.0157587    0.0157587 
0.10083    5e-12    6.21202e-12    0    1.21202e-12    0.0157638    0.0157638 
0.100728    5e-12    6.2119e-12    0    1.2119e-12    0.0157638    0.0157638 
0.100627    5e-12    6.21178e-12    0    1.21178e-12    0.015769    0.015769 
0.100526    5e-12    6.21167e-12    0    1.21167e-12    0.015769    0.015769 
0.100425    5e-12    6.21155e-12    0    1.21155e-12    0.0157747    0.0157747 
0.100324    5e-12    6.21144e-12    0    1.21144e-12    0.0157747    0.0157747 
0.100223    5e-12    6.21132e-12    0    1.21132e-12    0.0157747    0.0157747 
0.100123    5e-12    6.21121e-12    0    1.21121e-12    0.0157801    0.0157801 
0.100022    5e-12    6.21109e-12    0    1.21109e-12    0.0157801    0.0157801 
