6.66667    6.45152e-08    6.45152e-08    6.45102e-08    6.45102e-08    0.00308507    0.00308507 
6.25    2.59569e-08    2.59603e-08    2.59519e-08    2.59553e-08    0.00308507    0.00308507 
5.88235    1.03919e-08    1.03957e-08    1.03869e-08    1.03907e-08    0.00308507    0.00308507 
5.55555    4.14266e-09    4.147e-09    4.13766e-09    4.142e-09    0.00308507    0.00308507 
5.26316    1.64569e-09    1.65054e-09    1.64069e-09    1.64554e-09    0.00308507    0.00308507 
5    6.5229e-10    6.57674e-10    6.4729e-10    6.52674e-10    0.00308507    0.00308507 
4.7619    2.58613e-10    2.64519e-10    2.53613e-10    2.59519e-10    0.00308507    0.00308507 
4.54545    1.03164e-10    1.09524e-10    9.81636e-11    1.04524e-10    0.00308507    0.00308507 
4.34782    4.20123e-11    4.86334e-11    3.70123e-11    4.36334e-11    0.00308507    0.00308507 
4.16666    1.81141e-11    2.46275e-11    1.31141e-11    1.96275e-11    0.00308507    0.00308507 
3.99984    9.00405e-12    1.48925e-11    4.00405e-12    9.89251e-12    0.00308507    0.00308507 
3.84601    5.9217e-12    1.06812e-11    9.21703e-13    5.68118e-12    0.00308507    0.00308507 
3.70357    5.15951e-12    8.64845e-12    1.59505e-13    3.64845e-12    0.00308507    0.00308507 
3.5713    5.0246e-12    7.54406e-12    2.46035e-14    2.54406e-12    0.00308507    0.00308507 
3.44816    5.0037e-12    6.87889e-12    3.69828e-15    1.87889e-12    0.00308507    0.00308507 
3.33322    5.00055e-12    6.44533e-12    5.52132e-16    1.44533e-12    0.00308507    0.00308507 
3.2257    5.00008e-12    6.14584e-12    8.21334e-17    1.14584e-12    0.00308507    0.00308507 
3.1249    5.00001e-12    5.92984e-12    1.21818e-17    9.29841e-13    0.00308507    0.00308507 
3.03012    5e-12    5.76869e-12    1.7984e-18    7.68695e-13    0.00308507    0.00308507 
2.94092    5e-12    5.64542e-12    2.6482e-19    6.45425e-13    0.00308507    0.00308507 
2.85682    5e-12    5.5491e-12    3.89012e-20    5.49098e-13    0.00308507    0.00308507 
2.77739    5e-12    5.47247e-12    5.70142e-21    4.72473e-13    0.00308507    0.00308507 
2.70226    5e-12    5.41059e-12    8.33803e-22    4.10591e-13    0.00308507    0.00308507 
2.63109    5e-12    5.35995e-12    1.21689e-22    3.59955e-13    0.00308507    0.00308507 
2.56358    5e-12    5.31804e-12    1.77253e-23    3.18043e-13    0.00308507    0.00308507 
2.49944    5e-12    5.283e-12    2.57708e-24    2.82996e-13    0.00308507    0.00308507 
2.43843    5e-12    5.25342e-12    3.74023e-25    2.53422e-13    0.00308507    0.00308507 
2.38033    5e-12    5.22826e-12    5.41921e-26    2.2826e-13    0.00308507    0.00308507 
2.32493    5e-12    5.20669e-12    7.8393e-27    2.06691e-13    0.00308507    0.00308507 
2.27206    5e-12    5.18808e-12    1.13228e-27    1.88075e-13    0.00308507    0.00308507 
2.22153    5e-12    5.17191e-12    1.63301e-28    1.71908e-13    0.00308507    0.00308507 
2.1732    5e-12    5.15779e-12    2.35189e-29    1.57786e-13    0.00308507    0.00308507 
2.12694    5e-12    5.14538e-12    3.38268e-30    1.45384e-13    0.00308507    0.00308507 
2.0826    5e-12    5.13444e-12    4.85898e-31    1.34439e-13    0.00308507    0.00308507 
2.04007    5e-12    5.12473e-12    6.97093e-32    1.24735e-13    0.00308507    0.00308507 
1.99924    5e-12    5.11609e-12    9.98894e-33    1.16093e-13    0.00308507    0.00308507 
1.96002    5e-12    5.10837e-12    1.42972e-33    1.08368e-13    0.00308507    0.00308507 
1.9223    5e-12    5.10143e-12    2.04412e-34    1.01434e-13    0.00308507    0.00308507 
1.88601    5e-12    5.09519e-12    2.91945e-35    9.5189e-14    0.00308507    0.00308507 
1.85106    5e-12    5.08955e-12    4.16537e-36    8.95456e-14    0.00308507    0.00308507 
1.81739    5e-12    5.08443e-12    5.93714e-37    8.44295e-14    0.00308507    0.00308507 
1.78492    5e-12    5.07978e-12    8.45453e-38    7.97776e-14    0.00308507    0.00308507 
1.75359    5e-12    5.07554e-12    1.20283e-38    7.55357e-14    0.00308507    0.00308507 
1.72334    5e-12    5.07166e-12    1.70975e-39    7.16574e-14    0.00308507    0.00308507 
1.69411    5e-12    5.0681e-12    2.42824e-40    6.81024e-14    0.00308507    0.00308507 
1.66586    5e-12    5.06484e-12    3.44581e-41    6.48358e-14    0.00308507    0.00308507 
1.63854    5e-12    5.06183e-12    4.88588e-42    6.18273e-14    0.00308507    0.00308507 
1.6121    5e-12    5.05905e-12    6.92242e-43    5.90505e-14    0.00308507    0.00308507 
1.5865    5e-12    5.05648e-12    9.80047e-44    5.64821e-14    0.00308507    0.00308507 
1.56169    5e-12    5.0541e-12    1.3865e-44    5.41017e-14    0.00308507    0.00308507 
1.53768    5e-12    5.05189e-12    1.96397e-45    5.18934e-14    0.00308507    0.00308507 
1.51439    5e-12    5.04984e-12    2.78007e-46    4.9839e-14    0.00308507    0.00308507 
1.4918    5e-12    5.04792e-12    3.93266e-47    4.79245e-14    0.00308507    0.00308507 
1.46987    5e-12    5.04614e-12    5.55954e-48    4.61372e-14    0.00308507    0.00308507 
1.44858    5e-12    5.04447e-12    7.85451e-49    4.4466e-14    0.00308507    0.00308507 
1.4279    5e-12    5.0429e-12    1.10901e-49    4.29011e-14    0.00308507    0.00308507 
1.4078    5e-12    5.04143e-12    1.56494e-50    4.14334e-14    0.00308507    0.00308507 
1.38825    5e-12    5.04006e-12    2.20703e-51    4.0055e-14    0.00308507    0.00308507 
1.36924    5e-12    5.03876e-12    3.11083e-52    3.87587e-14    0.00308507    0.00308507 
1.35075    5e-12    5.03754e-12    4.38237e-53    3.7538e-14    0.00308507    0.00308507 
1.33275    5e-12    5.03639e-12    6.17038e-54    3.63871e-14    0.00308507    0.00308507 
1.31522    5e-12    5.0353e-12    8.68341e-55    3.53006e-14    0.00308507    0.00308507 
1.29814    5e-12    5.03427e-12    1.22138e-55    3.42737e-14    0.00308507    0.00308507 
1.28151    5e-12    5.0333e-12    1.71711e-56    3.3302e-14    0.00308507    0.00308507 
1.26529    5e-12    5.03238e-12    2.4129e-57    3.23817e-14    0.00308507    0.00308507 
1.24948    5e-12    5.03151e-12    3.38905e-58    3.15089e-14    0.00308507    0.00308507 
1.23407    5e-12    5.03068e-12    4.75795e-59    3.06805e-14    0.00308507    0.00308507 
1.21902    5e-12    5.02989e-12    6.67681e-60    2.98935e-14    0.00308507    0.00308507 
1.20434    5e-12    5.02914e-12    9.36549e-61    2.91449e-14    0.00308507    0.00308507 
1.19001    5e-12    5.02843e-12    1.31313e-61    2.84324e-14    0.00308507    0.00308507 
1.17601    5e-12    5.02775e-12    1.84038e-62    2.77536e-14    0.00308507    0.00308507 
1.16234    5e-12    5.02711e-12    2.57828e-63    2.71062e-14    0.00308507    0.00308507 
1.14899    5e-12    5.02649e-12    3.61063e-64    2.64884e-14    0.00308507    0.00308507 
1.13594    5e-12    5.0259e-12    5.05439e-65    2.58983e-14    0.00308507    0.00308507 
1.12318    5e-12    5.02533e-12    7.07279e-66    2.53342e-14    0.00308507    0.00308507 
1.1107    5e-12    5.02479e-12    9.89357e-67    2.47947e-14    0.00308507    0.00308507 
1.0985    5e-12    5.02428e-12    1.38344e-67    2.42781e-14    0.00308507    0.00308507 
1.08657    5e-12    5.02378e-12    1.9338e-68    2.37832e-14    0.00308507    0.00308507 
1.07489    5e-12    5.02331e-12    2.70219e-69    2.33088e-14    0.00308507    0.00308507 
1.06346    5e-12    5.02285e-12    3.77461e-70    2.28536e-14    0.00308507    0.00308507 
1.05227    5e-12    5.02242e-12    5.2709e-71    2.24167e-14    0.00308507    0.00308507 
1.04131    5e-12    5.022e-12    7.35796e-72    2.19971e-14    0.00308507    0.00308507 
1.03058    5e-12    5.02159e-12    1.02682e-72    2.15937e-14    0.00308507    0.00308507 
1.02006    5e-12    5.02121e-12    1.43249e-73    2.12057e-14    0.00308507    0.00308507 
1.00976    5e-12    5.02083e-12    1.99784e-74    2.08324e-14    0.00308507    0.00308507 
0.99967    5e-12    5.02047e-12    2.78547e-75    2.0473e-14    0.00308507    0.00308507 
0.989776    5e-12    5.02013e-12    3.88249e-76    2.01267e-14    0.00308507    0.00308507 
0.980075    5e-12    5.01979e-12    5.41e-77    1.97929e-14    0.00308507    0.00308507 
0.970563    5e-12    5.01947e-12    7.53636e-78    1.9471e-14    0.00308507    0.00308507 
0.961233    5e-12    5.01916e-12    1.04956e-78    1.91603e-14    0.00308507    0.00308507 
0.952082    5e-12    5.01886e-12    1.46128e-79    1.88605e-14    0.00308507    0.00308507 
0.943103    5e-12    5.01857e-12    2.03398e-80    1.85708e-14    0.00308507    0.00308507 
0.934291    5e-12    5.01829e-12    2.83038e-81    1.82909e-14    0.00308507    0.00308507 
0.925643    5e-12    5.01802e-12    3.93761e-82    1.80204e-14    0.00308507    0.00308507 
0.917154    5e-12    5.01776e-12    5.4766e-83    1.77586e-14    0.00308507    0.00308507 
0.908818    5e-12    5.01751e-12    7.61522e-84    1.75054e-14    0.00308507    0.00308507 
0.900633    5e-12    5.01726e-12    1.05864e-84    1.72602e-14    0.00308507    0.00308507 
0.892594    5e-12    5.01702e-12    1.47134e-85    1.70228e-14    0.00308507    0.00308507 
0.884697    5e-12    5.01679e-12    2.04444e-86    1.67928e-14    0.00308507    0.00308507 
0.876939    5e-12    5.01657e-12    2.84011e-87    1.65698e-14    0.00308507    0.00308507 
0.869316    5e-12    5.01635e-12    3.94456e-88    1.63536e-14    0.00308507    0.00308507 
0.861824    5e-12    5.01614e-12    5.47729e-89    1.61439e-14    0.00308507    0.00308507 
0.85446    5e-12    5.01594e-12    7.60394e-90    1.59404e-14    0.00308507    0.00308507 
0.847221    5e-12    5.01574e-12    1.0554e-90    1.57428e-14    0.00308507    0.00308507 
0.840103    5e-12    5.01555e-12    1.46456e-91    1.5551e-14    0.00308507    0.00308507 
0.833104    5e-12    5.01536e-12    2.03191e-92    1.53647e-14    0.00308507    0.00308507 
0.826221    5e-12    5.01518e-12    2.81847e-93    1.51836e-14    0.00308507    0.00308507 
0.81945    5e-12    5.01501e-12    3.90873e-94    1.50075e-14    0.00308507    0.00308507 
0.81279    5e-12    5.01484e-12    5.41965e-95    1.48364e-14    0.00308507    0.00308507 
0.806237    5e-12    5.01467e-12    7.51318e-96    1.46699e-14    0.00308507    0.00308507 
0.799789    5e-12    5.01451e-12    1.04134e-96    1.45079e-14    0.00308507    0.00308507 
0.793443    5e-12    5.01435e-12    1.44305e-97    1.43502e-14    0.00308507    0.00308507 
0.787197    5e-12    5.0142e-12    1.99934e-98    1.41967e-14    0.00308507    0.00308507 
0.781049    5e-12    5.01405e-12    2.76959e-99    1.40472e-14    0.00308507    0.00308507 
0.774996    5e-12    5.0139e-12    3.83588e-100    1.39015e-14    0.00308507    0.00308507 
0.769036    5e-12    5.01376e-12    5.31175e-101    1.37596e-14    0.00308507    0.00308507 
0.763167    5e-12    5.01362e-12    7.3542e-102    1.36212e-14    0.00308507    0.00308507 
0.757386    5e-12    5.01349e-12    1.01802e-102    1.34863e-14    0.00308507    0.00308507 
0.751693    5e-12    5.01335e-12    1.40899e-103    1.33548e-14    0.00308507    0.00308507 
0.746085    5e-12    5.01323e-12    1.94978e-104    1.32264e-14    0.00308507    0.00308507 
0.74056    5e-12    5.0131e-12    2.69769e-105    1.31012e-14    0.00308507    0.00308507 
0.735116    5e-12    5.01298e-12    3.73188e-106    1.2979e-14    0.00308507    0.00308507 
0.729751    5e-12    5.01286e-12    5.16172e-107    1.28597e-14    0.00308507    0.00308507 
0.724464    5e-12    5.01274e-12    7.13828e-108    1.27432e-14    0.00308507    0.00308507 
0.719254    5e-12    5.01263e-12    9.87018e-109    1.26294e-14    0.00308507    0.00308507 
0.714117    5e-12    5.01252e-12    1.36455e-109    1.25182e-14    0.00308507    0.00308507 
0.709054    5e-12    5.01241e-12    1.88621e-110    1.24096e-14    0.00308507    0.00308507 
0.704062    5e-12    5.0123e-12    2.60691e-111    1.23034e-14    0.00308507    0.00308507 
0.699139    5e-12    5.0122e-12    3.60246e-112    1.21996e-14    0.00308507    0.00308507 
0.694285    5e-12    5.0121e-12    4.97747e-113    1.20981e-14    0.00308507    0.00308507 
0.689498    5e-12    5.012e-12    6.87634e-114    1.19988e-14    0.00308507    0.00308507 
0.684777    5e-12    5.0119e-12    9.49826e-115    1.19017e-14    0.00308507    0.00308507 
0.680119    5e-12    5.01181e-12    1.31181e-115    1.18066e-14    0.00308507    0.00308507 
0.675525    5e-12    5.01171e-12    1.8115e-116    1.17136e-14    0.00308507    0.00308507 
0.670992    5e-12    5.01162e-12    2.5012e-117    1.16226e-14    0.00308507    0.00308507 
0.66652    5e-12    5.01153e-12    3.45303e-118    1.15335e-14    0.00308507    0.00308507 
0.662107    5e-12    5.01145e-12    4.76645e-119    1.14462e-14    0.00308507    0.00308507 
0.657752    5e-12    5.01136e-12    6.57861e-120    1.13608e-14    0.00308507    0.00308507 
0.653454    5e-12    5.01128e-12    9.07856e-121    1.1277e-14    0.00308507    0.00308507 
0.649212    5e-12    5.01119e-12    1.2527e-121    1.1195e-14    0.00308507    0.00308507 
0.645024    5e-12    5.01111e-12    1.7283e-122    1.11146e-14    0.00308507    0.00308507 
0.64089    5e-12    5.01104e-12    2.38419e-123    1.10358e-14    0.00308507    0.00308507 
0.636809    5e-12    5.01096e-12    3.28859e-124    1.09586e-14    0.00308507    0.00308507 
0.632779    5e-12    5.01088e-12    4.53551e-125    1.08828e-14    0.00308507    0.00308507 
0.6288    5e-12    5.01081e-12    6.25447e-126    1.08086e-14    0.00308507    0.00308507 
0.624871    5e-12    5.01074e-12    8.62393e-127    1.07358e-14    0.00308507    0.00308507 
0.620991    5e-12    5.01066e-12    1.18897e-127    1.06643e-14    0.00308507    0.00308507 
0.617158    5e-12    5.01059e-12    1.63902e-128    1.05942e-14    0.00308507    0.00308507 
0.613373    5e-12    5.01053e-12    2.25918e-129    1.05254e-14    0.00308507    0.00308507 
0.609633    5e-12    5.01046e-12    3.11363e-130    1.04579e-14    0.00308507    0.00308507 
0.605939    5e-12    5.01039e-12    4.29079e-131    1.03916e-14    0.00308507    0.00308507 
0.60229    5e-12    5.01033e-12    5.91235e-132    1.03266e-14    0.00308507    0.00308507 
0.598684    5e-12    5.01026e-12    8.14586e-133    1.02627e-14    0.00308507    0.00308507 
0.595121    5e-12    5.0102e-12    1.12219e-133    1.02e-14    0.00308507    0.00308507 
0.5916    5e-12    5.01014e-12    1.54579e-134    1.01384e-14    0.00308507    0.00308507 
0.588121    5e-12    5.01008e-12    2.12908e-135    1.00779e-14    0.00308507    0.00308507 
0.584682    5e-12    5.01002e-12    2.93216e-136    1.00184e-14    0.00308507    0.00308507 
0.581284    5e-12    5.00996e-12    4.03774e-137    9.96002e-15    0.00308507    0.00308507 
0.577924    5e-12    5.0099e-12    5.55964e-138    9.90261e-15    0.00308507    0.00308507 
0.574604    5e-12    5.00985e-12    7.65442e-139    9.8462e-15    0.00308507    0.00308507 
0.571321    5e-12    5.00979e-12    1.05374e-139    9.79074e-15    0.00308507    0.00308507 
0.568075    5e-12    5.00974e-12    1.45049e-140    9.73622e-15    0.00308507    0.00308507 
0.564866    5e-12    5.00968e-12    1.99644e-141    9.68262e-15    0.00308507    0.00308507 
0.561694    5e-12    5.00963e-12    2.7476e-142    9.62991e-15    0.00308507    0.00308507 
0.558556    5e-12    5.00958e-12    3.78104e-143    9.57807e-15    0.00308507    0.00308507 
0.555454    5e-12    5.00953e-12    5.20271e-144    9.52708e-15    0.00308507    0.00308507 
0.552385    5e-12    5.00948e-12    7.15827e-145    9.47692e-15    0.00308507    0.00308507 
0.549351    5e-12    5.00943e-12    9.84798e-146    9.42758e-15    0.00308507    0.00308507 
0.54635    5e-12    5.00938e-12    1.35471e-146    9.37902e-15    0.00308507    0.00308507 
0.543381    5e-12    5.00933e-12    1.86341e-147    9.33124e-15    0.00308507    0.00308507 
0.540444    5e-12    5.00928e-12    2.56291e-148    9.28422e-15    0.00308507    0.00308507 
0.537539    5e-12    5.00924e-12    3.52468e-149    9.23793e-15    0.00308507    0.00308507 
0.534665    5e-12    5.00919e-12    4.84695e-150    9.19237e-15    0.00308507    0.00308507 
0.531822    5e-12    5.00915e-12    6.66471e-151    9.14752e-15    0.00308507    0.00308507 
0.529008    5e-12    5.0091e-12    9.16341e-152    9.10335e-15    0.00308507    0.00308507 
0.526224    5e-12    5.00906e-12    1.25979e-152    9.05986e-15    0.00308507    0.00308507 
0.52347    5e-12    5.00902e-12    1.73182e-153    9.01703e-15    0.00308507    0.00308507 
0.520744    5e-12    5.00897e-12    2.38052e-154    8.97485e-15    0.00308507    0.00308507 
0.518046    5e-12    5.00893e-12    3.27194e-155    8.9333e-15    0.00308507    0.00308507 
0.515376    5e-12    5.00889e-12    4.49682e-156    8.89236e-15    0.00308507    0.00308507 
0.512734    5e-12    5.00885e-12    6.17975e-157    8.85203e-15    0.00308507    0.00308507 
0.510118    5e-12    5.00881e-12    8.49186e-158    8.81229e-15    0.00308507    0.00308507 
0.507529    5e-12    5.00877e-12    1.16681e-158    8.77314e-15    0.00308507    0.00308507 
0.504966    5e-12    5.00873e-12    1.60312e-159    8.73454e-15    0.00308507    0.00308507 
0.502429    5e-12    5.0087e-12    2.20242e-160    8.69651e-15    0.00308507    0.00308507 
0.499918    5e-12    5.00866e-12    3.02551e-161    8.65902e-15    0.00308507    0.00308507 
0.497431    5e-12    5.00862e-12    4.15592e-162    8.62206e-15    0.00308507    0.00308507 
0.494969    5e-12    5.00859e-12    5.70825e-163    8.58562e-15    0.00308507    0.00308507 
0.492531    5e-12    5.00855e-12    7.83985e-164    8.54969e-15    0.00308507    0.00308507 
0.490117    5e-12    5.00851e-12    1.07667e-164    8.51426e-15    0.00308507    0.00308507 
0.487726    5e-12    5.00848e-12    1.47851e-165    8.47933e-15    0.00308507    0.00308507 
0.485359    5e-12    5.00844e-12    2.03018e-166    8.44487e-15    0.00308507    0.00308507 
0.483015    5e-12    5.00841e-12    2.78751e-167    8.41089e-15    0.00308507    0.00308507 
0.480693    5e-12    5.00838e-12    3.82708e-168    8.37737e-15    0.00308507    0.00308507 
0.478393    5e-12    5.00834e-12    5.25399e-169    8.3443e-15    0.00308507    0.00308507 
0.476116    5e-12    5.00831e-12    7.21243e-170    8.31167e-15    0.00308507    0.00308507 
0.47386    5e-12    5.00828e-12    9.90021e-171    8.27948e-15    0.00308507    0.00308507 
0.471625    5e-12    5.00825e-12    1.35887e-171    8.24771e-15    0.00308507    0.00308507 
0.469411    5e-12    5.00822e-12    1.86502e-172    8.21637e-15    0.00308507    0.00308507 
0.467218    5e-12    5.00819e-12    2.55954e-173    8.18543e-15    0.00308507    0.00308507 
0.465045    5e-12    5.00815e-12    3.51245e-174    8.1549e-15    0.00308507    0.00308507 
0.462892    5e-12    5.00812e-12    4.81982e-175    8.12476e-15    0.00308507    0.00308507 
0.460759    5e-12    5.0081e-12    6.6134e-176    8.09501e-15    0.00308507    0.00308507 
0.458646    5e-12    5.00807e-12    9.07383e-177    8.06564e-15    0.00308507    0.00308507 
0.456552    5e-12    5.00804e-12    1.24489e-177    8.03665e-15    0.00308507    0.00308507 
0.454477    5e-12    5.00801e-12    1.70782e-178    8.00802e-15    0.00308507    0.00308507 
0.452421    5e-12    5.00798e-12    2.34276e-179    7.97975e-15    0.00308507    0.00308507 
0.450383    5e-12    5.00795e-12    3.21356e-180    7.95184e-15    0.00308507    0.00308507 
0.448364    5e-12    5.00792e-12    4.40778e-181    7.92427e-15    0.00308507    0.00308507 
0.446363    5e-12    5.0079e-12    6.04543e-182    7.89704e-15    0.00308507    0.00308507 
0.444379    5e-12    5.00787e-12    8.29103e-183    7.87014e-15    0.00308507    0.00308507 
0.442413    5e-12    5.00784e-12    1.13701e-183    7.84358e-15    0.00308507    0.00308507 
0.440465    5e-12    5.00782e-12    1.55918e-184    7.81733e-15    0.00308507    0.00308507 
0.438533    5e-12    5.00779e-12    2.13797e-185    7.79141e-15    0.00308507    0.00308507 
0.436618    5e-12    5.00777e-12    2.93145e-186    7.76579e-15    0.00308507    0.00308507 
0.43472    5e-12    5.00774e-12    4.01919e-187    7.74049e-15    0.00308507    0.00308507 
0.432839    5e-12    5.00772e-12    5.51025e-188    7.71548e-15    0.00308507    0.00308507 
0.430973    5e-12    5.00769e-12    7.55404e-189    7.69076e-15    0.00308507    0.00308507 
0.429124    5e-12    5.00767e-12    1.03553e-189    7.66634e-15    0.00308507    0.00308507 
0.42729    5e-12    5.00764e-12    1.41946e-190    7.64221e-15    0.00308507    0.00308507 
0.425472    5e-12    5.00762e-12    1.94563e-191    7.61835e-15    0.00308507    0.00308507 
0.42367    5e-12    5.00759e-12    2.6667e-192    7.59477e-15    0.00308507    0.00308507 
0.421882    5e-12    5.00757e-12    3.6548e-193    7.57146e-15    0.00308507    0.00308507 
0.42011    5e-12    5.00755e-12    5.00877e-194    7.54842e-15    0.00308507    0.00308507 
0.418352    5e-12    5.00753e-12    6.86398e-195    7.52564e-15    0.00308507    0.00308507 
0.416609    5e-12    5.0075e-12    9.40585e-196    7.50311e-15    0.00308507    0.00308507 
0.414881    5e-12    5.00748e-12    1.28884e-196    7.48084e-15    0.00308507    0.00308507 
0.413167    5e-12    5.00746e-12    1.76594e-197    7.45882e-15    0.00308507    0.00308507 
0.411467    5e-12    5.00744e-12    2.41953e-198    7.43705e-15    0.00308507    0.00308507 
0.409781    5e-12    5.00742e-12    3.31485e-199    7.41552e-15    0.00308507    0.00308507 
0.408108    5e-12    5.00739e-12    4.54126e-200    7.39422e-15    0.00308507    0.00308507 
0.40645    5e-12    5.00737e-12    6.22109e-201    7.37316e-15    0.00308507    0.00308507 
0.404804    5e-12    5.00735e-12    8.52189e-202    7.35233e-15    0.00308507    0.00308507 
0.403172    5e-12    5.00733e-12    1.1673e-202    7.33172e-15    0.00308507    0.00308507 
0.401553    5e-12    5.00731e-12    1.59886e-203    7.31134e-15    0.00308507    0.00308507 
0.399947    5e-12    5.00729e-12    2.18987e-204    7.29117e-15    0.00308507    0.00308507 
0.398354    5e-12    5.00727e-12    2.99918e-205    7.27122e-15    0.00308507    0.00308507 
0.396773    5e-12    5.00725e-12    4.10741e-206    7.25149e-15    0.00308507    0.00308507 
0.395205    5e-12    5.00723e-12    5.62488e-207    7.23196e-15    0.00308507    0.00308507 
0.39365    5e-12    5.00721e-12    7.70261e-208    7.21264e-15    0.00308507    0.00308507 
0.392106    5e-12    5.00719e-12    1.05473e-208    7.19352e-15    0.00308507    0.00308507 
0.390575    5e-12    5.00717e-12    1.4442e-209    7.1746e-15    0.00308507    0.00308507 
0.389054    5e-12    5.00716e-12    1.97346e-210    7.15586e-15    0.00308507    0.00308507 
0.387544    5e-12    5.00714e-12    2.69657e-211    7.13731e-15    0.00308507    0.00308507 
0.386047    5e-12    5.00712e-12    3.68446e-212    7.11895e-15    0.00308507    0.00308507 
0.384561    5e-12    5.0071e-12    5.03405e-213    7.10078e-15    0.00308507    0.00308507 
0.383086    5e-12    5.00708e-12    6.87767e-214    7.0828e-15    0.00308507    0.00308507 
0.381623    5e-12    5.00707e-12    9.39608e-215    7.065e-15    0.00308507    0.00308507 
0.38017    5e-12    5.00705e-12    1.28361e-215    7.04738e-15    0.00308507    0.00308507 
0.378729    5e-12    5.00703e-12    1.75348e-216    7.02993e-15    0.00308507    0.00308507 
0.377299    5e-12    5.00701e-12    2.39525e-217    7.01267e-15    0.00308507    0.00308507 
0.375879    5e-12    5.007e-12    3.27176e-218    6.99557e-15    0.00308507    0.00308507 
0.37447    5e-12    5.00698e-12    4.46883e-219    6.97864e-15    0.00308507    0.00308507 
0.373072    5e-12    5.00696e-12    6.10363e-220    6.96188e-15    0.00308507    0.00308507 
0.371684    5e-12    5.00695e-12    8.33613e-221    6.94528e-15    0.00308507    0.00308507 
0.370306    5e-12    5.00693e-12    1.13847e-221    6.92885e-15    0.00308507    0.00308507 
0.368938    5e-12    5.00691e-12    1.55476e-222    6.91257e-15    0.00308507    0.00308507 
0.367581    5e-12    5.0069e-12    2.12318e-223    6.89646e-15    0.00308507    0.00308507 
0.366233    5e-12    5.00688e-12    2.8993e-224    6.88049e-15    0.00308507    0.00308507 
0.364896    5e-12    5.00686e-12    3.95896e-225    6.86469e-15    0.00308507    0.00308507 
0.363568    5e-12    5.00685e-12    5.4057e-226    6.84903e-15    0.00308507    0.00308507 
0.362249    5e-12    5.00683e-12    7.38085e-227    6.83352e-15    0.00308507    0.00308507 
0.36094    5e-12    5.00682e-12    1.00773e-227    6.81816e-15    0.00308507    0.00308507 
0.359641    5e-12    5.0068e-12    1.37583e-228    6.80294e-15    0.00308507    0.00308507 
0.358351    5e-12    5.00679e-12    1.87831e-229    6.78787e-15    0.00308507    0.00308507 
0.35707    5e-12    5.00677e-12    2.56421e-230    6.77294e-15    0.00308507    0.00308507 
0.355798    5e-12    5.00676e-12    3.50045e-231    6.75814e-15    0.00308507    0.00308507 
0.354536    5e-12    5.00674e-12    4.77835e-232    6.74348e-15    0.00308507    0.00308507 
0.353282    5e-12    5.00673e-12    6.52253e-233    6.72896e-15    0.00308507    0.00308507 
0.352037    5e-12    5.00671e-12    8.90302e-234    6.71457e-15    0.00308507    0.00308507 
0.350801    5e-12    5.0067e-12    1.21519e-234    6.70032e-15    0.00308507    0.00308507 
0.349573    5e-12    5.00669e-12    1.65857e-235    6.68619e-15    0.00308507    0.00308507 
0.348354    5e-12    5.00667e-12    2.26364e-236    6.67219e-15    0.00308507    0.00308507 
0.347144    5e-12    5.00666e-12    3.08933e-237    6.65832e-15    0.00308507    0.00308507 
0.345942    5e-12    5.00664e-12    4.21606e-238    6.64457e-15    0.00308507    0.00308507 
0.344748    5e-12    5.00663e-12    5.75353e-239    6.63094e-15    0.00308507    0.00308507 
0.343562    5e-12    5.00662e-12    7.85138e-240    6.61744e-15    0.00308507    0.00308507 
0.342385    5e-12    5.0066e-12    1.07138e-240    6.60406e-15    0.00308507    0.00308507 
0.341215    5e-12    5.00659e-12    1.46192e-241    6.59079e-15    0.00308507    0.00308507 
0.340054    5e-12    5.00658e-12    1.99475e-242    6.57764e-15    0.00308507    0.00308507 
0.3389    5e-12    5.00656e-12    2.7217e-243    6.56461e-15    0.00308507    0.00308507 
0.337755    5e-12    5.00655e-12    3.71344e-244    6.55169e-15    0.00308507    0.00308507 
0.336616    5e-12    5.00654e-12    5.06639e-245    6.53888e-15    0.00308507    0.00308507 
0.335486    5e-12    5.00653e-12    6.91202e-246    6.52618e-15    0.00308507    0.00308507 
0.334363    5e-12    5.00651e-12    9.42969e-247    6.51359e-15    0.00308507    0.00308507 
0.333248    5e-12    5.0065e-12    1.2864e-247    6.50112e-15    0.00308507    0.00308507 
0.33214    5e-12    5.00649e-12    1.75484e-248    6.48874e-15    0.00308507    0.00308507 
0.331039    5e-12    5.00648e-12    2.3938e-249    6.47648e-15    0.00308507    0.00308507 
0.329946    5e-12    5.00646e-12    3.2653e-250    6.46431e-15    0.00308507    0.00308507 
0.32886    5e-12    5.00645e-12    4.45393e-251    6.45225e-15    0.00308507    0.00308507 
0.327781    5e-12    5.00644e-12    6.07505e-252    6.44029e-15    0.00308507    0.00308507 
0.326709    5e-12    5.00643e-12    8.28597e-253    6.42843e-15    0.00308507    0.00308507 
0.325644    5e-12    5.00642e-12    1.13011e-253    6.41667e-15    0.00308507    0.00308507 
0.324586    5e-12    5.00641e-12    1.5413e-254    6.40501e-15    0.00308507    0.00308507 
0.323535    5e-12    5.00639e-12    2.10203e-255    6.39344e-15    0.00308507    0.00308507 
0.32249    5e-12    5.00638e-12    2.86667e-256    6.38197e-15    0.00308507    0.00308507 
0.321452    5e-12    5.00637e-12    3.90933e-257    6.3706e-15    0.00308507    0.00308507 
0.320421    5e-12    5.00636e-12    5.33106e-258    6.35931e-15    0.00308507    0.00308507 
0.319397    5e-12    5.00635e-12    7.26962e-259    6.34812e-15    0.00308507    0.00308507 
0.318379    5e-12    5.00634e-12    9.9128e-260    6.33702e-15    0.00308507    0.00308507 
0.317368    5e-12    5.00633e-12    1.35166e-260    6.32601e-15    0.00308507    0.00308507 
0.316363    5e-12    5.00632e-12    1.84301e-261    6.31509e-15    0.00308507    0.00308507 
0.315364    5e-12    5.0063e-12    2.51288e-262    6.30426e-15    0.00308507    0.00308507 
0.314371    5e-12    5.00629e-12    3.42614e-263    6.29351e-15    0.00308507    0.00308507 
0.313385    5e-12    5.00628e-12    4.67116e-264    6.28285e-15    0.00308507    0.00308507 
0.312405    5e-12    5.00627e-12    6.36843e-265    6.27227e-15    0.00308507    0.00308507 
0.311431    5e-12    5.00626e-12    8.68214e-266    6.26178e-15    0.00308507    0.00308507 
0.310464    5e-12    5.00625e-12    1.18361e-266    6.25137e-15    0.00308507    0.00308507 
0.309502    5e-12    5.00624e-12    1.61354e-267    6.24104e-15    0.00308507    0.00308507 
0.308546    5e-12    5.00623e-12    2.19956e-268    6.23079e-15    0.00308507    0.00308507 
0.307596    5e-12    5.00622e-12    2.99834e-269    6.22062e-15    0.00308507    0.00308507 
0.306652    5e-12    5.00621e-12    4.08708e-270    6.21053e-15    0.00308507    0.00308507 
0.305713    5e-12    5.0062e-12    5.57101e-271    6.20052e-15    0.00308507    0.00308507 
0.30478    5e-12    5.00619e-12    7.5935e-272    6.19058e-15    0.00308507    0.00308507 
0.303853    5e-12    5.00618e-12    1.03499e-272    6.18072e-15    0.00308507    0.00308507 
0.302932    5e-12    5.00617e-12    1.41066e-273    6.17094e-15    0.00308507    0.00308507 
0.302016    5e-12    5.00616e-12    1.92263e-274    6.16123e-15    0.00308507    0.00308507 
0.301106    5e-12    5.00615e-12    2.62033e-275    6.1516e-15    0.00308507    0.00308507 
0.300201    5e-12    5.00614e-12    3.57112e-276    6.14203e-15    0.00308507    0.00308507 
0.299302    5e-12    5.00613e-12    4.86678e-277    6.13254e-15    0.00308507    0.00308507 
0.298408    5e-12    5.00612e-12    6.63234e-278    6.12313e-15    0.00308507    0.00308507 
0.297519    5e-12    5.00611e-12    9.03818e-279    6.11378e-15    0.00308507    0.00308507 
0.296636    5e-12    5.0061e-12    1.23164e-279    6.1045e-15    0.00308507    0.00308507 
0.295757    5e-12    5.0061e-12    1.67832e-280    6.09529e-15    0.00308507    0.00308507 
0.294884    5e-12    5.00609e-12    2.28694e-281    6.08615e-15    0.00308507    0.00308507 
0.294016    5e-12    5.00608e-12    3.11618e-282    6.07707e-15    0.00308507    0.00308507 
0.293154    5e-12    5.00607e-12    4.246e-283    6.06806e-15    0.00308507    0.00308507 
0.292296    5e-12    5.00606e-12    5.78531e-284    6.05912e-15    0.00308507    0.00308507 
0.291443    5e-12    5.00605e-12    7.88246e-285    6.05025e-15    0.00308507    0.00308507 
0.290595    5e-12    5.00604e-12    1.07395e-285    6.04144e-15    0.00308507    0.00308507 
0.289753    5e-12    5.00603e-12    1.46318e-286    6.03269e-15    0.00308507    0.00308507 
0.288915    5e-12    5.00602e-12    1.99343e-287    6.024e-15    0.00308507    0.00308507 
0.288081    5e-12    5.00602e-12    2.71577e-288    6.01538e-15    0.00308507    0.00308507 
0.287253    5e-12    5.00601e-12    3.69976e-289    6.00682e-15    0.00308507    0.00308507 
0.28643    5e-12    5.006e-12    5.04015e-290    5.99832e-15    0.00308507    0.00308507 
0.285611    5e-12    5.00599e-12    6.86598e-291    5.98988e-15    0.00308507    0.00308507 
0.284796    5e-12    5.00598e-12    9.35301e-292    5.9815e-15    0.00308507    0.00308507 
0.283987    5e-12    5.00597e-12    1.27406e-292    5.97318e-15    0.00308507    0.00308507 
0.283182    5e-12    5.00596e-12    1.73547e-293    5.96492e-15    0.00308507    0.00308507 
0.282381    5e-12    5.00596e-12    2.36393e-294    5.95672e-15    0.00308507    0.00308507 
0.281585    5e-12    5.00595e-12    3.2199e-295    5.94857e-15    0.00308507    0.00308507 
0.280794    5e-12    5.00594e-12    4.3857e-296    5.94049e-15    0.00308507    0.00308507 
0.280007    5e-12    5.00593e-12    5.97346e-297    5.93245e-15    0.00308507    0.00308507 
0.279224    5e-12    5.00592e-12    8.13583e-298    5.92448e-15    0.00308507    0.00308507 
0.278446    5e-12    5.00592e-12    1.10807e-298    5.91655e-15    0.00308507    0.00308507 
0.277672    5e-12    5.00591e-12    1.50912e-299    5.90869e-15    0.00308507    0.00308507 
0.276902    5e-12    5.0059e-12    2.05528e-300    5.90087e-15    0.00308507    0.00308507 
0.276137    5e-12    5.00589e-12    2.79903e-301    5.89312e-15    0.00308507    0.00308507 
0.275376    5e-12    5.00589e-12    3.81183e-302    5.88541e-15    0.00308507    0.00308507 
0.274619    5e-12    5.00588e-12    5.19099e-303    5.87775e-15    0.00308507    0.00308507 
0.273866    5e-12    5.00587e-12    7.06899e-304    5.87015e-15    0.00308507    0.00308507 
0.273117    5e-12    5.00586e-12    9.62619e-305    5.8626e-15    0.00308507    0.00308507 
0.272373    5e-12    5.00586e-12    1.31082e-305    5.8551e-15    0.00308507    0.00308507 
0.271632    5e-12    5.00585e-12    1.78492e-306    5.84765e-15    0.00308507    0.00308507 
0.270896    5e-12    5.00584e-12    2.43046e-307    5.84025e-15    0.00308507    0.00308507 
0.270163    5e-12    5.00583e-12    3.30938e-308    5.8329e-15    0.00308507    0.00308507 
0.269434    5e-12    5.00583e-12    4.50605e-309    5.8256e-15    0.00308507    0.00308507 
0.26871    5e-12    5.00582e-12    6.1353e-310    5.81834e-15    0.00308507    0.00308507 
0.267989    5e-12    5.00581e-12    8.35346e-311    5.81114e-15    0.00308507    0.00308507 
0.267272    5e-12    5.0058e-12    1.13733e-311    5.80398e-15    0.00308507    0.00308507 
0.266559    5e-12    5.0058e-12    1.54846e-312    5.79687e-15    0.00308507    0.00308507 
0.265849    5e-12    5.00579e-12    2.10815e-313    5.7898e-15    0.00308507    0.00308507 
0.265144    5e-12    5.00578e-12    2.87009e-314    5.78279e-15    0.00308507    0.00308507 
0.264442    5e-12    5.00578e-12    3.90733e-315    5.77581e-15    0.00308507    0.00308507 
0.263744    5e-12    5.00577e-12    5.31931e-316    5.76888e-15    0.00308507    0.00308507 
0.263049    5e-12    5.00576e-12    7.24139e-317    5.762e-15    0.00308507    0.00308507 
0.262358    5e-12    5.00576e-12    9.85778e-318    5.75516e-15    0.00308507    0.00308507 
0.261671    5e-12    5.00575e-12    1.34192e-318    5.74837e-15    0.00308507    0.00308507 
0.260988    5e-12    5.00574e-12    1.82671e-319    5.74162e-15    0.00308507    0.00308507 
0.260308    5e-12    5.00573e-12    2.48663e-320    5.73491e-15    0.00308507    0.00308507 
0.259631    5e-12    5.00573e-12    3.38435e-321    5.72824e-15    0.00308507    0.00308507 
0.258958    5e-12    5.00572e-12    4.59481e-322    5.72162e-15    0.00308507    0.00308507 
0.258288    5e-12    5.00572e-12    6.42285e-323    5.71504e-15    0.00308507    0.00308507 
0.257622    5e-12    5.00571e-12    9.88131e-324    5.7085e-15    0.00308507    0.00308507 
0.25696    5e-12    5.0057e-12    0    5.702e-15    0.00308507    0.00308507 
0.256301    5e-12    5.0057e-12    0    5.69554e-15    0.00308507    0.00308507 
0.255645    5e-12    5.00569e-12    0    5.68912e-15    0.00308507    0.00308507 
0.254992    5e-12    5.00568e-12    0    5.68274e-15    0.00308507    0.00308507 
0.254343    5e-12    5.00568e-12    0    5.6764e-15    0.00308507    0.00308507 
0.253697    5e-12    5.00567e-12    0    5.6701e-15    0.00308507    0.00308507 
0.253054    5e-12    5.00566e-12    0    5.66384e-15    0.00308507    0.00308507 
0.252415    5e-12    5.00566e-12    0    5.65762e-15    0.00308507    0.00308507 
0.251779    5e-12    5.00565e-12    0    5.65144e-15    0.00308507    0.00308507 
0.251146    5e-12    5.00565e-12    0    5.64529e-15    0.00308507    0.00308507 
0.250516    5e-12    5.00564e-12    0    5.63918e-15    0.00308507    0.00308507 
0.249889    5e-12    5.00563e-12    0    5.63311e-15    0.00308507    0.00308507 
0.249266    5e-12    5.00563e-12    0    5.62708e-15    0.00308507    0.00308507 
0.248646    5e-12    5.00562e-12    0    5.62108e-15    0.00308507    0.00308507 
0.248028    5e-12    5.00562e-12    0    5.61512e-15    0.00308507    0.00308507 
0.247414    5e-12    5.00561e-12    0    5.60919e-15    0.00308507    0.00308507 
0.246803    5e-12    5.0056e-12    0    5.6033e-15    0.00308507    0.00308507 
0.246194    5e-12    5.0056e-12    0    5.59744e-15    0.00308507    0.00308507 
0.245589    5e-12    5.00559e-12    0    5.59162e-15    0.00308507    0.00308507 
0.244987    5e-12    5.00559e-12    0    5.58584e-15    0.00308507    0.00308507 
0.244388    5e-12    5.00558e-12    0    5.58008e-15    0.00308507    0.00308507 
0.243791    5e-12    5.00557e-12    0    5.57437e-15    0.00308507    0.00308507 
0.243198    5e-12    5.00557e-12    0    5.56868e-15    0.00308507    0.00308507 
0.242607    5e-12    5.00556e-12    0    5.56303e-15    0.00308507    0.00308507 
0.242019    5e-12    5.00556e-12    0    5.55741e-15    0.00308507    0.00308507 
0.241435    5e-12    5.00555e-12    0    5.55183e-15    0.00308507    0.00308507 
0.240852    5e-12    5.00555e-12    0    5.54627e-15    0.00308507    0.00308507 
0.240273    5e-12    5.00554e-12    0    5.54075e-15    0.00308507    0.00308507 
0.239697    5e-12    5.00554e-12    0    5.53527e-15    0.00308507    0.00308507 
0.239123    5e-12    5.00553e-12    0    5.52981e-15    0.00308507    0.00308507 
0.238552    5e-12    5.00552e-12    0    5.52438e-15    0.00308507    0.00308507 
0.237984    5e-12    5.00552e-12    0    5.51899e-15    0.00308507    0.00308507 
0.237418    5e-12    5.00551e-12    0    5.51363e-15    0.00308507    0.00308507 
0.236855    5e-12    5.00551e-12    0    5.50829e-15    0.00308507    0.00308507 
0.236295    5e-12    5.0055e-12    0    5.50299e-15    0.00308507    0.00308507 
0.235737    5e-12    5.0055e-12    0    5.49772e-15    0.00308507    0.00308507 
0.235182    5e-12    5.00549e-12    0    5.49248e-15    0.00308507    0.00308507 
0.23463    5e-12    5.00549e-12    0    5.48726e-15    0.00308507    0.00308507 
0.23408    5e-12    5.00548e-12    0    5.48208e-15    0.00308507    0.00308507 
0.233533    5e-12    5.00548e-12    0    5.47693e-15    0.00308507    0.00308507 
0.232988    5e-12    5.00547e-12    0    5.4718e-15    0.00308507    0.00308507 
0.232446    5e-12    5.00547e-12    0    5.4667e-15    0.00308507    0.00308507 
0.231907    5e-12    5.00546e-12    0    5.46164e-15    0.00308507    0.00308507 
0.23137    5e-12    5.00546e-12    0    5.4566e-15    0.00308507    0.00308507 
0.230835    5e-12    5.00545e-12    0    5.45158e-15    0.00308507    0.00308507 
0.230303    5e-12    5.00545e-12    0    5.4466e-15    0.00308507    0.00308507 
0.229773    5e-12    5.00544e-12    0    5.44164e-15    0.00308507    0.00308507 
0.229246    5e-12    5.00544e-12    0    5.43671e-15    0.00308507    0.00308507 
0.228721    5e-12    5.00543e-12    0    5.43181e-15    0.00308507    0.00308507 
0.228198    5e-12    5.00543e-12    0    5.42693e-15    0.00308507    0.00308507 
0.227678    5e-12    5.00542e-12    0    5.42208e-15    0.00308507    0.00308507 
0.227161    5e-12    5.00542e-12    0    5.41726e-15    0.00308507    0.00308507 
0.226645    5e-12    5.00541e-12    0    5.41246e-15    0.00308507    0.00308507 
0.226132    5e-12    5.00541e-12    0    5.40769e-15    0.00308507    0.00308507 
0.225622    5e-12    5.0054e-12    0    5.40295e-15    0.00308507    0.00308507 
0.225113    5e-12    5.0054e-12    0    5.39823e-15    0.00308507    0.00308507 
0.224607    5e-12    5.00539e-12    0    5.39353e-15    0.00308507    0.00308507 
0.224103    5e-12    5.00539e-12    0    5.38886e-15    0.00308507    0.00308507 
0.223602    5e-12    5.00538e-12    0    5.38422e-15    0.00308507    0.00308507 
0.223102    5e-12    5.00538e-12    0    5.3796e-15    0.00308507    0.00308507 
0.222605    5e-12    5.00538e-12    0    5.375e-15    0.00308507    0.00308507 
0.22211    5e-12    5.00537e-12    0    5.37043e-15    0.00308507    0.00308507 
0.221617    5e-12    5.00537e-12    0    5.36588e-15    0.00308507    0.00308507 
0.221127    5e-12    5.00536e-12    0    5.36136e-15    0.00308507    0.00308507 
0.220639    5e-12    5.00536e-12    0    5.35686e-15    0.00308507    0.00308507 
0.220152    5e-12    5.00535e-12    0    5.35239e-15    0.00308507    0.00308507 
0.219668    5e-12    5.00535e-12    0    5.34793e-15    0.00308507    0.00308507 
0.219186    5e-12    5.00534e-12    0    5.34351e-15    0.00308507    0.00308507 
0.218706    5e-12    5.00534e-12    0    5.3391e-15    0.00308507    0.00308507 
0.218229    5e-12    5.00533e-12    0    5.33472e-15    0.00308507    0.00308507 
0.217753    5e-12    5.00533e-12    0    5.33036e-15    0.00308507    0.00308507 
0.217279    5e-12    5.00533e-12    0    5.32602e-15    0.00308507    0.00308507 
0.216808    5e-12    5.00532e-12    0    5.3217e-15    0.00308507    0.00308507 
0.216338    5e-12    5.00532e-12    0    5.31741e-15    0.00308507    0.00308507 
0.215871    5e-12    5.00531e-12    0    5.31314e-15    0.00308507    0.00308507 
0.215405    5e-12    5.00531e-12    0    5.30889e-15    0.00308507    0.00308507 
0.214942    5e-12    5.0053e-12    0    5.30466e-15    0.00308507    0.00308507 
0.21448    5e-12    5.0053e-12    0    5.30046e-15    0.00308507    0.00308507 
0.214021    5e-12    5.0053e-12    0    5.29627e-15    0.00308507    0.00308507 
0.213563    5e-12    5.00529e-12    0    5.29211e-15    0.00308507    0.00308507 
0.213108    5e-12    5.00529e-12    0    5.28796e-15    0.00308507    0.00308507 
0.212654    5e-12    5.00528e-12    0    5.28384e-15    0.00308507    0.00308507 
0.212202    5e-12    5.00528e-12    0    5.27974e-15    0.00308507    0.00308507 
0.211753    5e-12    5.00528e-12    0    5.27566e-15    0.00308507    0.00308507 
0.211305    5e-12    5.00527e-12    0    5.2716e-15    0.00308507    0.00308507 
0.210859    5e-12    5.00527e-12    0    5.26756e-15    0.00308507    0.00308507 
0.210415    5e-12    5.00526e-12    0    5.26354e-15    0.00308507    0.00308507 
0.209972    5e-12    5.00526e-12    0    5.25954e-15    0.00308507    0.00308507 
0.209532    5e-12    5.00526e-12    0    5.25556e-15    0.00308507    0.00308507 
0.209093    5e-12    5.00525e-12    0    5.2516e-15    0.00308507    0.00308507 
0.208657    5e-12    5.00525e-12    0    5.24766e-15    0.00308507    0.00308507 
0.208222    5e-12    5.00524e-12    0    5.24374e-15    0.00308507    0.00308507 
0.207789    5e-12    5.00524e-12    0    5.23984e-15    0.00308507    0.00308507 
0.207357    5e-12    5.00524e-12    0    5.23595e-15    0.00308507    0.00308507 
0.206928    5e-12    5.00523e-12    0    5.23209e-15    0.00308507    0.00308507 
0.2065    5e-12    5.00523e-12    0    5.22824e-15    0.00308507    0.00308507 
0.206074    5e-12    5.00522e-12    0    5.22442e-15    0.00308507    0.00308507 
0.20565    5e-12    5.00522e-12    0    5.22061e-15    0.00308507    0.00308507 
0.205228    5e-12    5.00522e-12    0    5.21682e-15    0.00308507    0.00308507 
0.204807    5e-12    5.00521e-12    0    5.21305e-15    0.00308507    0.00308507 
0.204388    5e-12    5.00521e-12    0    5.20929e-15    0.00308507    0.00308507 
0.20397    5e-12    5.00521e-12    0    5.20556e-15    0.00308507    0.00308507 
0.203555    5e-12    5.0052e-12    0    5.20184e-15    0.00308507    0.00308507 
0.203141    5e-12    5.0052e-12    0    5.19814e-15    0.00308507    0.00308507 
0.202729    5e-12    5.00519e-12    0    5.19446e-15    0.00308507    0.00308507 
0.202318    5e-12    5.00519e-12    0    5.19079e-15    0.00308507    0.00308507 
0.201909    5e-12    5.00519e-12    0    5.18715e-15    0.00308507    0.00308507 
0.201502    5e-12    5.00518e-12    0    5.18352e-15    0.00308507    0.00308507 
0.201096    5e-12    5.00518e-12    0    5.1799e-15    0.00308507    0.00308507 
0.200692    5e-12    5.00518e-12    0    5.17631e-15    0.00308507    0.00308507 
0.20029    5e-12    5.00517e-12    0    5.17273e-15    0.00308507    0.00308507 
0.199889    5e-12    5.00517e-12    0    5.16917e-15    0.00308507    0.00308507 
0.19949    5e-12    5.00517e-12    0    5.16562e-15    0.00308507    0.00308507 
0.199093    5e-12    5.00516e-12    0    5.16209e-15    0.00308507    0.00308507 
0.198697    5e-12    5.00516e-12    0    5.15858e-15    0.00308507    0.00308507 
0.198302    5e-12    5.00516e-12    0    5.15508e-15    0.00308507    0.00308507 
0.197909    5e-12    5.00515e-12    0    5.1516e-15    0.00308507    0.00308507 
0.197518    5e-12    5.00515e-12    0    5.14814e-15    0.00308507    0.00308507 
0.197128    5e-12    5.00514e-12    0    5.14469e-15    0.00308507    0.00308507 
0.19674    5e-12    5.00514e-12    0    5.14126e-15    0.00308507    0.00308507 
0.196353    5e-12    5.00514e-12    0    5.13784e-15    0.00308507    0.00308507 
0.195968    5e-12    5.00513e-12    0    5.13444e-15    0.00308507    0.00308507 
0.195584    5e-12    5.00513e-12    0    5.13106e-15    0.00308507    0.00308507 
0.195202    5e-12    5.00513e-12    0    5.12769e-15    0.00308507    0.00308507 
0.194822    5e-12    5.00512e-12    0    5.12433e-15    0.00308507    0.00308507 
0.194442    5e-12    5.00512e-12    0    5.12099e-15    0.00308507    0.00308507 
0.194065    5e-12    5.00512e-12    0    5.11767e-15    0.00308507    0.00308507 
0.193688    5e-12    5.00511e-12    0    5.11436e-15    0.00308507    0.00308507 
0.193314    5e-12    5.00511e-12    0    5.11107e-15    0.00308507    0.00308507 
0.19294    5e-12    5.00511e-12    0    5.10779e-15    0.00308507    0.00308507 
0.192568    5e-12    5.0051e-12    0    5.10452e-15    0.00308507    0.00308507 
0.192198    5e-12    5.0051e-12    0    5.10128e-15    0.00308507    0.00308507 
0.191829    5e-12    5.0051e-12    0    5.09804e-15    0.00308507    0.00308507 
0.191461    5e-12    5.00509e-12    0    5.09482e-15    0.00308507    0.00308507 
0.191095    5e-12    5.00509e-12    0    5.09161e-15    0.00308507    0.00308507 
0.19073    5e-12    5.00509e-12    0    5.08842e-15    0.00308507    0.00308507 
0.190367    5e-12    5.00509e-12    0    5.08524e-15    0.00308507    0.00308507 
0.190005    5e-12    5.00508e-12    0    5.08208e-15    0.00308507    0.00308507 
0.189644    5e-12    5.00508e-12    0    5.07893e-15    0.00308507    0.00308507 
0.189285    5e-12    5.00508e-12    0    5.07579e-15    0.00308507    0.00308507 
0.188927    5e-12    5.00507e-12    0    5.07267e-15    0.00308507    0.00308507 
0.18857    5e-12    5.00507e-12    0    5.06956e-15    0.00308507    0.00308507 
0.188215    5e-12    5.00507e-12    0    5.06647e-15    0.00308507    0.00308507 
0.187861    5e-12    5.00506e-12    0    5.06339e-15    0.00308507    0.00308507 
0.187508    5e-12    5.00506e-12    0    5.06032e-15    0.00308507    0.00308507 
0.187157    5e-12    5.00506e-12    0    5.05726e-15    0.00308507    0.00308507 
0.186807    5e-12    5.00505e-12    0    5.05422e-15    0.00308507    0.00308507 
0.186458    5e-12    5.00505e-12    0    5.05119e-15    0.00308507    0.00308507 
0.186111    5e-12    5.00505e-12    0    5.04818e-15    0.00308507    0.00308507 
0.185765    5e-12    5.00505e-12    0    5.04518e-15    0.00308507    0.00308507 
0.18542    5e-12    5.00504e-12    0    5.04219e-15    0.00308507    0.00308507 
0.185077    5e-12    5.00504e-12    0    5.03921e-15    0.00308507    0.00308507 
0.184734    5e-12    5.00504e-12    0    5.03625e-15    0.00308507    0.00308507 
0.184393    5e-12    5.00503e-12    0    5.0333e-15    0.00308507    0.00308507 
0.184054    5e-12    5.00503e-12    0    5.03036e-15    0.00308507    0.00308507 
0.183715    5e-12    5.00503e-12    0    5.02743e-15    0.00308507    0.00308507 
0.183378    5e-12    5.00502e-12    0    5.02452e-15    0.00308507    0.00308507 
0.183042    5e-12    5.00502e-12    0    5.02162e-15    0.00308507    0.00308507 
0.182707    5e-12    5.00502e-12    0    5.01873e-15    0.00308507    0.00308507 
0.182374    5e-12    5.00502e-12    0    5.01585e-15    0.00308507    0.00308507 
0.182041    5e-12    5.00501e-12    0    5.01299e-15    0.00308507    0.00308507 
0.18171    5e-12    5.00501e-12    0    5.01014e-15    0.00308507    0.00308507 
0.18138    5e-12    5.00501e-12    0    5.0073e-15    0.00308507    0.00308507 
0.181052    5e-12    5.005e-12    0    5.00447e-15    0.00308507    0.00308507 
0.180724    5e-12    5.005e-12    0    5.00165e-15    0.00308507    0.00308507 
0.180398    5e-12    5.005e-12    0    4.99885e-15    0.00308507    0.00308507 
0.180072    5e-12    5.005e-12    0    4.99605e-15    0.00308507    0.00308507 
0.179748    5e-12    5.00499e-12    0    4.99327e-15    0.00308507    0.00308507 
0.179426    5e-12    5.00499e-12    0    4.9905e-15    0.00308507    0.00308507 
0.179104    5e-12    5.00499e-12    0    4.98774e-15    0.00308507    0.00308507 
0.178783    5e-12    5.00498e-12    0    4.985e-15    0.00308507    0.00308507 
0.178464    5e-12    5.00498e-12    0    4.98226e-15    0.00308507    0.00308507 
0.178146    5e-12    5.00498e-12    0    4.97954e-15    0.00308507    0.00308507 
0.177829    5e-12    5.00498e-12    0    4.97682e-15    0.00308507    0.00308507 
0.177513    5e-12    5.00497e-12    0    4.97412e-15    0.00308507    0.00308507 
0.177198    5e-12    5.00497e-12    0    4.97143e-15    0.00308507    0.00308507 
0.176884    5e-12    5.00497e-12    0    4.96875e-15    0.00308507    0.00308507 
0.176571    5e-12    5.00497e-12    0    4.96608e-15    0.00308507    0.00308507 
0.17626    5e-12    5.00496e-12    0    4.96342e-15    0.00308507    0.00308507 
0.175949    5e-12    5.00496e-12    0    4.96077e-15    0.00308507    0.00308507 
0.17564    5e-12    5.00496e-12    0    4.95814e-15    0.00308507    0.00308507 
0.175332    5e-12    5.00496e-12    0    4.95551e-15    0.00308507    0.00308507 
0.175025    5e-12    5.00495e-12    0    4.95289e-15    0.00308507    0.00308507 
0.174719    5e-12    5.00495e-12    0    4.95029e-15    0.00308507    0.00308507 
0.174414    5e-12    5.00495e-12    0    4.94769e-15    0.00308507    0.00308507 
0.17411    5e-12    5.00495e-12    0    4.94511e-15    0.00308507    0.00308507 
0.173807    5e-12    5.00494e-12    0    4.94253e-15    0.00308507    0.00308507 
0.173505    5e-12    5.00494e-12    0    4.93997e-15    0.00308507    0.00308507 
0.173204    5e-12    5.00494e-12    0    4.93742e-15    0.00308507    0.00308507 
0.172904    5e-12    5.00493e-12    0    4.93487e-15    0.00308507    0.00308507 
0.172605    5e-12    5.00493e-12    0    4.93234e-15    0.00308507    0.00308507 
0.172308    5e-12    5.00493e-12    0    4.92982e-15    0.00308507    0.00308507 
0.172011    5e-12    5.00493e-12    0    4.9273e-15    0.00308507    0.00308507 
0.171715    5e-12    5.00492e-12    0    4.9248e-15    0.00308507    0.00308507 
0.171421    5e-12    5.00492e-12    0    4.92231e-15    0.00308507    0.00308507 
0.171127    5e-12    5.00492e-12    0    4.91982e-15    0.00308507    0.00308507 
0.170834    5e-12    5.00492e-12    0    4.91735e-15    0.00308507    0.00308507 
0.170543    5e-12    5.00491e-12    0    4.91488e-15    0.00308507    0.00308507 
0.170252    5e-12    5.00491e-12    0    4.91243e-15    0.00308507    0.00308507 
0.169963    5e-12    5.00491e-12    0    4.90998e-15    0.00308507    0.00308507 
0.169674    5e-12    5.00491e-12    0    4.90755e-15    0.00308507    0.00308507 
0.169386    5e-12    5.00491e-12    0    4.90512e-15    0.00308507    0.00308507 
0.169099    5e-12    5.0049e-12    0    4.90271e-15    0.00308507    0.00308507 
0.168814    5e-12    5.0049e-12    0    4.9003e-15    0.00308507    0.00308507 
0.168529    5e-12    5.0049e-12    0    4.8979e-15    0.00308507    0.00308507 
0.168245    5e-12    5.0049e-12    0    4.89551e-15    0.00308507    0.00308507 
0.167962    5e-12    5.00489e-12    0    4.89313e-15    0.00308507    0.00308507 
0.16768    5e-12    5.00489e-12    0    4.89076e-15    0.00308507    0.00308507 
0.167399    5e-12    5.00489e-12    0    4.8884e-15    0.00308507    0.00308507 
0.167119    5e-12    5.00489e-12    0    4.88605e-15    0.00308507    0.00308507 
0.16684    5e-12    5.00488e-12    0    4.8837e-15    0.00308507    0.00308507 
0.166562    5e-12    5.00488e-12    0    4.88137e-15    0.00308507    0.00308507 
0.166285    5e-12    5.00488e-12    0    4.87904e-15    0.00308507    0.00308507 
0.166008    5e-12    5.00488e-12    0    4.87673e-15    0.00308507    0.00308507 
0.165733    5e-12    5.00487e-12    0    4.87442e-15    0.00308507    0.00308507 
0.165459    5e-12    5.00487e-12    0    4.87212e-15    0.00308507    0.00308507 
0.165185    5e-12    5.00487e-12    0    4.86983e-15    0.00308507    0.00308507 
0.164912    5e-12    5.00487e-12    0    4.86755e-15    0.00308507    0.00308507 
0.16464    5e-12    5.00487e-12    0    4.86527e-15    0.00308507    0.00308507 
0.16437    5e-12    5.00486e-12    0    4.86301e-15    0.00308507    0.00308507 
0.1641    5e-12    5.00486e-12    0    4.86075e-15    0.00308507    0.00308507 
0.16383    5e-12    5.00486e-12    0    4.85851e-15    0.00308507    0.00308507 
0.163562    5e-12    5.00486e-12    0    4.85627e-15    0.00308507    0.00308507 
0.163295    5e-12    5.00485e-12    0    4.85404e-15    0.00308507    0.00308507 
0.163028    5e-12    5.00485e-12    0    4.85181e-15    0.00308507    0.00308507 
0.162763    5e-12    5.00485e-12    0    4.8496e-15    0.00308507    0.00308507 
0.162498    5e-12    5.00485e-12    0    4.84739e-15    0.00308507    0.00308507 
0.162234    5e-12    5.00485e-12    0    4.84519e-15    0.00308507    0.00308507 
0.161971    5e-12    5.00484e-12    0    4.843e-15    0.00308507    0.00308507 
0.161709    5e-12    5.00484e-12    0    4.84082e-15    0.00308507    0.00308507 
0.161448    5e-12    5.00484e-12    0    4.83865e-15    0.00308507    0.00308507 
0.161187    5e-12    5.00484e-12    0    4.83648e-15    0.00308507    0.00308507 
0.160927    5e-12    5.00483e-12    0    4.83432e-15    0.00308507    0.00308507 
0.160669    5e-12    5.00483e-12    0    4.83217e-15    0.00308507    0.00308507 
0.160411    5e-12    5.00483e-12    0    4.83003e-15    0.00308507    0.00308507 
0.160153    5e-12    5.00483e-12    0    4.8279e-15    0.00308507    0.00308507 
0.159897    5e-12    5.00483e-12    0    4.82577e-15    0.00308507    0.00308507 
0.159642    5e-12    5.00482e-12    0    4.82365e-15    0.00308507    0.00308507 
0.159387    5e-12    5.00482e-12    0    4.82154e-15    0.00308507    0.00308507 
0.159133    5e-12    5.00482e-12    0    4.81944e-15    0.00308507    0.00308507 
0.15888    5e-12    5.00482e-12    0    4.81734e-15    0.00308507    0.00308507 
0.158628    5e-12    5.00482e-12    0    4.81525e-15    0.00308507    0.00308507 
0.158376    5e-12    5.00481e-12    0    4.81317e-15    0.00308507    0.00308507 
0.158126    5e-12    5.00481e-12    0    4.8111e-15    0.00308507    0.00308507 
0.157876    5e-12    5.00481e-12    0    4.80903e-15    0.00308507    0.00308507 
0.157627    5e-12    5.00481e-12    0    4.80697e-15    0.00308507    0.00308507 
0.157378    5e-12    5.0048e-12    0    4.80492e-15    0.00308507    0.00308507 
0.157131    5e-12    5.0048e-12    0    4.80288e-15    0.00308507    0.00308507 
0.156884    5e-12    5.0048e-12    0    4.80084e-15    0.00308507    0.00308507 
0.156638    5e-12    5.0048e-12    0    4.79881e-15    0.00308507    0.00308507 
0.156393    5e-12    5.0048e-12    0    4.79679e-15    0.00308507    0.00308507 
0.156148    5e-12    5.00479e-12    0    4.79477e-15    0.00308507    0.00308507 
0.155905    5e-12    5.00479e-12    0    4.79277e-15    0.00308507    0.00308507 
0.155662    5e-12    5.00479e-12    0    4.79077e-15    0.00308507    0.00308507 
0.155419    5e-12    5.00479e-12    0    4.78877e-15    0.00308507    0.00308507 
0.155178    5e-12    5.00479e-12    0    4.78679e-15    0.00308507    0.00308507 
0.154937    5e-12    5.00478e-12    0    4.78481e-15    0.00308507    0.00308507 
0.154697    5e-12    5.00478e-12    0    4.78283e-15    0.00308507    0.00308507 
0.154458    5e-12    5.00478e-12    0    4.78087e-15    0.00308507    0.00308507 
0.15422    5e-12    5.00478e-12    0    4.77891e-15    0.00308507    0.00308507 
0.153982    5e-12    5.00478e-12    0    4.77696e-15    0.00308507    0.00308507 
0.153745    5e-12    5.00478e-12    0    4.77501e-15    0.00308507    0.00308507 
0.153509    5e-12    5.00477e-12    0    4.77307e-15    0.00308507    0.00308507 
0.153273    5e-12    5.00477e-12    0    4.77114e-15    0.00308507    0.00308507 
0.153039    5e-12    5.00477e-12    0    4.76922e-15    0.00308507    0.00308507 
0.152804    5e-12    5.00477e-12    0    4.7673e-15    0.00308507    0.00308507 
0.152571    5e-12    5.00477e-12    0    4.76539e-15    0.00308507    0.00308507 
0.152338    5e-12    5.00476e-12    0    4.76348e-15    0.00308507    0.00308507 
0.152107    5e-12    5.00476e-12    0    4.76158e-15    0.00308507    0.00308507 
0.151875    5e-12    5.00476e-12    0    4.75969e-15    0.00308507    0.00308507 
0.151645    5e-12    5.00476e-12    0    4.7578e-15    0.00308507    0.00308507 
0.151415    5e-12    5.00476e-12    0    4.75592e-15    0.00308507    0.00308507 
0.151186    5e-12    5.00475e-12    0    4.75405e-15    0.00308507    0.00308507 
0.150957    5e-12    5.00475e-12    0    4.75219e-15    0.00308507    0.00308507 
0.15073    5e-12    5.00475e-12    0    4.75033e-15    0.00308507    0.00308507 
0.150502    5e-12    5.00475e-12    0    4.74847e-15    0.00308507    0.00308507 
0.150276    5e-12    5.00475e-12    0    4.74662e-15    0.00308507    0.00308507 
0.15005    5e-12    5.00474e-12    0    4.74478e-15    0.00308507    0.00308507 
0.149825    5e-12    5.00474e-12    0    4.74295e-15    0.00308507    0.00308507 
0.149601    5e-12    5.00474e-12    0    4.74112e-15    0.00308507    0.00308507 
0.149377    5e-12    5.00474e-12    0    4.7393e-15    0.00308507    0.00308507 
0.149154    5e-12    5.00474e-12    0    4.73748e-15    0.00308507    0.00308507 
0.148932    5e-12    5.00474e-12    0    4.73567e-15    0.00308507    0.00308507 
0.14871    5e-12    5.00473e-12    0    4.73387e-15    0.00308507    0.00308507 
0.148489    5e-12    5.00473e-12    0    4.73207e-15    0.00308507    0.00308507 
0.148269    5e-12    5.00473e-12    0    4.73028e-15    0.00308507    0.00308507 
0.148049    5e-12    5.00473e-12    0    4.72849e-15    0.00308507    0.00308507 
0.14783    5e-12    5.00473e-12    0    4.72671e-15    0.00308507    0.00308507 
0.147611    5e-12    5.00472e-12    0    4.72494e-15    0.00308507    0.00308507 
0.147394    5e-12    5.00472e-12    0    4.72317e-15    0.00308507    0.00308507 
0.147177    5e-12    5.00472e-12    0    4.7214e-15    0.00308507    0.00308507 
0.14696    5e-12    5.00472e-12    0    4.71965e-15    0.00308507    0.00308507 
0.146744    5e-12    5.00472e-12    0    4.7179e-15    0.00308507    0.00308507 
0.146529    5e-12    5.00472e-12    0    4.71615e-15    0.00308507    0.00308507 
0.146314    5e-12    5.00471e-12    0    4.71441e-15    0.00308507    0.00308507 
0.1461    5e-12    5.00471e-12    0    4.71268e-15    0.00308507    0.00308507 
0.145887    5e-12    5.00471e-12    0    4.71095e-15    0.00308507    0.00308507 
0.145674    5e-12    5.00471e-12    0    4.70923e-15    0.00308507    0.00308507 
0.145462    5e-12    5.00471e-12    0    4.70751e-15    0.00308507    0.00308507 
0.145251    5e-12    5.00471e-12    0    4.7058e-15    0.00308507    0.00308507 
0.14504    5e-12    5.0047e-12    0    4.7041e-15    0.00308507    0.00308507 
0.14483    5e-12    5.0047e-12    0    4.7024e-15    0.00308507    0.00308507 
0.14462    5e-12    5.0047e-12    0    4.7007e-15    0.00308507    0.00308507 
0.144411    5e-12    5.0047e-12    0    4.69901e-15    0.00308507    0.00308507 
0.144202    5e-12    5.0047e-12    0    4.69733e-15    0.00308507    0.00308507 
0.143994    5e-12    5.0047e-12    0    4.69565e-15    0.00308507    0.00308507 
0.143787    5e-12    5.00469e-12    0    4.69398e-15    0.00308507    0.00308507 
0.143581    5e-12    5.00469e-12    0    4.69231e-15    0.00308507    0.00308507 
0.143375    5e-12    5.00469e-12    0    4.69065e-15    0.00308507    0.00308507 
0.143169    5e-12    5.00469e-12    0    4.689e-15    0.00308507    0.00308507 
0.142964    5e-12    5.00469e-12    0    4.68734e-15    0.00308507    0.00308507 
0.14276    5e-12    5.00469e-12    0    4.6857e-15    0.00308507    0.00308507 
0.142556    5e-12    5.00468e-12    0    4.68406e-15    0.00308507    0.00308507 
0.142353    5e-12    5.00468e-12    0    4.68242e-15    0.00308507    0.00308507 
0.14215    5e-12    5.00468e-12    0    4.68079e-15    0.00308507    0.00308507 
0.141948    5e-12    5.00468e-12    0    4.67917e-15    0.00308507    0.00308507 
0.141747    5e-12    5.00468e-12    0    4.67755e-15    0.00308507    0.00308507 
0.141546    5e-12    5.00468e-12    0    4.67593e-15    0.00308507    0.00308507 
0.141346    5e-12    5.00467e-12    0    4.67433e-15    0.00308507    0.00308507 
0.141146    5e-12    5.00467e-12    0    4.67272e-15    0.00308507    0.00308507 
0.140947    5e-12    5.00467e-12    0    4.67112e-15    0.00308507    0.00308507 
0.140749    5e-12    5.00467e-12    0    4.66953e-15    0.00308507    0.00308507 
0.140551    5e-12    5.00467e-12    0    4.66794e-15    0.00308507    0.00308507 
0.140353    5e-12    5.00467e-12    0    4.66636e-15    0.00308507    0.00308507 
0.140156    5e-12    5.00466e-12    0    4.66478e-15    0.00308507    0.00308507 
0.13996    5e-12    5.00466e-12    0    4.6632e-15    0.00308507    0.00308507 
0.139764    5e-12    5.00466e-12    0    4.66163e-15    0.00308507    0.00308507 
0.139569    5e-12    5.00466e-12    0    4.66007e-15    0.00308507    0.00308507 
0.139374    5e-12    5.00466e-12    0    4.65851e-15    0.00308507    0.00308507 
0.13918    5e-12    5.00466e-12    0    4.65696e-15    0.00308507    0.00308507 
0.138986    5e-12    5.00466e-12    0    4.65541e-15    0.00308507    0.00308507 
0.138793    5e-12    5.00465e-12    0    4.65386e-15    0.00308507    0.00308507 
0.138601    5e-12    5.00465e-12    0    4.65232e-15    0.00308507    0.00308507 
0.138408    5e-12    5.00465e-12    0    4.65079e-15    0.00308507    0.00308507 
0.138217    5e-12    5.00465e-12    0    4.64925e-15    0.00308507    0.00308507 
0.138026    5e-12    5.00465e-12    0    4.64773e-15    0.00308507    0.00308507 
0.137836    5e-12    5.00465e-12    0    4.64621e-15    0.00308507    0.00308507 
0.137646    5e-12    5.00464e-12    0    4.64469e-15    0.00308507    0.00308507 
0.137456    5e-12    5.00464e-12    0    4.64318e-15    0.00308507    0.00308507 
0.137267    5e-12    5.00464e-12    0    4.64167e-15    0.00308507    0.00308507 
0.137079    5e-12    5.00464e-12    0    4.64017e-15    0.00308507    0.00308507 
0.136891    5e-12    5.00464e-12    0    4.63867e-15    0.00308507    0.00308507 
0.136704    5e-12    5.00464e-12    0    4.63718e-15    0.00308507    0.00308507 
0.136517    5e-12    5.00464e-12    0    4.63569e-15    0.00308507    0.00308507 
0.136331    5e-12    5.00463e-12    0    4.63421e-15    0.00308507    0.00308507 
0.136145    5e-12    5.00463e-12    0    4.63273e-15    0.00308507    0.00308507 
0.13596    5e-12    5.00463e-12    0    4.63125e-15    0.00308507    0.00308507 
0.135775    5e-12    5.00463e-12    0    4.62978e-15    0.00308507    0.00308507 
0.135591    5e-12    5.00463e-12    0    4.62832e-15    0.00308507    0.00308507 
0.135407    5e-12    5.00463e-12    0    4.62685e-15    0.00308507    0.00308507 
0.135224    5e-12    5.00463e-12    0    4.6254e-15    0.00308507    0.00308507 
0.135041    5e-12    5.00462e-12    0    4.62394e-15    0.00308507    0.00308507 
0.134858    5e-12    5.00462e-12    0    4.62249e-15    0.00308507    0.00308507 
0.134677    5e-12    5.00462e-12    0    4.62105e-15    0.00308507    0.00308507 
0.134495    5e-12    5.00462e-12    0    4.61961e-15    0.00308507    0.00308507 
0.134315    5e-12    5.00462e-12    0    4.61818e-15    0.00308507    0.00308507 
0.134134    5e-12    5.00462e-12    0    4.61674e-15    0.00308507    0.00308507 
0.133954    5e-12    5.00462e-12    0    4.61532e-15    0.00308507    0.00308507 
0.133775    5e-12    5.00461e-12    0    4.61389e-15    0.00308507    0.00308507 
0.133596    5e-12    5.00461e-12    0    4.61248e-15    0.00308507    0.00308507 
0.133418    5e-12    5.00461e-12    0    4.61106e-15    0.00308507    0.00308507 
0.13324    5e-12    5.00461e-12    0    4.60965e-15    0.00308507    0.00308507 
0.133062    5e-12    5.00461e-12    0    4.60825e-15    0.00308507    0.00308507 
0.132885    5e-12    5.00461e-12    0    4.60684e-15    0.00308507    0.00308507 
0.132709    5e-12    5.00461e-12    0    4.60545e-15    0.00308507    0.00308507 
0.132533    5e-12    5.0046e-12    0    4.60405e-15    0.00308507    0.00308507 
0.132357    5e-12    5.0046e-12    0    4.60266e-15    0.00308507    0.00308507 
0.132182    5e-12    5.0046e-12    0    4.60128e-15    0.00308507    0.00308507 
0.132007    5e-12    5.0046e-12    0    4.5999e-15    0.00308507    0.00308507 
0.131833    5e-12    5.0046e-12    0    4.59852e-15    0.00308507    0.00308507 
0.131659    5e-12    5.0046e-12    0    4.59715e-15    0.00308507    0.00308507 
0.131486    5e-12    5.0046e-12    0    4.59578e-15    0.00308507    0.00308507 
0.131313    5e-12    5.00459e-12    0    4.59441e-15    0.00308507    0.00308507 
0.131141    5e-12    5.00459e-12    0    4.59305e-15    0.00308507    0.00308507 
0.130969    5e-12    5.00459e-12    0    4.5917e-15    0.00308507    0.00308507 
0.130797    5e-12    5.00459e-12    0    4.59034e-15    0.00308507    0.00308507 
0.130626    5e-12    5.00459e-12    0    4.58899e-15    0.00308507    0.00308507 
0.130456    5e-12    5.00459e-12    0    4.58765e-15    0.00308507    0.00308507 
0.130286    5e-12    5.00459e-12    0    4.58631e-15    0.00308507    0.00308507 
0.130116    5e-12    5.00458e-12    0    4.58497e-15    0.00308507    0.00308507 
0.129947    5e-12    5.00458e-12    0    4.58364e-15    0.00308507    0.00308507 
0.129778    5e-12    5.00458e-12    0    4.58231e-15    0.00308507    0.00308507 
0.12961    5e-12    5.00458e-12    0    4.58098e-15    0.00308507    0.00308507 
0.129442    5e-12    5.00458e-12    0    4.57966e-15    0.00308507    0.00308507 
0.129274    5e-12    5.00458e-12    0    4.57834e-15    0.00308507    0.00308507 
0.129107    5e-12    5.00458e-12    0    4.57703e-15    0.00308507    0.00308507 
0.12894    5e-12    5.00458e-12    0    4.57572e-15    0.00308507    0.00308507 
0.128774    5e-12    5.00457e-12    0    4.57441e-15    0.00308507    0.00308507 
0.128608    5e-12    5.00457e-12    0    4.5731e-15    0.00308507    0.00308507 
0.128443    5e-12    5.00457e-12    0    4.57181e-15    0.00308507    0.00308507 
0.128278    5e-12    5.00457e-12    0    4.57051e-15    0.00308507    0.00308507 
0.128114    5e-12    5.00457e-12    0    4.56922e-15    0.00308507    0.00308507 
0.12795    5e-12    5.00457e-12    0    4.56793e-15    0.00308507    0.00308507 
0.127786    5e-12    5.00457e-12    0    4.56664e-15    0.00308507    0.00308507 
0.127623    5e-12    5.00457e-12    0    4.56536e-15    0.00308507    0.00308507 
0.12746    5e-12    5.00456e-12    0    4.56409e-15    0.00308507    0.00308507 
0.127297    5e-12    5.00456e-12    0    4.56281e-15    0.00308507    0.00308507 
0.127135    5e-12    5.00456e-12    0    4.56154e-15    0.00308507    0.00308507 
0.126974    5e-12    5.00456e-12    0    4.56028e-15    0.00308507    0.00308507 
0.126813    5e-12    5.00456e-12    0    4.55901e-15    0.00308507    0.00308507 
0.126652    5e-12    5.00456e-12    0    4.55775e-15    0.00308507    0.00308507 
0.126491    5e-12    5.00456e-12    0    4.5565e-15    0.00308507    0.00308507 
0.126332    5e-12    5.00456e-12    0    4.55524e-15    0.00308507    0.00308507 
0.126172    5e-12    5.00455e-12    0    4.55399e-15    0.00308507    0.00308507 
0.126013    5e-12    5.00455e-12    0    4.55275e-15    0.00308507    0.00308507 
0.125854    5e-12    5.00455e-12    0    4.55151e-15    0.00308507    0.00308507 
0.125696    5e-12    5.00455e-12    0    4.55027e-15    0.00308507    0.00308507 
0.125538    5e-12    5.00455e-12    0    4.54903e-15    0.00308507    0.00308507 
0.12538    5e-12    5.00455e-12    0    4.5478e-15    0.00308507    0.00308507 
0.125223    5e-12    5.00455e-12    0    4.54657e-15    0.00308507    0.00308507 
0.125066    5e-12    5.00455e-12    0    4.54535e-15    0.00308507    0.00308507 
0.12491    5e-12    5.00454e-12    0    4.54413e-15    0.00308507    0.00308507 
0.124754    5e-12    5.00454e-12    0    4.54291e-15    0.00308507    0.00308507 
0.124598    5e-12    5.00454e-12    0    4.54169e-15    0.00308507    0.00308507 
0.124443    5e-12    5.00454e-12    0    4.54048e-15    0.00308507    0.00308507 
0.124288    5e-12    5.00454e-12    0    4.53928e-15    0.00308507    0.00308507 
0.124134    5e-12    5.00454e-12    0    4.53807e-15    0.00308507    0.00308507 
0.12398    5e-12    5.00454e-12    0    4.53687e-15    0.00308507    0.00308507 
0.123826    5e-12    5.00454e-12    0    4.53567e-15    0.00308507    0.00308507 
0.123673    5e-12    5.00453e-12    0    4.53448e-15    0.00308507    0.00308507 
0.12352    5e-12    5.00453e-12    0    4.53328e-15    0.00308507    0.00308507 
0.123367    5e-12    5.00453e-12    0    4.5321e-15    0.00308507    0.00308507 
0.123215    5e-12    5.00453e-12    0    4.53091e-15    0.00308507    0.00308507 
0.123063    5e-12    5.00453e-12    0    4.52973e-15    0.00308507    0.00308507 
0.122912    5e-12    5.00453e-12    0    4.52855e-15    0.00308507    0.00308507 
0.122761    5e-12    5.00453e-12    0    4.52738e-15    0.00308507    0.00308507 
0.12261    5e-12    5.00453e-12    0    4.5262e-15    0.00308507    0.00308507 
0.12246    5e-12    5.00453e-12    0    4.52503e-15    0.00308507    0.00308507 
0.12231    5e-12    5.00452e-12    0    4.52387e-15    0.00308507    0.00308507 
0.122161    5e-12    5.00452e-12    0    4.52271e-15    0.00308507    0.00308507 
0.122011    5e-12    5.00452e-12    0    4.52155e-15    0.00308507    0.00308507 
0.121862    5e-12    5.00452e-12    0    4.52039e-15    0.00308507    0.00308507 
0.121714    5e-12    5.00452e-12    0    4.51924e-15    0.00308507    0.00308507 
0.121566    5e-12    5.00452e-12    0    4.51809e-15    0.00308507    0.00308507 
0.121418    5e-12    5.00452e-12    0    4.51694e-15    0.00308507    0.00308507 
0.121271    5e-12    5.00452e-12    0    4.51579e-15    0.00308507    0.00308507 
0.121124    5e-12    5.00451e-12    0    4.51465e-15    0.00308507    0.00308507 
0.120977    5e-12    5.00451e-12    0    4.51352e-15    0.00308507    0.00308507 
0.120831    5e-12    5.00451e-12    0    4.51238e-15    0.00308507    0.00308507 
0.120685    5e-12    5.00451e-12    0    4.51125e-15    0.00308507    0.00308507 
0.120539    5e-12    5.00451e-12    0    4.51012e-15    0.00308507    0.00308507 
0.120394    5e-12    5.00451e-12    0    4.50899e-15    0.00308507    0.00308507 
0.120249    5e-12    5.00451e-12    0    4.50787e-15    0.00308507    0.00308507 
0.120104    5e-12    5.00451e-12    0    4.50675e-15    0.00308507    0.00308507 
0.11996    5e-12    5.00451e-12    0    4.50563e-15    0.00308507    0.00308507 
0.119816    5e-12    5.0045e-12    0    4.50452e-15    0.00308507    0.00308507 
0.119673    5e-12    5.0045e-12    0    4.50341e-15    0.00308507    0.00308507 
0.11953    5e-12    5.0045e-12    0    4.5023e-15    0.00308507    0.00308507 
0.119387    5e-12    5.0045e-12    0    4.5012e-15    0.00308507    0.00308507 
0.119244    5e-12    5.0045e-12    0    4.50009e-15    0.00308507    0.00308507 
0.119102    5e-12    5.0045e-12    0    4.49899e-15    0.00308507    0.00308507 
0.11896    5e-12    5.0045e-12    0    4.4979e-15    0.00308507    0.00308507 
0.118819    5e-12    5.0045e-12    0    4.4968e-15    0.00308507    0.00308507 
0.118678    5e-12    5.0045e-12    0    4.49571e-15    0.00308507    0.00308507 
0.118537    5e-12    5.00449e-12    0    4.49462e-15    0.00308507    0.00308507 
0.118396    5e-12    5.00449e-12    0    4.49354e-15    0.00308507    0.00308507 
0.118256    5e-12    5.00449e-12    0    4.49246e-15    0.00308507    0.00308507 
0.118116    5e-12    5.00449e-12    0    4.49138e-15    0.00308507    0.00308507 
0.117977    5e-12    5.00449e-12    0    4.4903e-15    0.00308507    0.00308507 
0.117838    5e-12    5.00449e-12    0    4.48923e-15    0.00308507    0.00308507 
0.117699    5e-12    5.00449e-12    0    4.48816e-15    0.00308507    0.00308507 
0.11756    5e-12    5.00449e-12    0    4.48709e-15    0.00308507    0.00308507 
0.117422    5e-12    5.00449e-12    0    4.48602e-15    0.00308507    0.00308507 
0.117284    5e-12    5.00448e-12    0    4.48496e-15    0.00308507    0.00308507 
0.117147    5e-12    5.00448e-12    0    4.4839e-15    0.00308507    0.00308507 
0.11701    5e-12    5.00448e-12    0    4.48284e-15    0.00308507    0.00308507 
0.116873    5e-12    5.00448e-12    0    4.48179e-15    0.00308507    0.00308507 
0.116736    5e-12    5.00448e-12    0    4.48074e-15    0.00308507    0.00308507 
0.1166    5e-12    5.00448e-12    0    4.47969e-15    0.00308507    0.00308507 
0.116464    5e-12    5.00448e-12    0    4.47864e-15    0.00308507    0.00308507 
0.116328    5e-12    5.00448e-12    0    4.4776e-15    0.00308507    0.00308507 
0.116193    5e-12    5.00448e-12    0    4.47656e-15    0.00308507    0.00308507 
0.116058    5e-12    5.00448e-12    0    4.47552e-15    0.00308507    0.00308507 
0.115923    5e-12    5.00447e-12    0    4.47448e-15    0.00308507    0.00308507 
0.115789    5e-12    5.00447e-12    0    4.47345e-15    0.00308507    0.00308507 
0.115655    5e-12    5.00447e-12    0    4.47242e-15    0.00308507    0.00308507 
0.115521    5e-12    5.00447e-12    0    4.47139e-15    0.00308507    0.00308507 
0.115388    5e-12    5.00447e-12    0    4.47036e-15    0.00308507    0.00308507 
0.115255    5e-12    5.00447e-12    0    4.46934e-15    0.00308507    0.00308507 
0.115122    5e-12    5.00447e-12    0    4.46832e-15    0.00308507    0.00308507 
0.114989    5e-12    5.00447e-12    0    4.4673e-15    0.00308507    0.00308507 
0.114857    5e-12    5.00447e-12    0    4.46629e-15    0.00308507    0.00308507 
0.114725    5e-12    5.00447e-12    0    4.46528e-15    0.00308507    0.00308507 
0.114594    5e-12    5.00446e-12    0    4.46427e-15    0.00308507    0.00308507 
0.114462    5e-12    5.00446e-12    0    4.46326e-15    0.00308507    0.00308507 
0.114331    5e-12    5.00446e-12    0    4.46226e-15    0.00308507    0.00308507 
0.114201    5e-12    5.00446e-12    0    4.46125e-15    0.00308507    0.00308507 
0.11407    5e-12    5.00446e-12    0    4.46025e-15    0.00308507    0.00308507 
0.11394    5e-12    5.00446e-12    0    4.45926e-15    0.00308507    0.00308507 
0.11381    5e-12    5.00446e-12    0    4.45826e-15    0.00308507    0.00308507 
0.113681    5e-12    5.00446e-12    0    4.45727e-15    0.00308507    0.00308507 
0.113552    5e-12    5.00446e-12    0    4.45628e-15    0.00308507    0.00308507 
0.113423    5e-12    5.00446e-12    0    4.45529e-15    0.00308507    0.00308507 
0.113294    5e-12    5.00445e-12    0    4.45431e-15    0.00308507    0.00308507 
0.113166    5e-12    5.00445e-12    0    4.45332e-15    0.00308507    0.00308507 
0.113038    5e-12    5.00445e-12    0    4.45234e-15    0.00308507    0.00308507 
0.11291    5e-12    5.00445e-12    0    4.45137e-15    0.00308507    0.00308507 
0.112782    5e-12    5.00445e-12    0    4.45039e-15    0.00308507    0.00308507 
0.112655    5e-12    5.00445e-12    0    4.44942e-15    0.00308507    0.00308507 
0.112528    5e-12    5.00445e-12    0    4.44845e-15    0.00308507    0.00308507 
0.112402    5e-12    5.00445e-12    0    4.44748e-15    0.00308507    0.00308507 
0.112275    5e-12    5.00445e-12    0    4.44652e-15    0.00308507    0.00308507 
0.112149    5e-12    5.00445e-12    0    4.44555e-15    0.00308507    0.00308507 
0.112024    5e-12    5.00444e-12    0    4.44459e-15    0.00308507    0.00308507 
0.111898    5e-12    5.00444e-12    0    4.44363e-15    0.00308507    0.00308507 
0.111773    5e-12    5.00444e-12    0    4.44268e-15    0.00308507    0.00308507 
0.111648    5e-12    5.00444e-12    0    4.44172e-15    0.00308507    0.00308507 
0.111523    5e-12    5.00444e-12    0    4.44077e-15    0.00308507    0.00308507 
0.111399    5e-12    5.00444e-12    0    4.43982e-15    0.00308507    0.00308507 
0.111275    5e-12    5.00444e-12    0    4.43888e-15    0.00308507    0.00308507 
0.111151    5e-12    5.00444e-12    0    4.43793e-15    0.00308507    0.00308507 
0.111028    5e-12    5.00444e-12    0    4.43699e-15    0.00308507    0.00308507 
0.110904    5e-12    5.00444e-12    0    4.43605e-15    0.00308507    0.00308507 
0.110781    5e-12    5.00444e-12    0    4.43511e-15    0.00308507    0.00308507 
0.110659    5e-12    5.00443e-12    0    4.43418e-15    0.00308507    0.00308507 
0.110536    5e-12    5.00443e-12    0    4.43324e-15    0.00308507    0.00308507 
0.110414    5e-12    5.00443e-12    0    4.43231e-15    0.00308507    0.00308507 
0.110292    5e-12    5.00443e-12    0    4.43139e-15    0.00308507    0.00308507 
0.11017    5e-12    5.00443e-12    0    4.43046e-15    0.00308507    0.00308507 
0.110049    5e-12    5.00443e-12    0    4.42954e-15    0.00308507    0.00308507 
0.109928    5e-12    5.00443e-12    0    4.42861e-15    0.00308507    0.00308507 
0.109807    5e-12    5.00443e-12    0    4.42769e-15    0.00308507    0.00308507 
0.109687    5e-12    5.00443e-12    0    4.42678e-15    0.00308507    0.00308507 
0.109566    5e-12    5.00443e-12    0    4.42586e-15    0.00308507    0.00308507 
0.109446    5e-12    5.00442e-12    0    4.42495e-15    0.00308507    0.00308507 
0.109327    5e-12    5.00442e-12    0    4.42404e-15    0.00308507    0.00308507 
0.109207    5e-12    5.00442e-12    0    4.42313e-15    0.00308507    0.00308507 
0.109088    5e-12    5.00442e-12    0    4.42222e-15    0.00308507    0.00308507 
0.108969    5e-12    5.00442e-12    0    4.42132e-15    0.00308507    0.00308507 
0.10885    5e-12    5.00442e-12    0    4.42042e-15    0.00308507    0.00308507 
0.108732    5e-12    5.00442e-12    0    4.41952e-15    0.00308507    0.00308507 
0.108613    5e-12    5.00442e-12    0    4.41862e-15    0.00308507    0.00308507 
0.108495    5e-12    5.00442e-12    0    4.41772e-15    0.00308507    0.00308507 
0.108378    5e-12    5.00442e-12    0    4.41683e-15    0.00308507    0.00308507 
0.10826    5e-12    5.00442e-12    0    4.41594e-15    0.00308507    0.00308507 
0.108143    5e-12    5.00442e-12    0    4.41505e-15    0.00308507    0.00308507 
0.108026    5e-12    5.00441e-12    0    4.41416e-15    0.00308507    0.00308507 
0.107909    5e-12    5.00441e-12    0    4.41328e-15    0.00308507    0.00308507 
0.107793    5e-12    5.00441e-12    0    4.41239e-15    0.00308507    0.00308507 
0.107677    5e-12    5.00441e-12    0    4.41151e-15    0.00308507    0.00308507 
0.107561    5e-12    5.00441e-12    0    4.41063e-15    0.00308507    0.00308507 
0.107445    5e-12    5.00441e-12    0    4.40976e-15    0.00308507    0.00308507 
0.10733    5e-12    5.00441e-12    0    4.40888e-15    0.00308507    0.00308507 
0.107215    5e-12    5.00441e-12    0    4.40801e-15    0.00308507    0.00308507 
0.1071    5e-12    5.00441e-12    0    4.40714e-15    0.00308507    0.00308507 
0.106985    5e-12    5.00441e-12    0    4.40627e-15    0.00308507    0.00308507 
0.10687    5e-12    5.00441e-12    0    4.4054e-15    0.00308507    0.00308507 
0.106756    5e-12    5.0044e-12    0    4.40454e-15    0.00308507    0.00308507 
0.106642    5e-12    5.0044e-12    0    4.40368e-15    0.00308507    0.00308507 
0.106529    5e-12    5.0044e-12    0    4.40281e-15    0.00308507    0.00308507 
0.106415    5e-12    5.0044e-12    0    4.40196e-15    0.00308507    0.00308507 
0.106302    5e-12    5.0044e-12    0    4.4011e-15    0.00308507    0.00308507 
0.106189    5e-12    5.0044e-12    0    4.40024e-15    0.00308507    0.00308507 
0.106076    5e-12    5.0044e-12    0    4.39939e-15    0.00308507    0.00308507 
0.105964    5e-12    5.0044e-12    0    4.39854e-15    0.00308507    0.00308507 
0.105851    5e-12    5.0044e-12    0    4.39769e-15    0.00308507    0.00308507 
0.105739    5e-12    5.0044e-12    0    4.39685e-15    0.00308507    0.00308507 
0.105628    5e-12    5.0044e-12    0    4.396e-15    0.00308507    0.00308507 
0.105516    5e-12    5.0044e-12    0    4.39516e-15    0.00308507    0.00308507 
0.105405    5e-12    5.00439e-12    0    4.39432e-15    0.00308507    0.00308507 
0.105294    5e-12    5.00439e-12    0    4.39348e-15    0.00308507    0.00308507 
0.105183    5e-12    5.00439e-12    0    4.39264e-15    0.00308507    0.00308507 
0.105072    5e-12    5.00439e-12    0    4.39181e-15    0.00308507    0.00308507 
0.104962    5e-12    5.00439e-12    0    4.39097e-15    0.00308507    0.00308507 
0.104851    5e-12    5.00439e-12    0    4.39014e-15    0.00308507    0.00308507 
0.104742    5e-12    5.00439e-12    0    4.38931e-15    0.00308507    0.00308507 
0.104632    5e-12    5.00439e-12    0    4.38849e-15    0.00308507    0.00308507 
0.104522    5e-12    5.00439e-12    0    4.38766e-15    0.00308507    0.00308507 
0.104413    5e-12    5.00439e-12    0    4.38684e-15    0.00308507    0.00308507 
0.104304    5e-12    5.00439e-12    0    4.38601e-15    0.00308507    0.00308507 
0.104195    5e-12    5.00439e-12    0    4.38519e-15    0.00308507    0.00308507 
0.104087    5e-12    5.00438e-12    0    4.38438e-15    0.00308507    0.00308507 
0.103978    5e-12    5.00438e-12    0    4.38356e-15    0.00308507    0.00308507 
0.10387    5e-12    5.00438e-12    0    4.38275e-15    0.00308507    0.00308507 
0.103762    5e-12    5.00438e-12    0    4.38193e-15    0.00308507    0.00308507 
0.103655    5e-12    5.00438e-12    0    4.38112e-15    0.00308507    0.00308507 
0.103547    5e-12    5.00438e-12    0    4.38031e-15    0.00308507    0.00308507 
0.10344    5e-12    5.00438e-12    0    4.37951e-15    0.00308507    0.00308507 
0.103333    5e-12    5.00438e-12    0    4.3787e-15    0.00308507    0.00308507 
0.103226    5e-12    5.00438e-12    0    4.3779e-15    0.00308507    0.00308507 
0.10312    5e-12    5.00438e-12    0    4.3771e-15    0.00308507    0.00308507 
0.103013    5e-12    5.00438e-12    0    4.3763e-15    0.00308507    0.00308507 
0.102907    5e-12    5.00438e-12    0    4.3755e-15    0.00308507    0.00308507 
0.102801    5e-12    5.00437e-12    0    4.3747e-15    0.00308507    0.00308507 
0.102696    5e-12    5.00437e-12    0    4.37391e-15    0.00308507    0.00308507 
0.10259    5e-12    5.00437e-12    0    4.37311e-15    0.00308507    0.00308507 
0.102485    5e-12    5.00437e-12    0    4.37232e-15    0.00308507    0.00308507 
0.10238    5e-12    5.00437e-12    0    4.37153e-15    0.00308507    0.00308507 
0.102275    5e-12    5.00437e-12    0    4.37075e-15    0.00308507    0.00308507 
0.102171    5e-12    5.00437e-12    0    4.36996e-15    0.00308507    0.00308507 
0.102066    5e-12    5.00437e-12    0    4.36918e-15    0.00308507    0.00308507 
0.101962    5e-12    5.00437e-12    0    4.3684e-15    0.00308507    0.00308507 
0.101858    5e-12    5.00437e-12    0    4.36761e-15    0.00308507    0.00308507 
0.101754    5e-12    5.00437e-12    0    4.36684e-15    0.00308507    0.00308507 
0.101651    5e-12    5.00437e-12    0    4.36606e-15    0.00308507    0.00308507 
0.101547    5e-12    5.00437e-12    0    4.36528e-15    0.00308507    0.00308507 
0.101444    5e-12    5.00436e-12    0    4.36451e-15    0.00308507    0.00308507 
0.101341    5e-12    5.00436e-12    0    4.36374e-15    0.00308507    0.00308507 
0.101239    5e-12    5.00436e-12    0    4.36297e-15    0.00308507    0.00308507 
0.101136    5e-12    5.00436e-12    0    4.3622e-15    0.00308507    0.00308507 
0.101034    5e-12    5.00436e-12    0    4.36143e-15    0.00308507    0.00308507 
0.100932    5e-12    5.00436e-12    0    4.36067e-15    0.00308507    0.00308507 
0.10083    5e-12    5.00436e-12    0    4.3599e-15    0.00308507    0.00308507 
0.100728    5e-12    5.00436e-12    0    4.35914e-15    0.00308507    0.00308507 
0.100627    5e-12    5.00436e-12    0    4.35838e-15    0.00308507    0.00308507 
0.100526    5e-12    5.00436e-12    0    4.35762e-15    0.00308507    0.00308507 
0.100425    5e-12    5.00436e-12    0    4.35687e-15    0.00308507    0.00308507 
0.100324    5e-12    5.00436e-12    0    4.35611e-15    0.00308507    0.00308507 
0.100223    5e-12    5.00436e-12    0    4.35536e-15    0.00308507    0.00308507 
0.100123    5e-12    5.00435e-12    0    4.35461e-15    0.00308507    0.00308507 
0.100022    5e-12    5.00435e-12    0    4.35386e-15    0.00308507    0.00308507 
