6.66667    6.75999e-08    6.75999e-08    6.75949e-08    6.75949e-08    0.00323259    0.00323259 
6.25    2.72148e-08    2.72182e-08    2.72098e-08    2.72132e-08    0.00323459    0.00323459 
5.88235    1.09024e-08    1.09063e-08    1.08974e-08    1.09013e-08    0.00323666    0.00323666 
5.55555    4.34909e-09    4.35353e-09    4.34409e-09    4.34853e-09    0.0032389    0.0032389 
5.26316    1.72885e-09    1.73382e-09    1.72385e-09    1.72882e-09    0.00324121    0.00324121 
5    6.85693e-10    6.9121e-10    6.80693e-10    6.8621e-10    0.00324367    0.00324367 
4.7619    2.71986e-10    2.78044e-10    2.66986e-10    2.73044e-10    0.00324617    0.00324617 
4.54545    1.08507e-10    1.15032e-10    1.03507e-10    1.10032e-10    0.00324893    0.00324893 
4.34782    4.41378e-11    5.0943e-11    3.91378e-11    4.5943e-11    0.00325168    0.00325168 
4.16666    1.8951e-11    2.5663e-11    1.3951e-11    2.0663e-11    0.00325468    0.00325468 
3.99984    9.3156e-12    1.54137e-11    4.3156e-12    1.04137e-11    0.00325778    0.00325778 
3.84601    6.01391e-12    1.09851e-11    1.01391e-12    5.98513e-12    0.0032608    0.0032608 
3.70357    5.17793e-12    8.85089e-12    1.77934e-13    3.85089e-12    0.00326424    0.00326424 
3.5713    5.02758e-12    7.69267e-12    2.75836e-14    2.69267e-12    0.00326754    0.00326754 
3.44816    5.00416e-12    6.99525e-12    4.15729e-15    1.99525e-12    0.00327107    0.00327107 
3.33322    5.00062e-12    6.54039e-12    6.22054e-16    1.54039e-12    0.00327462    0.00327462 
3.2257    5.00009e-12    6.2258e-12    9.27494e-17    1.2258e-12    0.0032784    0.0032784 
3.1249    5.00001e-12    5.99854e-12    1.379e-17    9.98538e-13    0.00328241    0.00328241 
3.03012    5e-12    5.82865e-12    2.04045e-18    8.28654e-13    0.00328614    0.00328614 
2.94092    5e-12    5.69842e-12    3.01233e-19    6.98424e-13    0.00329035    0.00329035 
2.85682    5e-12    5.59643e-12    4.4362e-20    5.96429e-13    0.0032945    0.0032945 
2.77739    5e-12    5.51511e-12    6.51902e-21    5.15107e-13    0.00329887    0.00329887 
2.70226    5e-12    5.44928e-12    9.55838e-22    4.49277e-13    0.00330313    0.00330313 
2.63109    5e-12    5.39528e-12    1.39877e-22    3.95283e-13    0.0033076    0.0033076 
2.56358    5e-12    5.35049e-12    2.04277e-23    3.50487e-13    0.00331191    0.00331191 
2.49944    5e-12    5.31294e-12    2.97807e-24    3.1294e-13    0.00331641    0.00331641 
2.43843    5e-12    5.28118e-12    4.33442e-25    2.81184e-13    0.0033211    0.0033211 
2.38033    5e-12    5.2541e-12    6.29864e-26    2.54103e-13    0.00332599    0.00332599 
2.32493    5e-12    5.23084e-12    9.137e-27    2.30837e-13    0.00333065    0.00333065 
2.27206    5e-12    5.21071e-12    1.32354e-27    2.10714e-13    0.00333548    0.00333548 
2.22153    5e-12    5.1932e-12    1.9146e-28    1.93199e-13    0.00334049    0.00334049 
2.1732    5e-12    5.17787e-12    2.76601e-29    1.77868e-13    0.00334568    0.00334568 
2.12694    5e-12    5.16438e-12    3.98991e-30    1.64377e-13    0.00335055    0.00335055 
2.0826    5e-12    5.15245e-12    5.74845e-31    1.52447e-13    0.00335559    0.00335559 
2.04007    5e-12    5.14185e-12    8.27254e-32    1.41848e-13    0.00336078    0.00336078 
1.99924    5e-12    5.13239e-12    1.18919e-32    1.32393e-13    0.00336613    0.00336613 
1.96002    5e-12    5.12392e-12    1.70767e-33    1.23923e-13    0.00337164    0.00337164 
1.9223    5e-12    5.11631e-12    2.4489e-34    1.16308e-13    0.00337674    0.00337674 
1.88601    5e-12    5.10944e-12    3.50841e-35    1.09437e-13    0.00338197    0.00338197 
1.85106    5e-12    5.10322e-12    5.02158e-36    1.03218e-13    0.00338734    0.00338734 
1.81739    5e-12    5.09757e-12    7.18083e-37    9.75699e-14    0.00339284    0.00339284 
1.78492    5e-12    5.09243e-12    1.02596e-37    9.2426e-14    0.00339848    0.00339848 
1.75359    5e-12    5.08773e-12    1.46404e-38    8.77281e-14    0.00340361    0.00340361 
1.72334    5e-12    5.08343e-12    2.08827e-39    8.3426e-14    0.00340951    0.00340951 
1.69411    5e-12    5.07948e-12    2.97515e-40    7.94766e-14    0.00341487    0.00341487 
1.66586    5e-12    5.07584e-12    4.23543e-41    7.58422e-14    0.00342034    0.00342034 
1.63854    5e-12    5.07249e-12    6.0251e-42    7.24902e-14    0.00342591    0.00342591 
1.6121    5e-12    5.06939e-12    8.56483e-43    6.93918e-14    0.0034316    0.0034316 
1.5865    5e-12    5.06652e-12    1.21667e-43    6.6522e-14    0.00343739    0.00343739 
1.56169    5e-12    5.06386e-12    1.72642e-44    6.38588e-14    0.00344254    0.00344254 
1.53768    5e-12    5.06138e-12    2.454e-45    6.13849e-14    0.00344853    0.00344853 
1.51439    5e-12    5.05908e-12    3.48445e-46    5.90804e-14    0.00345386    0.00345386 
1.4918    5e-12    5.05693e-12    4.94453e-47    5.693e-14    0.00345927    0.00345927 
1.46987    5e-12    5.05492e-12    7.01541e-48    5.49202e-14    0.00346556    0.00346556 
1.44858    5e-12    5.05304e-12    9.94332e-49    5.30386e-14    0.00347114    0.00347114 
1.4279    5e-12    5.05127e-12    1.40852e-49    5.12746e-14    0.0034768    0.0034768 
1.4078    5e-12    5.04962e-12    1.9932e-50    4.96184e-14    0.00348171    0.00348171 
1.38825    5e-12    5.04806e-12    2.82038e-51    4.80612e-14    0.00348751    0.00348751 
1.36924    5e-12    5.0466e-12    3.98877e-52    4.65951e-14    0.00349339    0.00349339 
1.35075    5e-12    5.04521e-12    5.63557e-53    4.5213e-14    0.00349848    0.00349848 
1.33275    5e-12    5.04391e-12    7.96219e-54    4.39085e-14    0.0035045    0.0035045 
1.31522    5e-12    5.04268e-12    1.12383e-54    4.26758e-14    0.00350971    0.00350971 
1.29814    5e-12    5.04151e-12    1.58629e-55    4.15095e-14    0.00351586    0.00351586 
1.28151    5e-12    5.0404e-12    2.23689e-56    4.04049e-14    0.00352118    0.00352118 
1.26529    5e-12    5.03936e-12    3.1529e-57    3.93575e-14    0.00352656    0.00352656 
1.24948    5e-12    5.03836e-12    4.44205e-58    3.83635e-14    0.00353198    0.00353198 
1.23407    5e-12    5.03742e-12    6.25561e-59    3.74191e-14    0.00353745    0.00353745 
1.21902    5e-12    5.03652e-12    8.80588e-60    3.65209e-14    0.00354297    0.00354297 
1.20434    5e-12    5.03567e-12    1.23907e-60    3.5666e-14    0.00354853    0.00354853 
1.19001    5e-12    5.03485e-12    1.74188e-61    3.48515e-14    0.0035532    0.0035532 
1.17601    5e-12    5.03407e-12    2.44904e-62    3.40747e-14    0.00355885    0.00355885 
1.16234    5e-12    5.03333e-12    3.44196e-63    3.33335e-14    0.00356454    0.00356454 
1.14899    5e-12    5.03263e-12    4.83304e-64    3.26254e-14    0.00356931    0.00356931 
1.13594    5e-12    5.03195e-12    6.78747e-65    3.19486e-14    0.00357507    0.00357507 
1.12318    5e-12    5.0313e-12    9.52365e-66    3.13011e-14    0.00357991    0.00357991 
1.1107    5e-12    5.03068e-12    1.33654e-66    3.06812e-14    0.00358574    0.00358574 
1.0985    5e-12    5.03009e-12    1.874e-67    3.00873e-14    0.00359063    0.00359063 
1.08657    5e-12    5.02952e-12    2.62671e-68    2.95179e-14    0.00359555    0.00359555 
1.07489    5e-12    5.02897e-12    3.68253e-69    2.89717e-14    0.00360148    0.00360148 
1.06346    5e-12    5.02845e-12    5.15823e-70    2.84472e-14    0.00360645    0.00360645 
1.05227    5e-12    5.02794e-12    7.22297e-71    2.79434e-14    0.00361144    0.00361144 
1.04131    5e-12    5.02746e-12    1.0111e-71    2.74591e-14    0.00361646    0.00361646 
1.03058    5e-12    5.02699e-12    1.41494e-72    2.69934e-14    0.00362149    0.00362149 
1.02006    5e-12    5.02655e-12    1.97947e-73    2.65451e-14    0.00362655    0.00362655 
1.00976    5e-12    5.02611e-12    2.76842e-74    2.61134e-14    0.00363163    0.00363163 
0.99967    5e-12    5.0257e-12    3.87069e-75    2.56975e-14    0.00363672    0.00363672 
0.989776    5e-12    5.0253e-12    5.40725e-76    2.52966e-14    0.00364081    0.00364081 
0.980075    5e-12    5.02491e-12    7.55589e-77    2.49098e-14    0.00364594    0.00364594 
0.970563    5e-12    5.02454e-12    1.05554e-77    2.45366e-14    0.00365109    0.00365109 
0.961233    5e-12    5.02418e-12    1.47417e-78    2.41763e-14    0.00365625    0.00365625 
0.952082    5e-12    5.02383e-12    2.05712e-79    2.38282e-14    0.00366039    0.00366039 
0.943103    5e-12    5.02349e-12    2.87145e-80    2.34918e-14    0.00366559    0.00366559 
0.934291    5e-12    5.02317e-12    4.00485e-81    2.31665e-14    0.00366975    0.00366975 
0.925643    5e-12    5.02285e-12    5.58738e-82    2.28519e-14    0.00367497    0.00367497 
0.917154    5e-12    5.02255e-12    7.78889e-83    2.25474e-14    0.00367915    0.00367915 
0.908818    5e-12    5.02225e-12    1.08614e-83    2.22526e-14    0.0036844    0.0036844 
0.900633    5e-12    5.02197e-12    1.51335e-84    2.1967e-14    0.0036886    0.0036886 
0.892594    5e-12    5.02169e-12    2.10812e-85    2.16903e-14    0.00369281    0.00369281 
0.884697    5e-12    5.02142e-12    2.93762e-86    2.1422e-14    0.00369808    0.00369808 
0.876939    5e-12    5.02116e-12    4.09025e-87    2.11619e-14    0.00370231    0.00370231 
0.869316    5e-12    5.02091e-12    5.69386e-88    2.09095e-14    0.00370655    0.00370655 
0.861824    5e-12    5.02066e-12    7.92443e-89    2.06646e-14    0.00371079    0.00371079 
0.85446    5e-12    5.02043e-12    1.10264e-89    2.04268e-14    0.00371504    0.00371504 
0.847221    5e-12    5.0202e-12    1.53897e-90    2.01959e-14    0.00372539    0.00372539 
0.840103    5e-12    5.01997e-12    2.14866e-91    1.99717e-14    0.00373677    0.00373677 
0.833104    5e-12    5.01975e-12    2.99529e-92    1.9754e-14    0.0037457    0.0037457 
0.826221    5e-12    5.01954e-12    4.17374e-93    1.95425e-14    0.00375424    0.00375424 
0.81945    5e-12    5.01934e-12    5.81287e-94    1.93369e-14    0.00376221    0.00376221 
0.81279    5e-12    5.01914e-12    8.08362e-95    1.91369e-14    0.00376775    0.00376775 
0.806237    5e-12    5.01894e-12    1.12465e-95    1.89424e-14    0.00377452    0.00377452 
0.799789    5e-12    5.01875e-12    1.56379e-96    1.87531e-14    0.00378058    0.00378058 
0.793443    5e-12    5.01857e-12    2.1733e-97    1.85688e-14    0.00378604    0.00378604 
0.787197    5e-12    5.01839e-12    3.01905e-98    1.83892e-14    0.00379103    0.00379103 
0.781049    5e-12    5.01821e-12    4.19252e-99    1.82143e-14    0.00379573    0.00379573 
0.774996    5e-12    5.01804e-12    5.81726e-100    1.80438e-14    0.0037992    0.0037992 
0.769036    5e-12    5.01788e-12    8.07555e-101    1.78776e-14    0.00380393    0.00380393 
0.763167    5e-12    5.01772e-12    1.12103e-101    1.77156e-14    0.00380897    0.00380897 
0.757386    5e-12    5.01756e-12    1.55633e-102    1.75575e-14    0.00381449    0.00381449 
0.751693    5e-12    5.0174e-12    2.15917e-103    1.74033e-14    0.00381904    0.00381904 
0.746085    5e-12    5.01725e-12    2.99836e-104    1.72529e-14    0.00382574    0.00382574 
0.74056    5e-12    5.01711e-12    4.16046e-105    1.7106e-14    0.00383125    0.00383125 
0.735116    5e-12    5.01696e-12    5.77948e-106    1.69627e-14    0.00383925    0.00383925 
0.729751    5e-12    5.01682e-12    8.02076e-107    1.68228e-14    0.00384571    0.00384571 
0.724464    5e-12    5.01669e-12    1.11449e-107    1.66862e-14    0.00385485    0.00385485 
0.719254    5e-12    5.01655e-12    1.54676e-108    1.65527e-14    0.00386202    0.00386202 
0.714117    5e-12    5.01642e-12    2.14933e-109    1.64224e-14    0.00387188    0.00387188 
0.709054    5e-12    5.0163e-12    2.98254e-110    1.62951e-14    0.00387939    0.00387939 
0.704062    5e-12    5.01617e-12    4.14345e-111    1.61706e-14    0.00388941    0.00388941 
0.699139    5e-12    5.01605e-12    5.74763e-112    1.6049e-14    0.00389682    0.00389682 
0.694285    5e-12    5.01593e-12    7.98071e-113    1.59301e-14    0.00390645    0.00390645 
0.689498    5e-12    5.01581e-12    1.10646e-113    1.58138e-14    0.0039134    0.0039134 
0.684777    5e-12    5.0157e-12    1.53356e-114    1.57e-14    0.00392007    0.00392007 
0.680119    5e-12    5.01559e-12    2.12491e-115    1.55887e-14    0.00392645    0.00392645 
0.675525    5e-12    5.01548e-12    2.94635e-116    1.54798e-14    0.00393449    0.00393449 
0.670992    5e-12    5.01537e-12    4.07989e-117    1.53732e-14    0.00394018    0.00394018 
0.66652    5e-12    5.01527e-12    5.64805e-118    1.52687e-14    0.00394562    0.00394562 
0.662107    5e-12    5.01517e-12    7.8171e-119    1.51665e-14    0.00395085    0.00395085 
0.657752    5e-12    5.01507e-12    1.08261e-119    1.50663e-14    0.00395763    0.00395763 
0.653454    5e-12    5.01497e-12    1.49781e-120    1.49682e-14    0.00396264    0.00396264 
0.649212    5e-12    5.01487e-12    2.072e-121    1.4872e-14    0.00396769    0.00396769 
0.645024    5e-12    5.01478e-12    2.86612e-122    1.47778e-14    0.00397285    0.00397285 
0.64089    5e-12    5.01469e-12    3.96445e-123    1.46854e-14    0.0039782    0.0039782 
0.636809    5e-12    5.01459e-12    5.48371e-124    1.45948e-14    0.0039838    0.0039838 
0.632779    5e-12    5.01451e-12    7.58546e-125    1.45059e-14    0.00398973    0.00398973 
0.6288    5e-12    5.01442e-12    1.04934e-125    1.44188e-14    0.00399603    0.00399603 
0.624871    5e-12    5.01433e-12    1.45173e-126    1.43334e-14    0.00400273    0.00400273 
0.620991    5e-12    5.01425e-12    2.00862e-127    1.42496e-14    0.00400986    0.00400986 
0.617158    5e-12    5.01417e-12    2.77939e-128    1.41673e-14    0.00401743    0.00401743 
0.613373    5e-12    5.01409e-12    3.84628e-129    1.40867e-14    0.00402542    0.00402542 
0.609633    5e-12    5.01401e-12    5.32311e-130    1.40075e-14    0.0040338    0.0040338 
0.605939    5e-12    5.01393e-12    7.36738e-131    1.39298e-14    0.00404253    0.00404253 
0.60229    5e-12    5.01385e-12    1.0197e-131    1.38536e-14    0.00405155    0.00405155 
0.598684    5e-12    5.01378e-12    1.41133e-132    1.37788e-14    0.0040608    0.0040608 
0.595121    5e-12    5.01371e-12    1.95328e-133    1.37053e-14    0.00407019    0.00407019 
0.5916    5e-12    5.01363e-12    2.70311e-134    1.36332e-14    0.00407964    0.00407964 
0.588121    5e-12    5.01356e-12    3.74033e-135    1.35624e-14    0.00408907    0.00408907 
0.584682    5e-12    5.01349e-12    5.16688e-136    1.34928e-14    0.0040953    0.0040953 
0.581284    5e-12    5.01342e-12    7.14713e-137    1.34245e-14    0.00410452    0.00410452 
0.577924    5e-12    5.01336e-12    9.88415e-138    1.33574e-14    0.0041135    0.0041135 
0.574604    5e-12    5.01329e-12    1.36659e-138    1.32914e-14    0.0041222    0.0041222 
0.571321    5e-12    5.01323e-12    1.88895e-139    1.32266e-14    0.00413056    0.00413056 
0.568075    5e-12    5.01316e-12    2.60694e-140    1.31629e-14    0.00413593    0.00413593 
0.564866    5e-12    5.0131e-12    3.60158e-141    1.31002e-14    0.00414366    0.00414366 
0.561694    5e-12    5.01304e-12    4.9743e-142    1.30386e-14    0.00415102    0.00415102 
0.558556    5e-12    5.01298e-12    6.86076e-143    1.29781e-14    0.00415572    0.00415572 
0.555454    5e-12    5.01292e-12    9.47115e-144    1.29185e-14    0.00416248    0.00416248 
0.552385    5e-12    5.01286e-12    1.30716e-144    1.28599e-14    0.00416895    0.00416895 
0.549351    5e-12    5.0128e-12    1.8037e-145    1.28023e-14    0.00417517    0.00417517 
0.54635    5e-12    5.01275e-12    2.48604e-146    1.27455e-14    0.00417922    0.00417922 
0.543381    5e-12    5.01269e-12    3.42937e-147    1.26897e-14    0.00418522    0.00418522 
0.540444    5e-12    5.01263e-12    4.72566e-148    1.26347e-14    0.00418919    0.00418919 
0.537539    5e-12    5.01258e-12    6.51766e-149    1.25806e-14    0.00419519    0.00419519 
0.534665    5e-12    5.01253e-12    8.98892e-150    1.25274e-14    0.00420131    0.00420131 
0.531822    5e-12    5.01247e-12    1.23847e-150    1.2475e-14    0.00420551    0.00420551 
0.529008    5e-12    5.01242e-12    1.70808e-151    1.24233e-14    0.00421203    0.00421203 
0.526224    5e-12    5.01237e-12    2.35334e-152    1.23725e-14    0.00421656    0.00421656 
0.52347    5e-12    5.01232e-12    3.24606e-153    1.23224e-14    0.0042237    0.0042237 
0.520744    5e-12    5.01227e-12    4.47252e-154    1.22731e-14    0.00422869    0.00422869 
0.518046    5e-12    5.01222e-12    6.1703e-155    1.22245e-14    0.00423659    0.00423659 
0.515376    5e-12    5.01218e-12    8.50239e-156    1.21767e-14    0.00424212    0.00424212 
0.512734    5e-12    5.01213e-12    1.17326e-156    1.21296e-14    0.00425086    0.00425086 
0.510118    5e-12    5.01208e-12    1.61685e-157    1.20831e-14    0.00425696    0.00425696 
0.507529    5e-12    5.01204e-12    2.23161e-158    1.20374e-14    0.00426652    0.00426652 
0.504966    5e-12    5.01199e-12    3.07562e-159    1.19923e-14    0.00427315    0.00427315 
0.502429    5e-12    5.01195e-12    4.24577e-160    1.19479e-14    0.00428345    0.00428345 
0.499918    5e-12    5.0119e-12    5.85181e-161    1.19042e-14    0.00429053    0.00429053 
0.497431    5e-12    5.01186e-12    8.06524e-162    1.18611e-14    0.00429774    0.00429774 
0.494969    5e-12    5.01182e-12    1.11347e-162    1.18186e-14    0.00430878    0.00430878 
0.492531    5e-12    5.01178e-12    1.53457e-163    1.17767e-14    0.00431623    0.00431623 
0.490117    5e-12    5.01174e-12    2.11848e-164    1.17354e-14    0.0043275    0.0043275 
0.487726    5e-12    5.01169e-12    2.91927e-165    1.16947e-14    0.00433502    0.00433502 
0.485359    5e-12    5.01165e-12    4.02241e-166    1.16546e-14    0.00434251    0.00434251 
0.483015    5e-12    5.01162e-12    5.55126e-167    1.1615e-14    0.00435365    0.00435365 
0.480693    5e-12    5.01158e-12    7.64715e-168    1.1576e-14    0.00436095    0.00436095 
0.478393    5e-12    5.01154e-12    1.0533e-168    1.15376e-14    0.00436814    0.00436814 
0.476116    5e-12    5.0115e-12    1.45288e-169    1.14996e-14    0.00437864    0.00437864 
0.47386    5e-12    5.01146e-12    2.0005e-170    1.14622e-14    0.00438543    0.00438543 
0.471625    5e-12    5.01143e-12    2.7541e-171    1.14253e-14    0.00439204    0.00439204 
0.469411    5e-12    5.01139e-12    3.79097e-172    1.13889e-14    0.00439844    0.00439844 
0.467218    5e-12    5.01135e-12    5.22452e-173    1.13529e-14    0.00440766    0.00440766 
0.465045    5e-12    5.01132e-12    7.18877e-174    1.13175e-14    0.00441355    0.00441355 
0.462892    5e-12    5.01128e-12    9.88992e-175    1.12825e-14    0.00441923    0.00441923 
0.460759    5e-12    5.01125e-12    1.36039e-175    1.12479e-14    0.00442471    0.00442471 
0.458646    5e-12    5.01121e-12    1.87317e-176    1.12138e-14    0.0044326    0.0044326 
0.456552    5e-12    5.01118e-12    2.57576e-177    1.11802e-14    0.00443766    0.00443766 
0.454477    5e-12    5.01115e-12    3.54145e-178    1.11469e-14    0.00444258    0.00444258 
0.452421    5e-12    5.01111e-12    4.86862e-179    1.11141e-14    0.00444738    0.00444738 
0.450383    5e-12    5.01108e-12    6.69249e-180    1.10817e-14    0.00445211    0.00445211 
0.448364    5e-12    5.01105e-12    9.20843e-181    1.10497e-14    0.00445911    0.00445911 
0.446363    5e-12    5.01102e-12    1.26561e-181    1.10181e-14    0.00446377    0.00446377 
0.444379    5e-12    5.01099e-12    1.73937e-182    1.09869e-14    0.00446845    0.00446845 
0.442413    5e-12    5.01096e-12    2.3904e-183    1.0956e-14    0.0044732    0.0044732 
0.440465    5e-12    5.01093e-12    3.28505e-184    1.09256e-14    0.00447805    0.00447805 
0.438533    5e-12    5.0109e-12    4.51453e-185    1.08955e-14    0.00448302    0.00448302 
0.436618    5e-12    5.01087e-12    6.20424e-186    1.08657e-14    0.00448816    0.00448816 
0.43472    5e-12    5.01084e-12    8.52661e-187    1.08363e-14    0.00449349    0.00449349 
0.432839    5e-12    5.01081e-12    1.17337e-187    1.08073e-14    0.00450191    0.00450191 
0.430973    5e-12    5.01078e-12    1.61281e-188    1.07786e-14    0.00450783    0.00450783 
0.429124    5e-12    5.01075e-12    2.21696e-189    1.07503e-14    0.00451402    0.00451402 
0.42729    5e-12    5.01072e-12    3.04764e-190    1.07223e-14    0.00452049    0.00452049 
0.425472    5e-12    5.01069e-12    4.18986e-191    1.06946e-14    0.00452726    0.00452726 
0.42367    5e-12    5.01067e-12    5.7606e-192    1.06673e-14    0.00453432    0.00453432 
0.421882    5e-12    5.01064e-12    7.92076e-193    1.06402e-14    0.00454168    0.00454168 
0.42011    5e-12    5.01061e-12    1.08917e-193    1.06135e-14    0.00454934    0.00454934 
0.418352    5e-12    5.01059e-12    1.4978e-194    1.05871e-14    0.00455727    0.00455727 
0.416609    5e-12    5.01056e-12    2.05986e-195    1.0561e-14    0.00456547    0.00456547 
0.414881    5e-12    5.01054e-12    2.83298e-196    1.05353e-14    0.00457392    0.00457392 
0.413167    5e-12    5.01051e-12    3.89641e-197    1.05098e-14    0.00458258    0.00458258 
0.411467    5e-12    5.01048e-12    5.35915e-198    1.04846e-14    0.00459143    0.00459143 
0.409781    5e-12    5.01046e-12    7.37111e-199    1.04597e-14    0.00460044    0.00460044 
0.408108    5e-12    5.01044e-12    1.01383e-199    1.04351e-14    0.00460958    0.00460958 
0.40645    5e-12    5.01041e-12    1.39441e-200    1.04107e-14    0.00461879    0.00461879 
0.404804    5e-12    5.01039e-12    1.91778e-201    1.03867e-14    0.00462803    0.00462803 
0.403172    5e-12    5.01036e-12    2.63742e-202    1.03629e-14    0.00463728    0.00463728 
0.401553    5e-12    5.01034e-12    3.62682e-203    1.03394e-14    0.00464647    0.00464647 
0.399947    5e-12    5.01032e-12    4.9869e-204    1.03161e-14    0.00465556    0.00465556 
0.398354    5e-12    5.01029e-12    6.85623e-205    1.02931e-14    0.00466452    0.00466452 
0.396773    5e-12    5.01027e-12    9.42502e-206    1.02704e-14    0.00467329    0.00467329 
0.395205    5e-12    5.01025e-12    1.29308e-206    1.02479e-14    0.00467759    0.00467759 
0.39365    5e-12    5.01023e-12    1.7771e-207    1.02256e-14    0.00468601    0.00468601 
0.392106    5e-12    5.0102e-12    2.44188e-208    1.02036e-14    0.00469415    0.00469415 
0.390575    5e-12    5.01018e-12    3.35472e-209    1.01819e-14    0.00470197    0.00470197 
0.389054    5e-12    5.01016e-12    4.59874e-210    1.01603e-14    0.00470945    0.00470945 
0.387544    5e-12    5.01014e-12    6.30279e-211    1.0139e-14    0.00471657    0.00471657 
0.386047    5e-12    5.01012e-12    8.63645e-212    1.01179e-14    0.00472331    0.00472331 
0.384561    5e-12    5.0101e-12    1.18316e-212    1.0097e-14    0.00472965    0.00472965 
0.383086    5e-12    5.01008e-12    1.61854e-213    1.00763e-14    0.00473268    0.00473268 
0.381623    5e-12    5.01006e-12    2.21659e-214    1.00558e-14    0.00473843    0.00473843 
0.38017    5e-12    5.01004e-12    3.03496e-215    1.00356e-14    0.00474379    0.00474379 
0.378729    5e-12    5.01002e-12    4.15464e-216    1.00155e-14    0.00474878    0.00474878 
0.377299    5e-12    5.01e-12    5.68628e-217    9.9957e-15    0.0047534    0.0047534 
0.375879    5e-12    5.00998e-12    7.78113e-218    9.97605e-15    0.00475769    0.00475769 
0.37447    5e-12    5.00996e-12    1.06372e-218    9.95659e-15    0.00475972    0.00475972 
0.373072    5e-12    5.00994e-12    1.4552e-219    9.93733e-15    0.00476357    0.00476357 
0.371684    5e-12    5.00992e-12    1.99047e-220    9.91825e-15    0.00476718    0.00476718 
0.370306    5e-12    5.0099e-12    2.72229e-221    9.89935e-15    0.00477058    0.00477058 
0.368938    5e-12    5.00988e-12    3.72276e-222    9.88064e-15    0.00477382    0.00477382 
0.367581    5e-12    5.00986e-12    5.08717e-223    9.8621e-15    0.0047754    0.0047754 
0.366233    5e-12    5.00984e-12    6.95579e-224    9.84374e-15    0.00477851    0.00477851 
0.364896    5e-12    5.00983e-12    9.5103e-225    9.82556e-15    0.00478159    0.00478159 
0.363568    5e-12    5.00981e-12    1.30026e-225    9.80754e-15    0.0047847    0.0047847 
0.362249    5e-12    5.00979e-12    1.77652e-226    9.7897e-15    0.00478628    0.00478628 
0.36094    5e-12    5.00977e-12    2.42884e-227    9.77202e-15    0.00478953    0.00478953 
0.359641    5e-12    5.00975e-12    3.32076e-228    9.7545e-15    0.00479294    0.00479294 
0.358351    5e-12    5.00974e-12    4.54044e-229    9.73714e-15    0.00479657    0.00479657 
0.35707    5e-12    5.00972e-12    6.2034e-230    9.71995e-15    0.00479848    0.00479848 
0.355798    5e-12    5.0097e-12    8.48263e-231    9.70292e-15    0.00480251    0.00480251 
0.354536    5e-12    5.00969e-12    1.16004e-231    9.68604e-15    0.00480688    0.00480688 
0.353282    5e-12    5.00967e-12    1.58659e-232    9.66931e-15    0.0048116    0.0048116 
0.352037    5e-12    5.00965e-12    2.1679e-233    9.65274e-15    0.00481411    0.00481411 
0.350801    5e-12    5.00964e-12    2.96555e-234    9.63632e-15    0.00481944    0.00481944 
0.349573    5e-12    5.00962e-12    4.05726e-235    9.62006e-15    0.0048252    0.0048252 
0.348354    5e-12    5.0096e-12    5.54441e-236    9.60394e-15    0.00482825    0.00482825 
0.347144    5e-12    5.00959e-12    7.58704e-237    9.58796e-15    0.0048347    0.0048347 
0.345942    5e-12    5.00957e-12    1.03838e-237    9.57214e-15    0.00484161    0.00484161 
0.344748    5e-12    5.00956e-12    1.41916e-238    9.55646e-15    0.00484523    0.00484523 
0.343562    5e-12    5.00954e-12    1.9427e-239    9.54092e-15    0.00485284    0.00485284 
0.342385    5e-12    5.00953e-12    2.65976e-240    9.52552e-15    0.00486089    0.00486089 
0.341215    5e-12    5.00951e-12    3.63556e-241    9.51026e-15    0.00486508    0.00486508 
0.340054    5e-12    5.0095e-12    4.97839e-242    9.49515e-15    0.00487377    0.00487377 
0.3389    5e-12    5.00948e-12    6.81802e-243    9.48017e-15    0.00488286    0.00488286 
0.337755    5e-12    5.00947e-12    9.32024e-244    9.46532e-15    0.00488754    0.00488754 
0.336616    5e-12    5.00945e-12    1.2766e-244    9.45061e-15    0.00489716    0.00489716 
0.335486    5e-12    5.00944e-12    1.74516e-245    9.43603e-15    0.00490208    0.00490208 
0.334363    5e-12    5.00942e-12    2.3906e-246    9.42159e-15    0.00491213    0.00491213 
0.333248    5e-12    5.00941e-12    3.27491e-247    9.40728e-15    0.00492241    0.00492241 
0.33214    5e-12    5.00939e-12    4.47694e-248    9.39309e-15    0.00492762    0.00492762 
0.331039    5e-12    5.00938e-12    6.13314e-249    9.37903e-15    0.00493814    0.00493814 
0.329946    5e-12    5.00937e-12    8.40199e-250    9.3651e-15    0.00494875    0.00494875 
0.32886    5e-12    5.00935e-12    1.14851e-250    9.35129e-15    0.00495407    0.00495407 
0.327781    5e-12    5.00934e-12    1.57328e-251    9.3376e-15    0.0049647    0.0049647 
0.326709    5e-12    5.00932e-12    2.15042e-252    9.32404e-15    0.00497    0.00497 
0.325644    5e-12    5.00931e-12    2.94537e-253    9.31059e-15    0.00498052    0.00498052 
0.324586    5e-12    5.0093e-12    4.02544e-254    9.29726e-15    0.00498573    0.00498573 
0.323535    5e-12    5.00928e-12    5.51258e-255    9.28405e-15    0.00499601    0.00499601 
0.32249    5e-12    5.00927e-12    7.54812e-256    9.27095e-15    0.00500606    0.00500606 
0.321452    5e-12    5.00926e-12    1.03138e-256    9.25796e-15    0.00501099    0.00501099 
0.320421    5e-12    5.00925e-12    1.41187e-257    9.24509e-15    0.00502061    0.00502061 
0.319397    5e-12    5.00923e-12    1.92887e-258    9.23232e-15    0.00502529    0.00502529 
0.318379    5e-12    5.00922e-12    2.63971e-259    9.21967e-15    0.00503437    0.00503437 
0.317368    5e-12    5.00921e-12    3.60567e-260    9.20712e-15    0.00503877    0.00503877 
0.316363    5e-12    5.00919e-12    4.93293e-261    9.19467e-15    0.00504725    0.00504725 
0.315364    5e-12    5.00918e-12    6.73678e-262    9.18233e-15    0.00505133    0.00505133 
0.314371    5e-12    5.00917e-12    9.21359e-263    9.17009e-15    0.00505915    0.00505915 
0.313385    5e-12    5.00916e-12    1.25803e-263    9.15795e-15    0.00506289    0.00506289 
0.312405    5e-12    5.00915e-12    1.71998e-264    9.1459e-15    0.00507004    0.00507004 
0.311431    5e-12    5.00913e-12    2.34801e-265    9.13396e-15    0.00507344    0.00507344 
0.310464    5e-12    5.00912e-12    3.20915e-266    9.12211e-15    0.00507991    0.00507991 
0.309502    5e-12    5.00911e-12    4.3801e-267    9.11035e-15    0.00508298    0.00508298 
0.308546    5e-12    5.0091e-12    5.98461e-268    9.09869e-15    0.0050888    0.0050888 
0.307596    5e-12    5.00909e-12    8.16681e-269    9.08712e-15    0.00509157    0.00509157 
0.306652    5e-12    5.00908e-12    1.11552e-269    9.07564e-15    0.00509681    0.00509681 
0.305713    5e-12    5.00906e-12    1.52203e-270    9.06425e-15    0.0050993    0.0050993 
0.30478    5e-12    5.00905e-12    2.07845e-271    9.05295e-15    0.00510405    0.00510405 
0.303853    5e-12    5.00904e-12    2.83545e-272    9.04173e-15    0.00510631    0.00510631 
0.302932    5e-12    5.00903e-12    3.8712e-273    9.0306e-15    0.00511066    0.00511066 
0.302016    5e-12    5.00902e-12    5.2805e-274    9.01955e-15    0.00511276    0.00511276 
0.301106    5e-12    5.00901e-12    7.20823e-275    9.00858e-15    0.00511684    0.00511684 
0.300201    5e-12    5.009e-12    9.83141e-276    8.9977e-15    0.00511884    0.00511884 
0.299302    5e-12    5.00899e-12    1.3419e-276    8.9869e-15    0.00512278    0.00512278 
0.298408    5e-12    5.00898e-12    1.83012e-277    8.97618e-15    0.00512473    0.00512473 
0.297519    5e-12    5.00897e-12    2.49589e-278    8.96554e-15    0.0051267    0.0051267 
0.296636    5e-12    5.00895e-12    3.40643e-279    8.95498e-15    0.00513066    0.00513066 
0.295757    5e-12    5.00894e-12    4.6455e-280    8.94449e-15    0.00513268    0.00513268 
0.294884    5e-12    5.00893e-12    6.34035e-281    8.93409e-15    0.00513683    0.00513683 
0.294016    5e-12    5.00892e-12    8.64658e-282    8.92376e-15    0.00513897    0.00513897 
0.293154    5e-12    5.00891e-12    1.1802e-282    8.9135e-15    0.00514343    0.00514343 
0.292296    5e-12    5.0089e-12    1.60951e-283    8.90332e-15    0.00514576    0.00514576 
0.291443    5e-12    5.00889e-12    2.195e-284    8.89321e-15    0.00514816    0.00514816 
0.290595    5e-12    5.00888e-12    2.99647e-285    8.88318e-15    0.00515321    0.00515321 
0.289753    5e-12    5.00887e-12    4.08669e-286    8.87322e-15    0.00515587    0.00515587 
0.288915    5e-12    5.00886e-12    5.57979e-287    8.86333e-15    0.00516148    0.00516148 
0.288081    5e-12    5.00885e-12    7.61038e-288    8.85352e-15    0.00516443    0.00516443 
0.287253    5e-12    5.00884e-12    1.03801e-288    8.84377e-15    0.00516749    0.00516749 
0.28643    5e-12    5.00883e-12    1.4176e-289    8.8341e-15    0.00517394    0.00517394 
0.285611    5e-12    5.00882e-12    1.93367e-290    8.82449e-15    0.00517733    0.00517733 
0.284796    5e-12    5.00881e-12    2.64135e-291    8.81496e-15    0.00518445    0.00518445 
0.283987    5e-12    5.00881e-12    3.6032e-292    8.80549e-15    0.00518818    0.00518818 
0.283182    5e-12    5.0088e-12    4.91541e-293    8.79609e-15    0.00519202    0.00519202 
0.282381    5e-12    5.00879e-12    6.7161e-294    8.78676e-15    0.00520004    0.00520004 
0.281585    5e-12    5.00878e-12    9.16265e-295    8.7775e-15    0.00520421    0.00520421 
0.280794    5e-12    5.00877e-12    1.25006e-295    8.7683e-15    0.00520849    0.00520849 
0.280007    5e-12    5.00876e-12    1.70841e-296    8.75917e-15    0.00521734    0.00521734 
0.279224    5e-12    5.00875e-12    2.33093e-297    8.75011e-15    0.00522191    0.00522191 
0.278446    5e-12    5.00874e-12    3.18031e-298    8.74111e-15    0.00522656    0.00522656 
0.277672    5e-12    5.00873e-12    4.34721e-299    8.73218e-15    0.00523611    0.00523611 
0.276902    5e-12    5.00872e-12    5.93153e-300    8.72331e-15    0.00524099    0.00524099 
0.276137    5e-12    5.00871e-12    8.09324e-301    8.7145e-15    0.00524594    0.00524594 
0.275376    5e-12    5.00871e-12    1.1064e-301    8.70576e-15    0.00525598    0.00525598 
0.274619    5e-12    5.0087e-12    1.50962e-302    8.69707e-15    0.00526107    0.00526107 
0.273866    5e-12    5.00869e-12    2.05977e-303    8.68845e-15    0.00526619    0.00526619 
0.273117    5e-12    5.00868e-12    2.81587e-304    8.6799e-15    0.00527649    0.00527649 
0.272373    5e-12    5.00867e-12    3.84193e-305    8.6714e-15    0.00528165    0.00528165 
0.271632    5e-12    5.00866e-12    5.24173e-306    8.66296e-15    0.0052868    0.0052868 
0.270896    5e-12    5.00865e-12    7.16517e-307    8.65458e-15    0.00529706    0.00529706 
0.270163    5e-12    5.00865e-12    9.77503e-308    8.64626e-15    0.00530214    0.00530214 
0.269434    5e-12    5.00864e-12    1.3335e-308    8.638e-15    0.00530718    0.00530718 
0.26871    5e-12    5.00863e-12    1.82244e-309    8.62979e-15    0.0053171    0.0053171 
0.267989    5e-12    5.00862e-12    2.48586e-310    8.62164e-15    0.00532195    0.00532195 
0.267272    5e-12    5.00861e-12    3.39061e-311    8.61355e-15    0.00532673    0.00532673 
0.266559    5e-12    5.00861e-12    4.62438e-312    8.60551e-15    0.00533142    0.00533142 
0.265849    5e-12    5.0086e-12    6.31733e-313    8.59753e-15    0.00534049    0.00534049 
0.265144    5e-12    5.00859e-12    8.61466e-314    8.5896e-15    0.00534486    0.00534486 
0.264442    5e-12    5.00858e-12    1.17466e-314    8.58173e-15    0.00534912    0.00534912 
0.263744    5e-12    5.00857e-12    1.604e-315    8.57391e-15    0.00535723    0.00535723 
0.263049    5e-12    5.00857e-12    2.18673e-316    8.56614e-15    0.00536108    0.00536108 
0.262358    5e-12    5.00856e-12    2.98094e-317    8.55842e-15    0.00536479    0.00536479 
0.261671    5e-12    5.00855e-12    4.06329e-318    8.55075e-15    0.00536835    0.00536835 
0.260988    5e-12    5.00854e-12    5.5449e-319    8.54313e-15    0.00537501    0.00537501 
0.260308    5e-12    5.00854e-12    7.55673e-320    8.53556e-15    0.00537811    0.00537811 
0.259631    5e-12    5.00853e-12    1.02963e-320    8.52804e-15    0.00538104    0.00538104 
0.258958    5e-12    5.00852e-12    1.40315e-321    8.52057e-15    0.00538382    0.00538382 
0.258288    5e-12    5.00851e-12    1.92686e-322    8.51315e-15    0.0053889    0.0053889 
0.257622    5e-12    5.00851e-12    2.47033e-323    8.50577e-15    0.00539121    0.00539121 
0.25696    5e-12    5.0085e-12    4.94066e-324    8.49844e-15    0.00539336    0.00539336 
0.256301    5e-12    5.00849e-12    0    8.49116e-15    0.00539536    0.00539536 
0.255645    5e-12    5.00848e-12    0    8.48392e-15    0.00539894    0.00539894 
0.254992    5e-12    5.00848e-12    0    8.47672e-15    0.00540053    0.00540053 
0.254343    5e-12    5.00847e-12    0    8.46957e-15    0.00540199    0.00540199 
0.253697    5e-12    5.00846e-12    0    8.46246e-15    0.00540333    0.00540333 
0.253054    5e-12    5.00846e-12    0    8.4554e-15    0.00540571    0.00540571 
0.252415    5e-12    5.00845e-12    0    8.44837e-15    0.00540676    0.00540676 
0.251779    5e-12    5.00844e-12    0    8.44139e-15    0.00540773    0.00540773 
0.251146    5e-12    5.00843e-12    0    8.43445e-15    0.00540865    0.00540865 
0.250516    5e-12    5.00843e-12    0    8.42756e-15    0.0054095    0.0054095 
0.249889    5e-12    5.00842e-12    0    8.4207e-15    0.00541112    0.00541112 
0.249266    5e-12    5.00841e-12    0    8.41388e-15    0.00541191    0.00541191 
0.248646    5e-12    5.00841e-12    0    8.40711e-15    0.00541271    0.00541271 
0.248028    5e-12    5.0084e-12    0    8.40037e-15    0.00541352    0.00541352 
0.247414    5e-12    5.00839e-12    0    8.39367e-15    0.00541438    0.00541438 
0.246803    5e-12    5.00839e-12    0    8.38701e-15    0.00541627    0.00541627 
0.246194    5e-12    5.00838e-12    0    8.38039e-15    0.00541734    0.00541734 
0.245589    5e-12    5.00837e-12    0    8.37381e-15    0.00541852    0.00541852 
0.244987    5e-12    5.00837e-12    0    8.36727e-15    0.00541983    0.00541983 
0.244388    5e-12    5.00836e-12    0    8.36077e-15    0.00542127    0.00542127 
0.243791    5e-12    5.00835e-12    0    8.3543e-15    0.00542467    0.00542467 
0.243198    5e-12    5.00835e-12    0    8.34787e-15    0.00542665    0.00542665 
0.242607    5e-12    5.00834e-12    0    8.34148e-15    0.00542885    0.00542885 
0.242019    5e-12    5.00834e-12    0    8.33512e-15    0.00543129    0.00543129 
0.241435    5e-12    5.00833e-12    0    8.3288e-15    0.00543397    0.00543397 
0.240852    5e-12    5.00832e-12    0    8.32252e-15    0.00543693    0.00543693 
0.240273    5e-12    5.00832e-12    0    8.31628e-15    0.00544372    0.00544372 
0.239697    5e-12    5.00831e-12    0    8.31007e-15    0.00544759    0.00544759 
0.239123    5e-12    5.0083e-12    0    8.3039e-15    0.00545181    0.00545181 
0.238552    5e-12    5.0083e-12    0    8.29777e-15    0.00545637    0.00545637 
0.237984    5e-12    5.00829e-12    0    8.29167e-15    0.00546131    0.00546131 
0.237418    5e-12    5.00829e-12    0    8.28561e-15    0.00546664    0.00546664 
0.236855    5e-12    5.00828e-12    0    8.27959e-15    0.00547237    0.00547237 
0.236295    5e-12    5.00827e-12    0    8.2736e-15    0.0054851    0.0054851 
0.235737    5e-12    5.00827e-12    0    8.26765e-15    0.00549212    0.00549212 
0.235182    5e-12    5.00826e-12    0    8.26174e-15    0.00549961    0.00549961 
0.23463    5e-12    5.00826e-12    0    8.25586e-15    0.00550756    0.00550756 
0.23408    5e-12    5.00825e-12    0    8.25002e-15    0.005516    0.005516 
0.233533    5e-12    5.00824e-12    0    8.24422e-15    0.00552494    0.00552494 
0.232988    5e-12    5.00824e-12    0    8.23845e-15    0.00553438    0.00553438 
0.232446    5e-12    5.00823e-12    0    8.23272e-15    0.00555481    0.00555481 
0.231907    5e-12    5.00823e-12    0    8.22702e-15    0.00556583    0.00556583 
0.23137    5e-12    5.00822e-12    0    8.22136e-15    0.00557738    0.00557738 
0.230835    5e-12    5.00822e-12    0    8.21574e-15    0.00558947    0.00558947 
0.230303    5e-12    5.00821e-12    0    8.21015e-15    0.00560212    0.00560212 
0.229773    5e-12    5.0082e-12    0    8.2046e-15    0.00561533    0.00561533 
0.229246    5e-12    5.0082e-12    0    8.19909e-15    0.0056291    0.0056291 
0.228721    5e-12    5.00819e-12    0    8.19361e-15    0.00564344    0.00564344 
0.228198    5e-12    5.00819e-12    0    8.18817e-15    0.00565834    0.00565834 
0.227678    5e-12    5.00818e-12    0    8.18277e-15    0.00568985    0.00568985 
0.227161    5e-12    5.00818e-12    0    8.1774e-15    0.00570646    0.00570646 
0.226645    5e-12    5.00817e-12    0    8.17207e-15    0.00572364    0.00572364 
0.226132    5e-12    5.00817e-12    0    8.16677e-15    0.00574139    0.00574139 
0.225622    5e-12    5.00816e-12    0    8.16151e-15    0.00575969    0.00575969 
0.225113    5e-12    5.00816e-12    0    8.15629e-15    0.00577856    0.00577856 
0.224607    5e-12    5.00815e-12    0    8.1511e-15    0.00579797    0.00579797 
0.224103    5e-12    5.00815e-12    0    8.14595e-15    0.00581794    0.00581794 
0.223602    5e-12    5.00814e-12    0    8.14084e-15    0.00583844    0.00583844 
0.223102    5e-12    5.00814e-12    0    8.13576e-15    0.00585948    0.00585948 
0.222605    5e-12    5.00813e-12    0    8.13071e-15    0.00588103    0.00588103 
0.22211    5e-12    5.00813e-12    0    8.1257e-15    0.0059031    0.0059031 
0.221617    5e-12    5.00812e-12    0    8.12073e-15    0.00594872    0.00594872 
0.221127    5e-12    5.00812e-12    0    8.11579e-15    0.00597225    0.00597225 
0.220639    5e-12    5.00811e-12    0    8.11089e-15    0.00599624    0.00599624 
0.220152    5e-12    5.00811e-12    0    8.10602e-15    0.00602068    0.00602068 
0.219668    5e-12    5.0081e-12    0    8.10119e-15    0.00604554    0.00604554 
0.219186    5e-12    5.0081e-12    0    8.09639e-15    0.00607082    0.00607082 
0.218706    5e-12    5.00809e-12    0    8.09162e-15    0.00609649    0.00609649 
0.218229    5e-12    5.00809e-12    0    8.08689e-15    0.00612253    0.00612253 
0.217753    5e-12    5.00808e-12    0    8.0822e-15    0.00614893    0.00614893 
0.217279    5e-12    5.00808e-12    0    8.07753e-15    0.00617567    0.00617567 
0.216808    5e-12    5.00807e-12    0    8.0729e-15    0.00620272    0.00620272 
0.216338    5e-12    5.00807e-12    0    8.06831e-15    0.00623007    0.00623007 
0.215871    5e-12    5.00806e-12    0    8.06374e-15    0.00625768    0.00625768 
0.215405    5e-12    5.00806e-12    0    8.05921e-15    0.00628554    0.00628554 
0.214942    5e-12    5.00805e-12    0    8.05472e-15    0.00631363    0.00631363 
0.21448    5e-12    5.00805e-12    0    8.05025e-15    0.00634192    0.00634192 
0.214021    5e-12    5.00805e-12    0    8.04581e-15    0.00637038    0.00637038 
0.213563    5e-12    5.00804e-12    0    8.04141e-15    0.006399    0.006399 
0.213108    5e-12    5.00804e-12    0    8.03704e-15    0.00642774    0.00642774 
0.212654    5e-12    5.00803e-12    0    8.0327e-15    0.00645659    0.00645659 
0.212202    5e-12    5.00803e-12    0    8.02839e-15    0.00648551    0.00648551 
0.211753    5e-12    5.00802e-12    0    8.02411e-15    0.0065435    0.0065435 
0.211305    5e-12    5.00802e-12    0    8.01986e-15    0.00657251    0.00657251 
0.210859    5e-12    5.00802e-12    0    8.01564e-15    0.00660151    0.00660151 
0.210415    5e-12    5.00801e-12    0    8.01145e-15    0.00663046    0.00663046 
0.209972    5e-12    5.00801e-12    0    8.00729e-15    0.00665935    0.00665935 
0.209532    5e-12    5.008e-12    0    8.00316e-15    0.00668815    0.00668815 
0.209093    5e-12    5.008e-12    0    7.99906e-15    0.00671684    0.00671684 
0.208657    5e-12    5.00799e-12    0    7.99498e-15    0.00674541    0.00674541 
0.208222    5e-12    5.00799e-12    0    7.99093e-15    0.00677383    0.00677383 
0.207789    5e-12    5.00799e-12    0    7.98691e-15    0.00680208    0.00680208 
0.207357    5e-12    5.00798e-12    0    7.98292e-15    0.00683015    0.00683015 
0.206928    5e-12    5.00798e-12    0    7.97895e-15    0.00685802    0.00685802 
0.2065    5e-12    5.00798e-12    0    7.97501e-15    0.00688568    0.00688568 
0.206074    5e-12    5.00797e-12    0    7.9711e-15    0.00691311    0.00691311 
0.20565    5e-12    5.00797e-12    0    7.96721e-15    0.0069403    0.0069403 
0.205228    5e-12    5.00796e-12    0    7.96335e-15    0.00696724    0.00696724 
0.204807    5e-12    5.00796e-12    0    7.95951e-15    0.00699393    0.00699393 
0.204388    5e-12    5.00796e-12    0    7.9557e-15    0.00702035    0.00702035 
0.20397    5e-12    5.00795e-12    0    7.95191e-15    0.0070465    0.0070465 
0.203555    5e-12    5.00795e-12    0    7.94815e-15    0.00707237    0.00707237 
0.203141    5e-12    5.00794e-12    0    7.94441e-15    0.00709797    0.00709797 
0.202729    5e-12    5.00794e-12    0    7.94069e-15    0.0071233    0.0071233 
0.202318    5e-12    5.00794e-12    0    7.937e-15    0.00714835    0.00714835 
0.201909    5e-12    5.00793e-12    0    7.93333e-15    0.00714835    0.00714835 
0.201502    5e-12    5.00793e-12    0    7.92968e-15    0.00717313    0.00717313 
0.201096    5e-12    5.00793e-12    0    7.92605e-15    0.00719764    0.00719764 
0.200692    5e-12    5.00792e-12    0    7.92245e-15    0.00722189    0.00722189 
0.20029    5e-12    5.00792e-12    0    7.91887e-15    0.0072459    0.0072459 
0.199889    5e-12    5.00792e-12    0    7.91531e-15    0.00726966    0.00726966 
0.19949    5e-12    5.00791e-12    0    7.91177e-15    0.0072932    0.0072932 
0.199093    5e-12    5.00791e-12    0    7.90825e-15    0.00731652    0.00731652 
0.198697    5e-12    5.0079e-12    0    7.90476e-15    0.00733965    0.00733965 
0.198302    5e-12    5.0079e-12    0    7.90128e-15    0.00736259    0.00736259 
0.197909    5e-12    5.0079e-12    0    7.89783e-15    0.00738536    0.00738536 
0.197518    5e-12    5.00789e-12    0    7.89439e-15    0.00740799    0.00740799 
0.197128    5e-12    5.00789e-12    0    7.89098e-15    0.0074305    0.0074305 
0.19674    5e-12    5.00789e-12    0    7.88758e-15    0.0074529    0.0074529 
0.196353    5e-12    5.00788e-12    0    7.88421e-15    0.00747522    0.00747522 
0.195968    5e-12    5.00788e-12    0    7.88085e-15    0.00749748    0.00749748 
0.195584    5e-12    5.00788e-12    0    7.87752e-15    0.00751972    0.00751972 
0.195202    5e-12    5.00787e-12    0    7.8742e-15    0.00754194    0.00754194 
0.194822    5e-12    5.00787e-12    0    7.8709e-15    0.00756419    0.00756419 
0.194442    5e-12    5.00787e-12    0    7.86762e-15    0.00758647    0.00758647 
0.194065    5e-12    5.00786e-12    0    7.86436e-15    0.00760884    0.00760884 
0.193688    5e-12    5.00786e-12    0    7.86112e-15    0.0076313    0.0076313 
0.193314    5e-12    5.00786e-12    0    7.85789e-15    0.0076313    0.0076313 
0.19294    5e-12    5.00785e-12    0    7.85469e-15    0.00765389    0.00765389 
0.192568    5e-12    5.00785e-12    0    7.8515e-15    0.00767664    0.00767664 
0.192198    5e-12    5.00785e-12    0    7.84833e-15    0.00769957    0.00769957 
0.191829    5e-12    5.00785e-12    0    7.84518e-15    0.00772272    0.00772272 
0.191461    5e-12    5.00784e-12    0    7.84204e-15    0.0077461    0.0077461 
0.191095    5e-12    5.00784e-12    0    7.83893e-15    0.00776976    0.00776976 
0.19073    5e-12    5.00784e-12    0    7.83583e-15    0.0077937    0.0077937 
0.190367    5e-12    5.00783e-12    0    7.83274e-15    0.00781797    0.00781797 
0.190005    5e-12    5.00783e-12    0    7.82968e-15    0.00784258    0.00784258 
0.189644    5e-12    5.00783e-12    0    7.82663e-15    0.00786757    0.00786757 
0.189285    5e-12    5.00782e-12    0    7.8236e-15    0.00789296    0.00789296 
0.188927    5e-12    5.00782e-12    0    7.82059e-15    0.00791877    0.00791877 
0.18857    5e-12    5.00782e-12    0    7.81759e-15    0.00791877    0.00791877 
0.188215    5e-12    5.00781e-12    0    7.81461e-15    0.00794502    0.00794502 
0.187861    5e-12    5.00781e-12    0    7.81165e-15    0.00797174    0.00797174 
0.187508    5e-12    5.00781e-12    0    7.8087e-15    0.00799894    0.00799894 
0.187157    5e-12    5.00781e-12    0    7.80577e-15    0.00802666    0.00802666 
0.186807    5e-12    5.0078e-12    0    7.80286e-15    0.0080549    0.0080549 
0.186458    5e-12    5.0078e-12    0    7.79996e-15    0.00808369    0.00808369 
0.186111    5e-12    5.0078e-12    0    7.79708e-15    0.00811303    0.00811303 
0.185765    5e-12    5.00779e-12    0    7.79422e-15    0.00814296    0.00814296 
0.18542    5e-12    5.00779e-12    0    7.79137e-15    0.00817346    0.00817346 
0.185077    5e-12    5.00779e-12    0    7.78854e-15    0.00817346    0.00817346 
0.184734    5e-12    5.00779e-12    0    7.78573e-15    0.00820457    0.00820457 
0.184393    5e-12    5.00778e-12    0    7.78293e-15    0.00823629    0.00823629 
0.184054    5e-12    5.00778e-12    0    7.78015e-15    0.00826863    0.00826863 
0.183715    5e-12    5.00778e-12    0    7.77738e-15    0.00830159    0.00830159 
0.183378    5e-12    5.00777e-12    0    7.77463e-15    0.00833518    0.00833518 
0.183042    5e-12    5.00777e-12    0    7.7719e-15    0.00836941    0.00836941 
0.182707    5e-12    5.00777e-12    0    7.76918e-15    0.00840426    0.00840426 
0.182374    5e-12    5.00777e-12    0    7.76648e-15    0.00843975    0.00843975 
0.182041    5e-12    5.00776e-12    0    7.76379e-15    0.00843975    0.00843975 
0.18171    5e-12    5.00776e-12    0    7.76112e-15    0.00847587    0.00847587 
0.18138    5e-12    5.00776e-12    0    7.75846e-15    0.00851262    0.00851262 
0.181052    5e-12    5.00776e-12    0    7.75582e-15    0.00854999    0.00854999 
0.180724    5e-12    5.00775e-12    0    7.7532e-15    0.00858797    0.00858797 
0.180398    5e-12    5.00775e-12    0    7.75059e-15    0.00862655    0.00862655 
0.180072    5e-12    5.00775e-12    0    7.748e-15    0.00866571    0.00866571 
0.179748    5e-12    5.00775e-12    0    7.74542e-15    0.00870545    0.00870545 
0.179426    5e-12    5.00774e-12    0    7.74285e-15    0.00870545    0.00870545 
0.179104    5e-12    5.00774e-12    0    7.74031e-15    0.00874575    0.00874575 
0.178783    5e-12    5.00774e-12    0    7.73777e-15    0.00878659    0.00878659 
0.178464    5e-12    5.00774e-12    0    7.73525e-15    0.00882794    0.00882794 
0.178146    5e-12    5.00773e-12    0    7.73275e-15    0.00886978    0.00886978 
0.177829    5e-12    5.00773e-12    0    7.73026e-15    0.0089121    0.0089121 
0.177513    5e-12    5.00773e-12    0    7.72779e-15    0.00895486    0.00895486 
0.177198    5e-12    5.00773e-12    0    7.72533e-15    0.00895486    0.00895486 
0.176884    5e-12    5.00772e-12    0    7.72288e-15    0.00899803    0.00899803 
0.176571    5e-12    5.00772e-12    0    7.72045e-15    0.00904159    0.00904159 
0.17626    5e-12    5.00772e-12    0    7.71804e-15    0.0090855    0.0090855 
0.175949    5e-12    5.00772e-12    0    7.71564e-15    0.00912972    0.00912972 
0.17564    5e-12    5.00771e-12    0    7.71325e-15    0.00917423    0.00917423 
0.175332    5e-12    5.00771e-12    0    7.71087e-15    0.00921898    0.00921898 
0.175025    5e-12    5.00771e-12    0    7.70851e-15    0.00921898    0.00921898 
0.174719    5e-12    5.00771e-12    0    7.70617e-15    0.00926394    0.00926394 
0.174414    5e-12    5.0077e-12    0    7.70384e-15    0.00930907    0.00930907 
0.17411    5e-12    5.0077e-12    0    7.70152e-15    0.00935433    0.00935433 
0.173807    5e-12    5.0077e-12    0    7.69921e-15    0.00939966    0.00939966 
0.173505    5e-12    5.0077e-12    0    7.69692e-15    0.00944504    0.00944504 
0.173204    5e-12    5.00769e-12    0    7.69464e-15    0.00944504    0.00944504 
0.172904    5e-12    5.00769e-12    0    7.69238e-15    0.00949041    0.00949041 
0.172605    5e-12    5.00769e-12    0    7.69012e-15    0.00953574    0.00953574 
0.172308    5e-12    5.00769e-12    0    7.68788e-15    0.00958097    0.00958097 
0.172011    5e-12    5.00769e-12    0    7.68566e-15    0.00962606    0.00962606 
0.171715    5e-12    5.00768e-12    0    7.68344e-15    0.00967096    0.00967096 
0.171421    5e-12    5.00768e-12    0    7.68124e-15    0.00967096    0.00967096 
0.171127    5e-12    5.00768e-12    0    7.67905e-15    0.00971564    0.00971564 
0.170834    5e-12    5.00768e-12    0    7.67687e-15    0.00976004    0.00976004 
0.170543    5e-12    5.00767e-12    0    7.67471e-15    0.00980412    0.00980412 
0.170252    5e-12    5.00767e-12    0    7.67256e-15    0.00984783    0.00984783 
0.169963    5e-12    5.00767e-12    0    7.67042e-15    0.00989114    0.00989114 
0.169674    5e-12    5.00767e-12    0    7.66829e-15    0.00989114    0.00989114 
0.169386    5e-12    5.00767e-12    0    7.66617e-15    0.009934    0.009934 
0.169099    5e-12    5.00766e-12    0    7.66406e-15    0.00997637    0.00997637 
0.168814    5e-12    5.00766e-12    0    7.66197e-15    0.0100182    0.0100182 
0.168529    5e-12    5.00766e-12    0    7.65988e-15    0.0100595    0.0100595 
0.168245    5e-12    5.00766e-12    0    7.65781e-15    0.0101001    0.0101001 
0.167962    5e-12    5.00766e-12    0    7.65575e-15    0.0101001    0.0101001 
0.16768    5e-12    5.00765e-12    0    7.6537e-15    0.0101402    0.0101402 
0.167399    5e-12    5.00765e-12    0    7.65166e-15    0.0101795    0.0101795 
0.167119    5e-12    5.00765e-12    0    7.64963e-15    0.0102182    0.0102182 
0.16684    5e-12    5.00765e-12    0    7.64761e-15    0.0102561    0.0102561 
0.166562    5e-12    5.00765e-12    0    7.6456e-15    0.0102561    0.0102561 
0.166285    5e-12    5.00764e-12    0    7.6436e-15    0.0102933    0.0102933 
0.166008    5e-12    5.00764e-12    0    7.64161e-15    0.0103297    0.0103297 
0.165733    5e-12    5.00764e-12    0    7.63963e-15    0.0103654    0.0103654 
0.165459    5e-12    5.00764e-12    0    7.63766e-15    0.0104002    0.0104002 
0.165185    5e-12    5.00764e-12    0    7.63571e-15    0.0104002    0.0104002 
0.164912    5e-12    5.00763e-12    0    7.63376e-15    0.0104342    0.0104342 
0.16464    5e-12    5.00763e-12    0    7.63182e-15    0.0104674    0.0104674 
0.16437    5e-12    5.00763e-12    0    7.62989e-15    0.0104998    0.0104998 
0.1641    5e-12    5.00763e-12    0    7.62796e-15    0.0105313    0.0105313 
0.16383    5e-12    5.00763e-12    0    7.62605e-15    0.0105313    0.0105313 
0.163562    5e-12    5.00762e-12    0    7.62415e-15    0.010562    0.010562 
0.163295    5e-12    5.00762e-12    0    7.62225e-15    0.0105919    0.0105919 
0.163028    5e-12    5.00762e-12    0    7.62037e-15    0.0106209    0.0106209 
0.162763    5e-12    5.00762e-12    0    7.61849e-15    0.0106209    0.0106209 
0.162498    5e-12    5.00762e-12    0    7.61662e-15    0.0106492    0.0106492 
0.162234    5e-12    5.00761e-12    0    7.61476e-15    0.0106766    0.0106766 
0.161971    5e-12    5.00761e-12    0    7.61291e-15    0.0107033    0.0107033 
0.161709    5e-12    5.00761e-12    0    7.61106e-15    0.0107293    0.0107293 
0.161448    5e-12    5.00761e-12    0    7.60923e-15    0.0107293    0.0107293 
0.161187    5e-12    5.00761e-12    0    7.6074e-15    0.0107545    0.0107545 
0.160927    5e-12    5.00761e-12    0    7.60558e-15    0.010779    0.010779 
0.160669    5e-12    5.0076e-12    0    7.60377e-15    0.0108029    0.0108029 
0.160411    5e-12    5.0076e-12    0    7.60197e-15    0.0108261    0.0108261 
0.160153    5e-12    5.0076e-12    0    7.60017e-15    0.0108261    0.0108261 
0.159897    5e-12    5.0076e-12    0    7.59838e-15    0.0108487    0.0108487 
0.159642    5e-12    5.0076e-12    0    7.5966e-15    0.0108707    0.0108707 
0.159387    5e-12    5.00759e-12    0    7.59483e-15    0.0108922    0.0108922 
0.159133    5e-12    5.00759e-12    0    7.59306e-15    0.0108922    0.0108922 
0.15888    5e-12    5.00759e-12    0    7.59131e-15    0.0109132    0.0109132 
0.158628    5e-12    5.00759e-12    0    7.58955e-15    0.0109338    0.0109338 
0.158376    5e-12    5.00759e-12    0    7.58781e-15    0.010954    0.010954 
0.158126    5e-12    5.00759e-12    0    7.58607e-15    0.010954    0.010954 
0.157876    5e-12    5.00758e-12    0    7.58434e-15    0.0109738    0.0109738 
0.157627    5e-12    5.00758e-12    0    7.58262e-15    0.0109933    0.0109933 
0.157378    5e-12    5.00758e-12    0    7.58091e-15    0.0110125    0.0110125 
0.157131    5e-12    5.00758e-12    0    7.5792e-15    0.0110125    0.0110125 
0.156884    5e-12    5.00758e-12    0    7.57749e-15    0.0110316    0.0110316 
0.156638    5e-12    5.00758e-12    0    7.5758e-15    0.0110505    0.0110505 
0.156393    5e-12    5.00757e-12    0    7.57411e-15    0.0110692    0.0110692 
0.156148    5e-12    5.00757e-12    0    7.57243e-15    0.0110879    0.0110879 
0.155905    5e-12    5.00757e-12    0    7.57075e-15    0.0110879    0.0110879 
0.155662    5e-12    5.00757e-12    0    7.56909e-15    0.0111066    0.0111066 
0.155419    5e-12    5.00757e-12    0    7.56743e-15    0.0111253    0.0111253 
0.155178    5e-12    5.00757e-12    0    7.56577e-15    0.0111441    0.0111441 
0.154937    5e-12    5.00756e-12    0    7.56412e-15    0.0111441    0.0111441 
0.154697    5e-12    5.00756e-12    0    7.56248e-15    0.011163    0.011163 
0.154458    5e-12    5.00756e-12    0    7.56084e-15    0.0111821    0.0111821 
0.15422    5e-12    5.00756e-12    0    7.55921e-15    0.0112015    0.0112015 
0.153982    5e-12    5.00756e-12    0    7.55759e-15    0.0112015    0.0112015 
0.153745    5e-12    5.00756e-12    0    7.55598e-15    0.0112211    0.0112211 
0.153509    5e-12    5.00755e-12    0    7.55437e-15    0.011241    0.011241 
0.153273    5e-12    5.00755e-12    0    7.55276e-15    0.011241    0.011241 
0.153039    5e-12    5.00755e-12    0    7.55117e-15    0.0112613    0.0112613 
0.152804    5e-12    5.00755e-12    0    7.54957e-15    0.011282    0.011282 
0.152571    5e-12    5.00755e-12    0    7.54799e-15    0.0113031    0.0113031 
0.152338    5e-12    5.00755e-12    0    7.54641e-15    0.0113031    0.0113031 
0.152107    5e-12    5.00754e-12    0    7.54484e-15    0.0113247    0.0113247 
0.151875    5e-12    5.00754e-12    0    7.54327e-15    0.0113469    0.0113469 
0.151645    5e-12    5.00754e-12    0    7.54171e-15    0.0113696    0.0113696 
0.151415    5e-12    5.00754e-12    0    7.54016e-15    0.0113696    0.0113696 
0.151186    5e-12    5.00754e-12    0    7.53861e-15    0.0113928    0.0113928 
0.150957    5e-12    5.00754e-12    0    7.53707e-15    0.0114167    0.0114167 
0.15073    5e-12    5.00754e-12    0    7.53553e-15    0.0114413    0.0114413 
0.150502    5e-12    5.00753e-12    0    7.53401e-15    0.0114413    0.0114413 
0.150276    5e-12    5.00753e-12    0    7.53248e-15    0.0114665    0.0114665 
0.15005    5e-12    5.00753e-12    0    7.53097e-15    0.0114924    0.0114924 
0.149825    5e-12    5.00753e-12    0    7.52945e-15    0.0114924    0.0114924 
0.149601    5e-12    5.00753e-12    0    7.52795e-15    0.011519    0.011519 
0.149377    5e-12    5.00753e-12    0    7.52645e-15    0.0115464    0.0115464 
0.149154    5e-12    5.00752e-12    0    7.52496e-15    0.0115745    0.0115745 
0.148932    5e-12    5.00752e-12    0    7.52347e-15    0.0115745    0.0115745 
0.14871    5e-12    5.00752e-12    0    7.52199e-15    0.0116034    0.0116034 
0.148489    5e-12    5.00752e-12    0    7.52052e-15    0.011633    0.011633 
0.148269    5e-12    5.00752e-12    0    7.51905e-15    0.0116635    0.0116635 
0.148049    5e-12    5.00752e-12    0    7.51759e-15    0.0116635    0.0116635 
0.14783    5e-12    5.00752e-12    0    7.51613e-15    0.0116947    0.0116947 
0.147611    5e-12    5.00751e-12    0    7.51468e-15    0.0117268    0.0117268 
0.147394    5e-12    5.00751e-12    0    7.51323e-15    0.0117268    0.0117268 
0.147177    5e-12    5.00751e-12    0    7.51179e-15    0.0117596    0.0117596 
0.14696    5e-12    5.00751e-12    0    7.51036e-15    0.0117932    0.0117932 
0.146744    5e-12    5.00751e-12    0    7.50893e-15    0.0117932    0.0117932 
0.146529    5e-12    5.00751e-12    0    7.50751e-15    0.0118276    0.0118276 
0.146314    5e-12    5.00751e-12    0    7.5061e-15    0.0118628    0.0118628 
0.1461    5e-12    5.0075e-12    0    7.50469e-15    0.0118988    0.0118988 
0.145887    5e-12    5.0075e-12    0    7.50328e-15    0.0118988    0.0118988 
0.145674    5e-12    5.0075e-12    0    7.50189e-15    0.0119355    0.0119355 
0.145462    5e-12    5.0075e-12    0    7.5005e-15    0.011973    0.011973 
0.145251    5e-12    5.0075e-12    0    7.49911e-15    0.011973    0.011973 
0.14504    5e-12    5.0075e-12    0    7.49773e-15    0.0120112    0.0120112 
0.14483    5e-12    5.0075e-12    0    7.49636e-15    0.0120501    0.0120501 
0.14462    5e-12    5.00749e-12    0    7.49499e-15    0.0120896    0.0120896 
0.144411    5e-12    5.00749e-12    0    7.49362e-15    0.0120896    0.0120896 
0.144202    5e-12    5.00749e-12    0    7.49227e-15    0.0121299    0.0121299 
0.143994    5e-12    5.00749e-12    0    7.49092e-15    0.0121706    0.0121706 
0.143787    5e-12    5.00749e-12    0    7.48957e-15    0.0121706    0.0121706 
0.143581    5e-12    5.00749e-12    0    7.48823e-15    0.012212    0.012212 
0.143375    5e-12    5.00749e-12    0    7.4869e-15    0.012254    0.012254 
0.143169    5e-12    5.00749e-12    0    7.48557e-15    0.012254    0.012254 
0.142964    5e-12    5.00748e-12    0    7.48424e-15    0.0122964    0.0122964 
0.14276    5e-12    5.00748e-12    0    7.48293e-15    0.0123393    0.0123393 
0.142556    5e-12    5.00748e-12    0    7.48161e-15    0.0123393    0.0123393 
0.142353    5e-12    5.00748e-12    0    7.48031e-15    0.0123827    0.0123827 
0.14215    5e-12    5.00748e-12    0    7.47901e-15    0.0124264    0.0124264 
0.141948    5e-12    5.00748e-12    0    7.47771e-15    0.0124704    0.0124704 
0.141747    5e-12    5.00748e-12    0    7.47642e-15    0.0124704    0.0124704 
0.141546    5e-12    5.00748e-12    0    7.47514e-15    0.0125147    0.0125147 
0.141346    5e-12    5.00747e-12    0    7.47386e-15    0.0125593    0.0125593 
0.141146    5e-12    5.00747e-12    0    7.47258e-15    0.0125593    0.0125593 
0.140947    5e-12    5.00747e-12    0    7.47132e-15    0.012604    0.012604 
0.140749    5e-12    5.00747e-12    0    7.47005e-15    0.0126488    0.0126488 
0.140551    5e-12    5.00747e-12    0    7.46879e-15    0.0126488    0.0126488 
0.140353    5e-12    5.00747e-12    0    7.46754e-15    0.0126937    0.0126937 
0.140156    5e-12    5.00747e-12    0    7.46629e-15    0.0127386    0.0127386 
0.13996    5e-12    5.00747e-12    0    7.46505e-15    0.0127386    0.0127386 
0.139764    5e-12    5.00746e-12    0    7.46382e-15    0.0127835    0.0127835 
0.139569    5e-12    5.00746e-12    0    7.46258e-15    0.0128282    0.0128282 
0.139374    5e-12    5.00746e-12    0    7.46136e-15    0.0128282    0.0128282 
0.13918    5e-12    5.00746e-12    0    7.46014e-15    0.0128728    0.0128728 
0.138986    5e-12    5.00746e-12    0    7.45892e-15    0.0129172    0.0129172 
0.138793    5e-12    5.00746e-12    0    7.45771e-15    0.0129172    0.0129172 
0.138601    5e-12    5.00746e-12    0    7.4565e-15    0.0129612    0.0129612 
0.138408    5e-12    5.00746e-12    0    7.4553e-15    0.0130049    0.0130049 
0.138217    5e-12    5.00745e-12    0    7.4541e-15    0.0130049    0.0130049 
0.138026    5e-12    5.00745e-12    0    7.45291e-15    0.0130482    0.0130482 
0.137836    5e-12    5.00745e-12    0    7.45172e-15    0.013091    0.013091 
0.137646    5e-12    5.00745e-12    0    7.45054e-15    0.013091    0.013091 
0.137456    5e-12    5.00745e-12    0    7.44936e-15    0.0131333    0.0131333 
0.137267    5e-12    5.00745e-12    0    7.44819e-15    0.013175    0.013175 
0.137079    5e-12    5.00745e-12    0    7.44702e-15    0.013175    0.013175 
0.136891    5e-12    5.00745e-12    0    7.44586e-15    0.0132161    0.0132161 
0.136704    5e-12    5.00744e-12    0    7.4447e-15    0.0132564    0.0132564 
0.136517    5e-12    5.00744e-12    0    7.44354e-15    0.0132564    0.0132564 
0.136331    5e-12    5.00744e-12    0    7.44239e-15    0.013296    0.013296 
0.136145    5e-12    5.00744e-12    0    7.44125e-15    0.0133348    0.0133348 
0.13596    5e-12    5.00744e-12    0    7.4401e-15    0.0133348    0.0133348 
0.135775    5e-12    5.00744e-12    0    7.43897e-15    0.0133728    0.0133728 
0.135591    5e-12    5.00744e-12    0    7.43783e-15    0.0134098    0.0134098 
0.135407    5e-12    5.00744e-12    0    7.43671e-15    0.0134098    0.0134098 
0.135224    5e-12    5.00744e-12    0    7.43558e-15    0.0134459    0.0134459 
0.135041    5e-12    5.00743e-12    0    7.43446e-15    0.013481    0.013481 
0.134858    5e-12    5.00743e-12    0    7.43335e-15    0.013481    0.013481 
0.134677    5e-12    5.00743e-12    0    7.43223e-15    0.0135152    0.0135152 
0.134495    5e-12    5.00743e-12    0    7.43113e-15    0.0135483    0.0135483 
0.134315    5e-12    5.00743e-12    0    7.43002e-15    0.0135483    0.0135483 
0.134134    5e-12    5.00743e-12    0    7.42892e-15    0.0135801    0.0135801 
0.133954    5e-12    5.00743e-12    0    7.42783e-15    0.0135801    0.0135801 
0.133775    5e-12    5.00743e-12    0    7.42674e-15    0.0136111    0.0136111 
0.133596    5e-12    5.00743e-12    0    7.42565e-15    0.0136408    0.0136408 
0.133418    5e-12    5.00742e-12    0    7.42456e-15    0.0136408    0.0136408 
0.13324    5e-12    5.00742e-12    0    7.42348e-15    0.0136694    0.0136694 
0.133062    5e-12    5.00742e-12    0    7.42241e-15    0.0136969    0.0136969 
0.132885    5e-12    5.00742e-12    0    7.42133e-15    0.0136969    0.0136969 
0.132709    5e-12    5.00742e-12    0    7.42026e-15    0.0137231    0.0137231 
0.132533    5e-12    5.00742e-12    0    7.4192e-15    0.0137482    0.0137482 
0.132357    5e-12    5.00742e-12    0    7.41814e-15    0.0137482    0.0137482 
0.132182    5e-12    5.00742e-12    0    7.41708e-15    0.0137721    0.0137721 
0.132007    5e-12    5.00742e-12    0    7.41602e-15    0.0137948    0.0137948 
0.131833    5e-12    5.00741e-12    0    7.41497e-15    0.0137948    0.0137948 
0.131659    5e-12    5.00741e-12    0    7.41392e-15    0.0138164    0.0138164 
0.131486    5e-12    5.00741e-12    0    7.41288e-15    0.0138164    0.0138164 
0.131313    5e-12    5.00741e-12    0    7.41184e-15    0.0138367    0.0138367 
0.131141    5e-12    5.00741e-12    0    7.4108e-15    0.0138559    0.0138559 
0.130969    5e-12    5.00741e-12    0    7.40977e-15    0.0138559    0.0138559 
0.130797    5e-12    5.00741e-12    0    7.40874e-15    0.0138741    0.0138741 
0.130626    5e-12    5.00741e-12    0    7.40771e-15    0.013891    0.013891 
0.130456    5e-12    5.00741e-12    0    7.40668e-15    0.013891    0.013891 
0.130286    5e-12    5.00741e-12    0    7.40566e-15    0.0139069    0.0139069 
0.130116    5e-12    5.0074e-12    0    7.40465e-15    0.0139217    0.0139217 
0.129947    5e-12    5.0074e-12    0    7.40363e-15    0.0139217    0.0139217 
0.129778    5e-12    5.0074e-12    0    7.40262e-15    0.0139355    0.0139355 
0.12961    5e-12    5.0074e-12    0    7.40161e-15    0.0139355    0.0139355 
0.129442    5e-12    5.0074e-12    0    7.4006e-15    0.0139483    0.0139483 
0.129274    5e-12    5.0074e-12    0    7.3996e-15    0.0139602    0.0139602 
0.129107    5e-12    5.0074e-12    0    7.3986e-15    0.0139602    0.0139602 
0.12894    5e-12    5.0074e-12    0    7.39761e-15    0.0139711    0.0139711 
0.128774    5e-12    5.0074e-12    0    7.39661e-15    0.0139812    0.0139812 
0.128608    5e-12    5.0074e-12    0    7.39562e-15    0.0139812    0.0139812 
0.128443    5e-12    5.00739e-12    0    7.39463e-15    0.0139905    0.0139905 
0.128278    5e-12    5.00739e-12    0    7.39365e-15    0.0139905    0.0139905 
0.128114    5e-12    5.00739e-12    0    7.39267e-15    0.013999    0.013999 
0.12795    5e-12    5.00739e-12    0    7.39169e-15    0.0140067    0.0140067 
0.127786    5e-12    5.00739e-12    0    7.39071e-15    0.0140067    0.0140067 
0.127623    5e-12    5.00739e-12    0    7.38974e-15    0.0140139    0.0140139 
0.12746    5e-12    5.00739e-12    0    7.38877e-15    0.0140139    0.0140139 
0.127297    5e-12    5.00739e-12    0    7.3878e-15    0.0140203    0.0140203 
0.127135    5e-12    5.00739e-12    0    7.38683e-15    0.0140263    0.0140263 
0.126974    5e-12    5.00739e-12    0    7.38587e-15    0.0140263    0.0140263 
0.126813    5e-12    5.00738e-12    0    7.38491e-15    0.0140318    0.0140318 
0.126652    5e-12    5.00738e-12    0    7.38395e-15    0.0140367    0.0140367 
0.126491    5e-12    5.00738e-12    0    7.383e-15    0.0140367    0.0140367 
0.126332    5e-12    5.00738e-12    0    7.38204e-15    0.0140414    0.0140414 
0.126172    5e-12    5.00738e-12    0    7.3811e-15    0.0140414    0.0140414 
0.126013    5e-12    5.00738e-12    0    7.38015e-15    0.0140457    0.0140457 
0.125854    5e-12    5.00738e-12    0    7.3792e-15    0.0140497    0.0140497 
0.125696    5e-12    5.00738e-12    0    7.37826e-15    0.0140497    0.0140497 
0.125538    5e-12    5.00738e-12    0    7.37732e-15    0.0140535    0.0140535 
0.12538    5e-12    5.00738e-12    0    7.37639e-15    0.0140535    0.0140535 
0.125223    5e-12    5.00738e-12    0    7.37545e-15    0.0140571    0.0140571 
0.125066    5e-12    5.00737e-12    0    7.37452e-15    0.0140606    0.0140606 
0.12491    5e-12    5.00737e-12    0    7.37359e-15    0.0140606    0.0140606 
0.124754    5e-12    5.00737e-12    0    7.37267e-15    0.0140642    0.0140642 
0.124598    5e-12    5.00737e-12    0    7.37174e-15    0.0140642    0.0140642 
0.124443    5e-12    5.00737e-12    0    7.37082e-15    0.0140676    0.0140676 
0.124288    5e-12    5.00737e-12    0    7.3699e-15    0.0140713    0.0140713 
0.124134    5e-12    5.00737e-12    0    7.36899e-15    0.0140713    0.0140713 
0.12398    5e-12    5.00737e-12    0    7.36807e-15    0.014075    0.014075 
0.123826    5e-12    5.00737e-12    0    7.36716e-15    0.014075    0.014075 
0.123673    5e-12    5.00737e-12    0    7.36625e-15    0.014079    0.014079 
0.12352    5e-12    5.00737e-12    0    7.36534e-15    0.014083    0.014083 
0.123367    5e-12    5.00736e-12    0    7.36444e-15    0.014083    0.014083 
0.123215    5e-12    5.00736e-12    0    7.36354e-15    0.0140874    0.0140874 
0.123063    5e-12    5.00736e-12    0    7.36264e-15    0.0140874    0.0140874 
0.122912    5e-12    5.00736e-12    0    7.36174e-15    0.0140921    0.0140921 
0.122761    5e-12    5.00736e-12    0    7.36085e-15    0.0140972    0.0140972 
0.12261    5e-12    5.00736e-12    0    7.35995e-15    0.0140972    0.0140972 
0.12246    5e-12    5.00736e-12    0    7.35906e-15    0.0141027    0.0141027 
0.12231    5e-12    5.00736e-12    0    7.35818e-15    0.0141027    0.0141027 
0.122161    5e-12    5.00736e-12    0    7.35729e-15    0.0141087    0.0141087 
0.122011    5e-12    5.00736e-12    0    7.35641e-15    0.014115    0.014115 
0.121862    5e-12    5.00736e-12    0    7.35553e-15    0.014115    0.014115 
0.121714    5e-12    5.00735e-12    0    7.35465e-15    0.0141221    0.0141221 
0.121566    5e-12    5.00735e-12    0    7.35377e-15    0.0141221    0.0141221 
0.121418    5e-12    5.00735e-12    0    7.3529e-15    0.0141296    0.0141296 
0.121271    5e-12    5.00735e-12    0    7.35203e-15    0.0141296    0.0141296 
0.121124    5e-12    5.00735e-12    0    7.35116e-15    0.0141376    0.0141376 
0.120977    5e-12    5.00735e-12    0    7.3503e-15    0.0141463    0.0141463 
0.120831    5e-12    5.00735e-12    0    7.34943e-15    0.0141463    0.0141463 
0.120685    5e-12    5.00735e-12    0    7.34857e-15    0.0141557    0.0141557 
0.120539    5e-12    5.00735e-12    0    7.34771e-15    0.0141557    0.0141557 
0.120394    5e-12    5.00735e-12    0    7.34685e-15    0.0141657    0.0141657 
0.120249    5e-12    5.00735e-12    0    7.346e-15    0.0141764    0.0141764 
0.120104    5e-12    5.00735e-12    0    7.34515e-15    0.0141764    0.0141764 
0.11996    5e-12    5.00734e-12    0    7.3443e-15    0.0141877    0.0141877 
0.119816    5e-12    5.00734e-12    0    7.34345e-15    0.0141877    0.0141877 
0.119673    5e-12    5.00734e-12    0    7.34261e-15    0.0142    0.0142 
0.11953    5e-12    5.00734e-12    0    7.34176e-15    0.0142    0.0142 
0.119387    5e-12    5.00734e-12    0    7.34092e-15    0.0142127    0.0142127 
0.119244    5e-12    5.00734e-12    0    7.34008e-15    0.0142264    0.0142264 
0.119102    5e-12    5.00734e-12    0    7.33925e-15    0.0142264    0.0142264 
0.11896    5e-12    5.00734e-12    0    7.33841e-15    0.0142406    0.0142406 
0.118819    5e-12    5.00734e-12    0    7.33758e-15    0.0142406    0.0142406 
0.118678    5e-12    5.00734e-12    0    7.33675e-15    0.0142558    0.0142558 
0.118537    5e-12    5.00734e-12    0    7.33593e-15    0.0142558    0.0142558 
0.118396    5e-12    5.00734e-12    0    7.3351e-15    0.0142717    0.0142717 
0.118256    5e-12    5.00733e-12    0    7.33428e-15    0.0142882    0.0142882 
0.118116    5e-12    5.00733e-12    0    7.33346e-15    0.0142882    0.0142882 
0.117977    5e-12    5.00733e-12    0    7.33264e-15    0.0143057    0.0143057 
0.117838    5e-12    5.00733e-12    0    7.33183e-15    0.0143057    0.0143057 
0.117699    5e-12    5.00733e-12    0    7.33102e-15    0.0143237    0.0143237 
0.11756    5e-12    5.00733e-12    0    7.3302e-15    0.0143237    0.0143237 
0.117422    5e-12    5.00733e-12    0    7.3294e-15    0.0143425    0.0143425 
0.117284    5e-12    5.00733e-12    0    7.32859e-15    0.0143621    0.0143621 
0.117147    5e-12    5.00733e-12    0    7.32779e-15    0.0143621    0.0143621 
0.11701    5e-12    5.00733e-12    0    7.32699e-15    0.0143824    0.0143824 
0.116873    5e-12    5.00733e-12    0    7.32619e-15    0.0143824    0.0143824 
0.116736    5e-12    5.00733e-12    0    7.32539e-15    0.0144033    0.0144033 
0.1166    5e-12    5.00732e-12    0    7.32459e-15    0.0144033    0.0144033 
0.116464    5e-12    5.00732e-12    0    7.3238e-15    0.0144252    0.0144252 
0.116328    5e-12    5.00732e-12    0    7.32301e-15    0.0144474    0.0144474 
0.116193    5e-12    5.00732e-12    0    7.32222e-15    0.0144474    0.0144474 
0.116058    5e-12    5.00732e-12    0    7.32144e-15    0.0144704    0.0144704 
0.115923    5e-12    5.00732e-12    0    7.32066e-15    0.0144704    0.0144704 
0.115789    5e-12    5.00732e-12    0    7.31987e-15    0.0144939    0.0144939 
0.115655    5e-12    5.00732e-12    0    7.3191e-15    0.0144939    0.0144939 
0.115521    5e-12    5.00732e-12    0    7.31832e-15    0.0145181    0.0145181 
0.115388    5e-12    5.00732e-12    0    7.31754e-15    0.0145181    0.0145181 
0.115255    5e-12    5.00732e-12    0    7.31677e-15    0.0145428    0.0145428 
0.115122    5e-12    5.00732e-12    0    7.316e-15    0.014568    0.014568 
0.114989    5e-12    5.00732e-12    0    7.31524e-15    0.014568    0.014568 
0.114857    5e-12    5.00731e-12    0    7.31447e-15    0.0145937    0.0145937 
0.114725    5e-12    5.00731e-12    0    7.31371e-15    0.0145937    0.0145937 
0.114594    5e-12    5.00731e-12    0    7.31295e-15    0.0146199    0.0146199 
0.114462    5e-12    5.00731e-12    0    7.31219e-15    0.0146199    0.0146199 
0.114331    5e-12    5.00731e-12    0    7.31143e-15    0.0146466    0.0146466 
0.114201    5e-12    5.00731e-12    0    7.31068e-15    0.0146466    0.0146466 
0.11407    5e-12    5.00731e-12    0    7.30992e-15    0.0146735    0.0146735 
0.11394    5e-12    5.00731e-12    0    7.30917e-15    0.0147007    0.0147007 
0.11381    5e-12    5.00731e-12    0    7.30843e-15    0.0147007    0.0147007 
0.113681    5e-12    5.00731e-12    0    7.30768e-15    0.0147284    0.0147284 
0.113552    5e-12    5.00731e-12    0    7.30694e-15    0.0147284    0.0147284 
0.113423    5e-12    5.00731e-12    0    7.30619e-15    0.0147563    0.0147563 
0.113294    5e-12    5.00731e-12    0    7.30546e-15    0.0147563    0.0147563 
0.113166    5e-12    5.0073e-12    0    7.30472e-15    0.0147841    0.0147841 
0.113038    5e-12    5.0073e-12    0    7.30398e-15    0.0147841    0.0147841 
0.11291    5e-12    5.0073e-12    0    7.30325e-15    0.0148126    0.0148126 
0.112782    5e-12    5.0073e-12    0    7.30252e-15    0.0148408    0.0148408 
0.112655    5e-12    5.0073e-12    0    7.30179e-15    0.0148408    0.0148408 
0.112528    5e-12    5.0073e-12    0    7.30106e-15    0.0148695    0.0148695 
0.112402    5e-12    5.0073e-12    0    7.30034e-15    0.0148695    0.0148695 
0.112275    5e-12    5.0073e-12    0    7.29962e-15    0.0148981    0.0148981 
0.112149    5e-12    5.0073e-12    0    7.2989e-15    0.0148981    0.0148981 
0.112024    5e-12    5.0073e-12    0    7.29818e-15    0.0149265    0.0149265 
0.111898    5e-12    5.0073e-12    0    7.29746e-15    0.0149265    0.0149265 
0.111773    5e-12    5.0073e-12    0    7.29675e-15    0.0149551    0.0149551 
0.111648    5e-12    5.0073e-12    0    7.29603e-15    0.0149551    0.0149551 
0.111523    5e-12    5.0073e-12    0    7.29532e-15    0.0149833    0.0149833 
0.111399    5e-12    5.00729e-12    0    7.29462e-15    0.0149833    0.0149833 
0.111275    5e-12    5.00729e-12    0    7.29391e-15    0.0150115    0.0150115 
0.111151    5e-12    5.00729e-12    0    7.29321e-15    0.0150398    0.0150398 
0.111028    5e-12    5.00729e-12    0    7.2925e-15    0.0150398    0.0150398 
0.110904    5e-12    5.00729e-12    0    7.2918e-15    0.0150675    0.0150675 
0.110781    5e-12    5.00729e-12    0    7.29111e-15    0.0150675    0.0150675 
0.110659    5e-12    5.00729e-12    0    7.29041e-15    0.0150951    0.0150951 
0.110536    5e-12    5.00729e-12    0    7.28971e-15    0.0150951    0.0150951 
0.110414    5e-12    5.00729e-12    0    7.28902e-15    0.0151225    0.0151225 
0.110292    5e-12    5.00729e-12    0    7.28833e-15    0.0151225    0.0151225 
0.11017    5e-12    5.00729e-12    0    7.28764e-15    0.0151493    0.0151493 
0.110049    5e-12    5.00729e-12    0    7.28696e-15    0.0151493    0.0151493 
0.109928    5e-12    5.00729e-12    0    7.28627e-15    0.0151758    0.0151758 
0.109807    5e-12    5.00729e-12    0    7.28559e-15    0.0151758    0.0151758 
0.109687    5e-12    5.00728e-12    0    7.28491e-15    0.0152019    0.0152019 
0.109566    5e-12    5.00728e-12    0    7.28423e-15    0.0152019    0.0152019 
0.109446    5e-12    5.00728e-12    0    7.28355e-15    0.0152276    0.0152276 
0.109327    5e-12    5.00728e-12    0    7.28288e-15    0.0152528    0.0152528 
0.109207    5e-12    5.00728e-12    0    7.2822e-15    0.0152528    0.0152528 
0.109088    5e-12    5.00728e-12    0    7.28153e-15    0.0152776    0.0152776 
0.108969    5e-12    5.00728e-12    0    7.28086e-15    0.0152776    0.0152776 
0.10885    5e-12    5.00728e-12    0    7.28019e-15    0.0153019    0.0153019 
0.108732    5e-12    5.00728e-12    0    7.27953e-15    0.0153019    0.0153019 
0.108613    5e-12    5.00728e-12    0    7.27886e-15    0.0153251    0.0153251 
0.108495    5e-12    5.00728e-12    0    7.2782e-15    0.0153251    0.0153251 
0.108378    5e-12    5.00728e-12    0    7.27754e-15    0.015348    0.015348 
0.10826    5e-12    5.00728e-12    0    7.27688e-15    0.015348    0.015348 
0.108143    5e-12    5.00728e-12    0    7.27622e-15    0.0153702    0.0153702 
0.108026    5e-12    5.00728e-12    0    7.27556e-15    0.0153702    0.0153702 
0.107909    5e-12    5.00727e-12    0    7.27491e-15    0.015392    0.015392 
0.107793    5e-12    5.00727e-12    0    7.27426e-15    0.015392    0.015392 
0.107677    5e-12    5.00727e-12    0    7.27361e-15    0.0154131    0.0154131 
0.107561    5e-12    5.00727e-12    0    7.27296e-15    0.0154131    0.0154131 
0.107445    5e-12    5.00727e-12    0    7.27231e-15    0.0154333    0.0154333 
0.10733    5e-12    5.00727e-12    0    7.27167e-15    0.0154333    0.0154333 
0.107215    5e-12    5.00727e-12    0    7.27102e-15    0.0154531    0.0154531 
0.1071    5e-12    5.00727e-12    0    7.27038e-15    0.0154531    0.0154531 
0.106985    5e-12    5.00727e-12    0    7.26974e-15    0.0154718    0.0154718 
0.10687    5e-12    5.00727e-12    0    7.2691e-15    0.0154718    0.0154718 
0.106756    5e-12    5.00727e-12    0    7.26846e-15    0.01549    0.01549 
0.106642    5e-12    5.00727e-12    0    7.26783e-15    0.0155073    0.0155073 
0.106529    5e-12    5.00727e-12    0    7.26719e-15    0.0155073    0.0155073 
0.106415    5e-12    5.00727e-12    0    7.26656e-15    0.0155244    0.0155244 
0.106302    5e-12    5.00727e-12    0    7.26593e-15    0.0155244    0.0155244 
0.106189    5e-12    5.00727e-12    0    7.2653e-15    0.0155405    0.0155405 
0.106076    5e-12    5.00726e-12    0    7.26467e-15    0.0155405    0.0155405 
0.105964    5e-12    5.00726e-12    0    7.26404e-15    0.0155557    0.0155557 
0.105851    5e-12    5.00726e-12    0    7.26342e-15    0.0155557    0.0155557 
0.105739    5e-12    5.00726e-12    0    7.2628e-15    0.0155704    0.0155704 
0.105628    5e-12    5.00726e-12    0    7.26218e-15    0.0155704    0.0155704 
0.105516    5e-12    5.00726e-12    0    7.26155e-15    0.0155843    0.0155843 
0.105405    5e-12    5.00726e-12    0    7.26094e-15    0.0155843    0.0155843 
0.105294    5e-12    5.00726e-12    0    7.26032e-15    0.0155976    0.0155976 
0.105183    5e-12    5.00726e-12    0    7.2597e-15    0.0155976    0.0155976 
0.105072    5e-12    5.00726e-12    0    7.25909e-15    0.0156101    0.0156101 
0.104962    5e-12    5.00726e-12    0    7.25848e-15    0.0156101    0.0156101 
0.104851    5e-12    5.00726e-12    0    7.25786e-15    0.0156221    0.0156221 
0.104742    5e-12    5.00726e-12    0    7.25726e-15    0.0156221    0.0156221 
0.104632    5e-12    5.00726e-12    0    7.25665e-15    0.0156335    0.0156335 
0.104522    5e-12    5.00726e-12    0    7.25604e-15    0.0156335    0.0156335 
0.104413    5e-12    5.00726e-12    0    7.25543e-15    0.0156444    0.0156444 
0.104304    5e-12    5.00725e-12    0    7.25483e-15    0.0156444    0.0156444 
0.104195    5e-12    5.00725e-12    0    7.25423e-15    0.0156543    0.0156543 
0.104087    5e-12    5.00725e-12    0    7.25363e-15    0.0156543    0.0156543 
0.103978    5e-12    5.00725e-12    0    7.25303e-15    0.0156639    0.0156639 
0.10387    5e-12    5.00725e-12    0    7.25243e-15    0.0156639    0.0156639 
0.103762    5e-12    5.00725e-12    0    7.25183e-15    0.0156728    0.0156728 
0.103655    5e-12    5.00725e-12    0    7.25123e-15    0.0156728    0.0156728 
0.103547    5e-12    5.00725e-12    0    7.25064e-15    0.0156817    0.0156817 
0.10344    5e-12    5.00725e-12    0    7.25005e-15    0.0156817    0.0156817 
0.103333    5e-12    5.00725e-12    0    7.24946e-15    0.0156898    0.0156898 
0.103226    5e-12    5.00725e-12    0    7.24887e-15    0.0156898    0.0156898 
0.10312    5e-12    5.00725e-12    0    7.24828e-15    0.0156975    0.0156975 
0.103013    5e-12    5.00725e-12    0    7.24769e-15    0.0156975    0.0156975 
0.102907    5e-12    5.00725e-12    0    7.2471e-15    0.0157047    0.0157047 
0.102801    5e-12    5.00725e-12    0    7.24652e-15    0.0157047    0.0157047 
0.102696    5e-12    5.00725e-12    0    7.24593e-15    0.0157116    0.0157116 
0.10259    5e-12    5.00725e-12    0    7.24535e-15    0.0157116    0.0157116 
0.102485    5e-12    5.00724e-12    0    7.24477e-15    0.0157182    0.0157182 
0.10238    5e-12    5.00724e-12    0    7.24419e-15    0.0157182    0.0157182 
0.102275    5e-12    5.00724e-12    0    7.24361e-15    0.0157246    0.0157246 
0.102171    5e-12    5.00724e-12    0    7.24303e-15    0.0157246    0.0157246 
0.102066    5e-12    5.00724e-12    0    7.24246e-15    0.0157305    0.0157305 
0.101962    5e-12    5.00724e-12    0    7.24188e-15    0.0157305    0.0157305 
0.101858    5e-12    5.00724e-12    0    7.24131e-15    0.0157362    0.0157362 
0.101754    5e-12    5.00724e-12    0    7.24074e-15    0.0157362    0.0157362 
0.101651    5e-12    5.00724e-12    0    7.24017e-15    0.0157422    0.0157422 
0.101547    5e-12    5.00724e-12    0    7.2396e-15    0.0157422    0.0157422 
0.101444    5e-12    5.00724e-12    0    7.23903e-15    0.0157478    0.0157478 
0.101341    5e-12    5.00724e-12    0    7.23846e-15    0.0157478    0.0157478 
0.101239    5e-12    5.00724e-12    0    7.2379e-15    0.0157529    0.0157529 
0.101136    5e-12    5.00724e-12    0    7.23733e-15    0.0157529    0.0157529 
0.101034    5e-12    5.00724e-12    0    7.23677e-15    0.0157587    0.0157587 
0.100932    5e-12    5.00724e-12    0    7.23621e-15    0.0157587    0.0157587 
0.10083    5e-12    5.00724e-12    0    7.23565e-15    0.0157638    0.0157638 
0.100728    5e-12    5.00724e-12    0    7.23509e-15    0.0157638    0.0157638 
0.100627    5e-12    5.00723e-12    0    7.23453e-15    0.015769    0.015769 
0.100526    5e-12    5.00723e-12    0    7.23397e-15    0.015769    0.015769 
0.100425    5e-12    5.00723e-12    0    7.23341e-15    0.0157747    0.0157747 
0.100324    5e-12    5.00723e-12    0    7.23286e-15    0.0157747    0.0157747 
0.100223    5e-12    5.00723e-12    0    7.23231e-15    0.0157747    0.0157747 
0.100123    5e-12    5.00723e-12    0    7.23175e-15    0.0157801    0.0157801 
0.100022    5e-12    5.00723e-12    0    7.2312e-15    0.0157801    0.0157801 
