6.66667    6.45152e-08    6.45152e-08    6.45102e-08    6.45102e-08    0.00308507    0.00308507 
6.25    2.59569e-08    2.61244e-08    2.59519e-08    2.61194e-08    0.00308507    0.00308507 
5.88235    1.03919e-08    1.05698e-08    1.03869e-08    1.05648e-08    0.00308507    0.00308507 
5.55555    4.14266e-09    4.32919e-09    4.13766e-09    4.32419e-09    0.00308507    0.00308507 
5.26316    1.64569e-09    1.8369e-09    1.64069e-09    1.8319e-09    0.00308507    0.00308507 
5    6.5229e-10    8.41201e-10    6.4729e-10    8.36201e-10    0.00308507    0.00308507 
4.7619    2.58613e-10    4.3652e-10    2.53613e-10    4.3152e-10    0.00308507    0.00308507 
4.54545    1.03164e-10    2.63162e-10    9.81636e-11    2.58162e-10    0.00308507    0.00308507 
4.34782    4.20123e-11    1.81416e-10    3.70123e-11    1.76416e-10    0.00308507    0.00308507 
4.16666    1.81141e-11    1.37891e-10    1.31141e-11    1.32891e-10    0.00308507    0.00308507 
3.99984    9.00405e-12    1.11803e-10    4.00405e-12    1.06803e-10    0.00308507    0.00308507 
3.84601    5.9217e-12    9.46805e-11    9.21703e-13    8.96805e-11    0.00308507    0.00308507 
3.70357    5.15951e-12    8.25958e-11    1.59505e-13    7.75958e-11    0.00308507    0.00308507 
3.5713    5.0246e-12    7.36127e-11    2.46035e-14    6.86127e-11    0.00308507    0.00308507 
3.44816    5.0037e-12    6.66703e-11    3.69828e-15    6.16703e-11    0.00308507    0.00308507 
3.33322    5.00055e-12    6.11413e-11    5.52132e-16    5.61413e-11    0.00308507    0.00308507 
3.2257    5.00008e-12    5.66319e-11    8.21334e-17    5.16319e-11    0.00308507    0.00308507 
3.1249    5.00001e-12    5.2882e-11    1.21818e-17    4.7882e-11    0.00308507    0.00308507 
3.03012    5e-12    4.97103e-11    1.7984e-18    4.47103e-11    0.00308507    0.00308507 
2.94092    5e-12    4.69942e-11    2.6482e-19    4.19942e-11    0.00308507    0.00308507 
2.85682    5e-12    4.4641e-11    3.89012e-20    3.9641e-11    0.00308507    0.00308507 
2.77739    5e-12    4.25818e-11    5.70142e-21    3.75818e-11    0.00308507    0.00308507 
2.70226    5e-12    4.07641e-11    8.33803e-22    3.57641e-11    0.00308507    0.00308507 
2.63109    5e-12    3.91473e-11    1.21689e-22    3.41473e-11    0.00308507    0.00308507 
2.56358    5e-12    3.76993e-11    1.77253e-23    3.26993e-11    0.00308507    0.00308507 
2.49944    5e-12    3.63946e-11    2.57708e-24    3.13946e-11    0.00308507    0.00308507 
2.43843    5e-12    3.52125e-11    3.74023e-25    3.02125e-11    0.00308507    0.00308507 
2.38033    5e-12    3.41364e-11    5.41921e-26    2.91364e-11    0.00308507    0.00308507 
2.32493    5e-12    3.31522e-11    7.8393e-27    2.81522e-11    0.00308507    0.00308507 
2.27206    5e-12    3.22485e-11    1.13228e-27    2.72485e-11    0.00308507    0.00308507 
2.22153    5e-12    3.14156e-11    1.63301e-28    2.64156e-11    0.00308507    0.00308507 
2.1732    5e-12    3.06453e-11    2.35189e-29    2.56453e-11    0.00308507    0.00308507 
2.12694    5e-12    2.99306e-11    3.38268e-30    2.49306e-11    0.00308507    0.00308507 
2.0826    5e-12    2.92656e-11    4.85898e-31    2.42656e-11    0.00308507    0.00308507 
2.04007    5e-12    2.86451e-11    6.97093e-32    2.36451e-11    0.00308507    0.00308507 
1.99924    5e-12    2.80648e-11    9.98894e-33    2.30648e-11    0.00308507    0.00308507 
1.96002    5e-12    2.75207e-11    1.42972e-33    2.25207e-11    0.00308507    0.00308507 
1.9223    5e-12    2.70094e-11    2.04412e-34    2.20094e-11    0.00308507    0.00308507 
1.88601    5e-12    2.65281e-11    2.91945e-35    2.15281e-11    0.00308507    0.00308507 
1.85106    5e-12    2.6074e-11    4.16537e-36    2.1074e-11    0.00308507    0.00308507 
1.81739    5e-12    2.56448e-11    5.93714e-37    2.06448e-11    0.00308507    0.00308507 
1.78492    5e-12    2.52386e-11    8.45453e-38    2.02386e-11    0.00308507    0.00308507 
1.75359    5e-12    2.48533e-11    1.20283e-38    1.98533e-11    0.00308507    0.00308507 
1.72334    5e-12    2.44875e-11    1.70975e-39    1.94875e-11    0.00308507    0.00308507 
1.69411    5e-12    2.41396e-11    2.42824e-40    1.91396e-11    0.00308507    0.00308507 
1.66586    5e-12    2.38082e-11    3.44581e-41    1.88082e-11    0.00308507    0.00308507 
1.63854    5e-12    2.34923e-11    4.88588e-42    1.84923e-11    0.00308507    0.00308507 
1.6121    5e-12    2.31907e-11    6.92242e-43    1.81907e-11    0.00308507    0.00308507 
1.5865    5e-12    2.29023e-11    9.80047e-44    1.79023e-11    0.00308507    0.00308507 
1.56169    5e-12    2.26265e-11    1.3865e-44    1.76265e-11    0.00308507    0.00308507 
1.53768    5e-12    2.23624e-11    1.96397e-45    1.73624e-11    0.00308507    0.00308507 
1.51439    5e-12    2.21093e-11    2.78007e-46    1.71093e-11    0.00308507    0.00308507 
1.4918    5e-12    2.18662e-11    3.93266e-47    1.68662e-11    0.00308507    0.00308507 
1.46987    5e-12    2.16328e-11    5.55954e-48    1.66328e-11    0.00308507    0.00308507 
1.44858    5e-12    2.14083e-11    7.85451e-49    1.64083e-11    0.00308507    0.00308507 
1.4279    5e-12    2.11922e-11    1.10901e-49    1.61922e-11    0.00308507    0.00308507 
1.4078    5e-12    2.09841e-11    1.56494e-50    1.59841e-11    0.00308507    0.00308507 
1.38825    5e-12    2.07834e-11    2.20703e-51    1.57834e-11    0.00308507    0.00308507 
1.36924    5e-12    2.05899e-11    3.11083e-52    1.55899e-11    0.00308507    0.00308507 
1.35075    5e-12    2.04031e-11    4.38237e-53    1.54031e-11    0.00308507    0.00308507 
1.33275    5e-12    2.02226e-11    6.17038e-54    1.52226e-11    0.00308507    0.00308507 
1.31522    5e-12    2.00481e-11    8.68341e-55    1.50481e-11    0.00308507    0.00308507 
1.29814    5e-12    1.98793e-11    1.22138e-55    1.48793e-11    0.00308507    0.00308507 
1.28151    5e-12    1.9716e-11    1.71711e-56    1.4716e-11    0.00308507    0.00308507 
1.26529    5e-12    1.95578e-11    2.4129e-57    1.45578e-11    0.00308507    0.00308507 
1.24948    5e-12    1.94045e-11    3.38905e-58    1.44045e-11    0.00308507    0.00308507 
1.23407    5e-12    1.92558e-11    4.75795e-59    1.42558e-11    0.00308507    0.00308507 
1.21902    5e-12    1.91116e-11    6.67681e-60    1.41116e-11    0.00308507    0.00308507 
1.20434    5e-12    1.89716e-11    9.36549e-61    1.39716e-11    0.00308507    0.00308507 
1.19001    5e-12    1.88357e-11    1.31313e-61    1.38357e-11    0.00308507    0.00308507 
1.17601    5e-12    1.87036e-11    1.84038e-62    1.37036e-11    0.00308507    0.00308507 
1.16234    5e-12    1.85753e-11    2.57828e-63    1.35753e-11    0.00308507    0.00308507 
1.14899    5e-12    1.84504e-11    3.61063e-64    1.34504e-11    0.00308507    0.00308507 
1.13594    5e-12    1.8329e-11    5.05439e-65    1.3329e-11    0.00308507    0.00308507 
1.12318    5e-12    1.82108e-11    7.07279e-66    1.32108e-11    0.00308507    0.00308507 
1.1107    5e-12    1.80956e-11    9.89357e-67    1.30956e-11    0.00308507    0.00308507 
1.0985    5e-12    1.79835e-11    1.38344e-67    1.29835e-11    0.00308507    0.00308507 
1.08657    5e-12    1.78742e-11    1.9338e-68    1.28742e-11    0.00308507    0.00308507 
1.07489    5e-12    1.77677e-11    2.70219e-69    1.27677e-11    0.00308507    0.00308507 
1.06346    5e-12    1.76638e-11    3.77461e-70    1.26638e-11    0.00308507    0.00308507 
1.05227    5e-12    1.75624e-11    5.2709e-71    1.25624e-11    0.00308507    0.00308507 
1.04131    5e-12    1.74635e-11    7.35796e-72    1.24635e-11    0.00308507    0.00308507 
1.03058    5e-12    1.73669e-11    1.02682e-72    1.23669e-11    0.00308507    0.00308507 
1.02006    5e-12    1.72726e-11    1.43249e-73    1.22726e-11    0.00308507    0.00308507 
1.00976    5e-12    1.71805e-11    1.99784e-74    1.21805e-11    0.00308507    0.00308507 
0.99967    5e-12    1.70904e-11    2.78547e-75    1.20904e-11    0.00308507    0.00308507 
0.989776    5e-12    1.70024e-11    3.88249e-76    1.20024e-11    0.00308507    0.00308507 
0.980075    5e-12    1.69163e-11    5.41e-77    1.19163e-11    0.00308507    0.00308507 
0.970563    5e-12    1.68321e-11    7.53636e-78    1.18321e-11    0.00308507    0.00308507 
0.961233    5e-12    1.67498e-11    1.04956e-78    1.17498e-11    0.00308507    0.00308507 
0.952082    5e-12    1.66692e-11    1.46128e-79    1.16692e-11    0.00308507    0.00308507 
0.943103    5e-12    1.65903e-11    2.03398e-80    1.15903e-11    0.00308507    0.00308507 
0.934291    5e-12    1.6513e-11    2.83038e-81    1.1513e-11    0.00308507    0.00308507 
0.925643    5e-12    1.64373e-11    3.93761e-82    1.14373e-11    0.00308507    0.00308507 
0.917154    5e-12    1.63632e-11    5.4766e-83    1.13632e-11    0.00308507    0.00308507 
0.908818    5e-12    1.62905e-11    7.61522e-84    1.12905e-11    0.00308507    0.00308507 
0.900633    5e-12    1.62193e-11    1.05864e-84    1.12193e-11    0.00308507    0.00308507 
0.892594    5e-12    1.61495e-11    1.47134e-85    1.11495e-11    0.00308507    0.00308507 
0.884697    5e-12    1.6081e-11    2.04444e-86    1.1081e-11    0.00308507    0.00308507 
0.876939    5e-12    1.60139e-11    2.84011e-87    1.10139e-11    0.00308507    0.00308507 
0.869316    5e-12    1.5948e-11    3.94456e-88    1.0948e-11    0.00308507    0.00308507 
0.861824    5e-12    1.58834e-11    5.47729e-89    1.08834e-11    0.00308507    0.00308507 
0.85446    5e-12    1.582e-11    7.60394e-90    1.082e-11    0.00308507    0.00308507 
0.847221    5e-12    1.57577e-11    1.0554e-90    1.07577e-11    0.00308507    0.00308507 
0.840103    5e-12    1.56965e-11    1.46456e-91    1.06965e-11    0.00308507    0.00308507 
0.833104    5e-12    1.56365e-11    2.03191e-92    1.06365e-11    0.00308507    0.00308507 
0.826221    5e-12    1.55775e-11    2.81847e-93    1.05775e-11    0.00308507    0.00308507 
0.81945    5e-12    1.55196e-11    3.90873e-94    1.05196e-11    0.00308507    0.00308507 
0.81279    5e-12    1.54626e-11    5.41965e-95    1.04626e-11    0.00308507    0.00308507 
0.806237    5e-12    1.54067e-11    7.51318e-96    1.04067e-11    0.00308507    0.00308507 
0.799789    5e-12    1.53517e-11    1.04134e-96    1.03517e-11    0.00308507    0.00308507 
0.793443    5e-12    1.52976e-11    1.44305e-97    1.02976e-11    0.00308507    0.00308507 
0.787197    5e-12    1.52444e-11    1.99934e-98    1.02444e-11    0.00308507    0.00308507 
0.781049    5e-12    1.51921e-11    2.76959e-99    1.01921e-11    0.00308507    0.00308507 
0.774996    5e-12    1.51407e-11    3.83588e-100    1.01407e-11    0.00308507    0.00308507 
0.769036    5e-12    1.50901e-11    5.31175e-101    1.00901e-11    0.00308507    0.00308507 
0.763167    5e-12    1.50403e-11    7.3542e-102    1.00403e-11    0.00308507    0.00308507 
0.757386    5e-12    1.49913e-11    1.01802e-102    9.9913e-12    0.00308507    0.00308507 
0.751693    5e-12    1.49431e-11    1.40899e-103    9.94308e-12    0.00308507    0.00308507 
0.746085    5e-12    1.48956e-11    1.94978e-104    9.89561e-12    0.00308507    0.00308507 
0.74056    5e-12    1.48489e-11    2.69769e-105    9.84887e-12    0.00308507    0.00308507 
0.735116    5e-12    1.48029e-11    3.73188e-106    9.80285e-12    0.00308507    0.00308507 
0.729751    5e-12    1.47575e-11    5.16172e-107    9.75753e-12    0.00308507    0.00308507 
0.724464    5e-12    1.47129e-11    7.13828e-108    9.71289e-12    0.00308507    0.00308507 
0.719254    5e-12    1.46689e-11    9.87018e-109    9.66892e-12    0.00308507    0.00308507 
0.714117    5e-12    1.46256e-11    1.36455e-109    9.62559e-12    0.00308507    0.00308507 
0.709054    5e-12    1.45829e-11    1.88621e-110    9.58291e-12    0.00308507    0.00308507 
0.704062    5e-12    1.45408e-11    2.60691e-111    9.54084e-12    0.00308507    0.00308507 
0.699139    5e-12    1.44994e-11    3.60246e-112    9.49938e-12    0.00308507    0.00308507 
0.694285    5e-12    1.44585e-11    4.97747e-113    9.45851e-12    0.00308507    0.00308507 
0.689498    5e-12    1.44182e-11    6.87634e-114    9.41822e-12    0.00308507    0.00308507 
0.684777    5e-12    1.43785e-11    9.49826e-115    9.37849e-12    0.00308507    0.00308507 
0.680119    5e-12    1.43393e-11    1.31181e-115    9.33932e-12    0.00308507    0.00308507 
0.675525    5e-12    1.43007e-11    1.8115e-116    9.30069e-12    0.00308507    0.00308507 
0.670992    5e-12    1.42626e-11    2.5012e-117    9.26259e-12    0.00308507    0.00308507 
0.66652    5e-12    1.4225e-11    3.45303e-118    9.225e-12    0.00308507    0.00308507 
0.662107    5e-12    1.41879e-11    4.76645e-119    9.18793e-12    0.00308507    0.00308507 
0.657752    5e-12    1.41513e-11    6.57861e-120    9.15134e-12    0.00308507    0.00308507 
0.653454    5e-12    1.41152e-11    9.07856e-121    9.11525e-12    0.00308507    0.00308507 
0.649212    5e-12    1.40796e-11    1.2527e-121    9.07963e-12    0.00308507    0.00308507 
0.645024    5e-12    1.40445e-11    1.7283e-122    9.04447e-12    0.00308507    0.00308507 
0.64089    5e-12    1.40098e-11    2.38419e-123    9.00977e-12    0.00308507    0.00308507 
0.636809    5e-12    1.39755e-11    3.28859e-124    8.97551e-12    0.00308507    0.00308507 
0.632779    5e-12    1.39417e-11    4.53551e-125    8.94169e-12    0.00308507    0.00308507 
0.6288    5e-12    1.39083e-11    6.25447e-126    8.9083e-12    0.00308507    0.00308507 
0.624871    5e-12    1.38753e-11    8.62393e-127    8.87533e-12    0.00308507    0.00308507 
0.620991    5e-12    1.38428e-11    1.18897e-127    8.84277e-12    0.00308507    0.00308507 
0.617158    5e-12    1.38106e-11    1.63902e-128    8.81062e-12    0.00308507    0.00308507 
0.613373    5e-12    1.37789e-11    2.25918e-129    8.77886e-12    0.00308507    0.00308507 
0.609633    5e-12    1.37475e-11    3.11363e-130    8.74748e-12    0.00308507    0.00308507 
0.605939    5e-12    1.37165e-11    4.29079e-131    8.71649e-12    0.00308507    0.00308507 
0.60229    5e-12    1.36859e-11    5.91235e-132    8.68587e-12    0.00308507    0.00308507 
0.598684    5e-12    1.36556e-11    8.14586e-133    8.65561e-12    0.00308507    0.00308507 
0.595121    5e-12    1.36257e-11    1.12219e-133    8.62571e-12    0.00308507    0.00308507 
0.5916    5e-12    1.35962e-11    1.54579e-134    8.59617e-12    0.00308507    0.00308507 
0.588121    5e-12    1.3567e-11    2.12908e-135    8.56696e-12    0.00308507    0.00308507 
0.584682    5e-12    1.35381e-11    2.93216e-136    8.5381e-12    0.00308507    0.00308507 
0.581284    5e-12    1.35096e-11    4.03774e-137    8.50957e-12    0.00308507    0.00308507 
0.577924    5e-12    1.34814e-11    5.55964e-138    8.48137e-12    0.00308507    0.00308507 
0.574604    5e-12    1.34535e-11    7.65442e-139    8.45349e-12    0.00308507    0.00308507 
0.571321    5e-12    1.34259e-11    1.05374e-139    8.42592e-12    0.00308507    0.00308507 
0.568075    5e-12    1.33987e-11    1.45049e-140    8.39866e-12    0.00308507    0.00308507 
0.564866    5e-12    1.33717e-11    1.99644e-141    8.37171e-12    0.00308507    0.00308507 
0.561694    5e-12    1.3345e-11    2.7476e-142    8.34505e-12    0.00308507    0.00308507 
0.558556    5e-12    1.33187e-11    3.78104e-143    8.31868e-12    0.00308507    0.00308507 
0.555454    5e-12    1.32926e-11    5.20271e-144    8.29261e-12    0.00308507    0.00308507 
0.552385    5e-12    1.32668e-11    7.15827e-145    8.26682e-12    0.00308507    0.00308507 
0.549351    5e-12    1.32413e-11    9.84798e-146    8.2413e-12    0.00308507    0.00308507 
0.54635    5e-12    1.32161e-11    1.35471e-146    8.21606e-12    0.00308507    0.00308507 
0.543381    5e-12    1.31911e-11    1.86341e-147    8.19108e-12    0.00308507    0.00308507 
0.540444    5e-12    1.31664e-11    2.56291e-148    8.16638e-12    0.00308507    0.00308507 
0.537539    5e-12    1.31419e-11    3.52468e-149    8.14193e-12    0.00308507    0.00308507 
0.534665    5e-12    1.31177e-11    4.84695e-150    8.11773e-12    0.00308507    0.00308507 
0.531822    5e-12    1.30938e-11    6.66471e-151    8.09379e-12    0.00308507    0.00308507 
0.529008    5e-12    1.30701e-11    9.16341e-152    8.07009e-12    0.00308507    0.00308507 
0.526224    5e-12    1.30466e-11    1.25979e-152    8.04664e-12    0.00308507    0.00308507 
0.52347    5e-12    1.30234e-11    1.73182e-153    8.02342e-12    0.00308507    0.00308507 
0.520744    5e-12    1.30004e-11    2.38052e-154    8.00044e-12    0.00308507    0.00308507 
0.518046    5e-12    1.29777e-11    3.27194e-155    7.97769e-12    0.00308507    0.00308507 
0.515376    5e-12    1.29552e-11    4.49682e-156    7.95517e-12    0.00308507    0.00308507 
0.512734    5e-12    1.29329e-11    6.17975e-157    7.93288e-12    0.00308507    0.00308507 
0.510118    5e-12    1.29108e-11    8.49186e-158    7.9108e-12    0.00308507    0.00308507 
0.507529    5e-12    1.28889e-11    1.16681e-158    7.88894e-12    0.00308507    0.00308507 
0.504966    5e-12    1.28673e-11    1.60312e-159    7.86729e-12    0.00308507    0.00308507 
0.502429    5e-12    1.28459e-11    2.20242e-160    7.84586e-12    0.00308507    0.00308507 
0.499918    5e-12    1.28246e-11    3.02551e-161    7.82463e-12    0.00308507    0.00308507 
0.497431    5e-12    1.28036e-11    4.15592e-162    7.8036e-12    0.00308507    0.00308507 
0.494969    5e-12    1.27828e-11    5.70825e-163    7.78278e-12    0.00308507    0.00308507 
0.492531    5e-12    1.27622e-11    7.83985e-164    7.76215e-12    0.00308507    0.00308507 
0.490117    5e-12    1.27417e-11    1.07667e-164    7.74172e-12    0.00308507    0.00308507 
0.487726    5e-12    1.27215e-11    1.47851e-165    7.72148e-12    0.00308507    0.00308507 
0.485359    5e-12    1.27014e-11    2.03018e-166    7.70143e-12    0.00308507    0.00308507 
0.483015    5e-12    1.26816e-11    2.78751e-167    7.68156e-12    0.00308507    0.00308507 
0.480693    5e-12    1.26619e-11    3.82708e-168    7.66188e-12    0.00308507    0.00308507 
0.478393    5e-12    1.26424e-11    5.25399e-169    7.64238e-12    0.00308507    0.00308507 
0.476116    5e-12    1.26231e-11    7.21243e-170    7.62306e-12    0.00308507    0.00308507 
0.47386    5e-12    1.26039e-11    9.90021e-171    7.60391e-12    0.00308507    0.00308507 
0.471625    5e-12    1.25849e-11    1.35887e-171    7.58493e-12    0.00308507    0.00308507 
0.469411    5e-12    1.25661e-11    1.86502e-172    7.56613e-12    0.00308507    0.00308507 
0.467218    5e-12    1.25475e-11    2.55954e-173    7.54749e-12    0.00308507    0.00308507 
0.465045    5e-12    1.2529e-11    3.51245e-174    7.52902e-12    0.00308507    0.00308507 
0.462892    5e-12    1.25107e-11    4.81982e-175    7.51072e-12    0.00308507    0.00308507 
0.460759    5e-12    1.24926e-11    6.6134e-176    7.49257e-12    0.00308507    0.00308507 
0.458646    5e-12    1.24746e-11    9.07383e-177    7.47458e-12    0.00308507    0.00308507 
0.456552    5e-12    1.24568e-11    1.24489e-177    7.45675e-12    0.00308507    0.00308507 
0.454477    5e-12    1.24391e-11    1.70782e-178    7.43908e-12    0.00308507    0.00308507 
0.452421    5e-12    1.24216e-11    2.34276e-179    7.42155e-12    0.00308507    0.00308507 
0.450383    5e-12    1.24042e-11    3.21356e-180    7.40418e-12    0.00308507    0.00308507 
0.448364    5e-12    1.2387e-11    4.40778e-181    7.38695e-12    0.00308507    0.00308507 
0.446363    5e-12    1.23699e-11    6.04543e-182    7.36987e-12    0.00308507    0.00308507 
0.444379    5e-12    1.23529e-11    8.29103e-183    7.35294e-12    0.00308507    0.00308507 
0.442413    5e-12    1.23361e-11    1.13701e-183    7.33614e-12    0.00308507    0.00308507 
0.440465    5e-12    1.23195e-11    1.55918e-184    7.31949e-12    0.00308507    0.00308507 
0.438533    5e-12    1.2303e-11    2.13797e-185    7.30297e-12    0.00308507    0.00308507 
0.436618    5e-12    1.22866e-11    2.93145e-186    7.2866e-12    0.00308507    0.00308507 
0.43472    5e-12    1.22704e-11    4.01919e-187    7.27035e-12    0.00308507    0.00308507 
0.432839    5e-12    1.22542e-11    5.51025e-188    7.25424e-12    0.00308507    0.00308507 
0.430973    5e-12    1.22383e-11    7.55404e-189    7.23827e-12    0.00308507    0.00308507 
0.429124    5e-12    1.22224e-11    1.03553e-189    7.22242e-12    0.00308507    0.00308507 
0.42729    5e-12    1.22067e-11    1.41946e-190    7.2067e-12    0.00308507    0.00308507 
0.425472    5e-12    1.21911e-11    1.94563e-191    7.1911e-12    0.00308507    0.00308507 
0.42367    5e-12    1.21756e-11    2.6667e-192    7.17563e-12    0.00308507    0.00308507 
0.421882    5e-12    1.21603e-11    3.6548e-193    7.16029e-12    0.00308507    0.00308507 
0.42011    5e-12    1.21451e-11    5.00877e-194    7.14506e-12    0.00308507    0.00308507 
0.418352    5e-12    1.213e-11    6.86398e-195    7.12996e-12    0.00308507    0.00308507 
0.416609    5e-12    1.2115e-11    9.40585e-196    7.11497e-12    0.00308507    0.00308507 
0.414881    5e-12    1.21001e-11    1.28884e-196    7.1001e-12    0.00308507    0.00308507 
0.413167    5e-12    1.20854e-11    1.76594e-197    7.08535e-12    0.00308507    0.00308507 
0.411467    5e-12    1.20707e-11    2.41953e-198    7.07071e-12    0.00308507    0.00308507 
0.409781    5e-12    1.20562e-11    3.31485e-199    7.05619e-12    0.00308507    0.00308507 
0.408108    5e-12    1.20418e-11    4.54126e-200    7.04177e-12    0.00308507    0.00308507 
0.40645    5e-12    1.20275e-11    6.22109e-201    7.02747e-12    0.00308507    0.00308507 
0.404804    5e-12    1.20133e-11    8.52189e-202    7.01327e-12    0.00308507    0.00308507 
0.403172    5e-12    1.19992e-11    1.1673e-202    6.99918e-12    0.00308507    0.00308507 
0.401553    5e-12    1.19852e-11    1.59886e-203    6.9852e-12    0.00308507    0.00308507 
0.399947    5e-12    1.19713e-11    2.18987e-204    6.97133e-12    0.00308507    0.00308507 
0.398354    5e-12    1.19576e-11    2.99918e-205    6.95755e-12    0.00308507    0.00308507 
0.396773    5e-12    1.19439e-11    4.10741e-206    6.94388e-12    0.00308507    0.00308507 
0.395205    5e-12    1.19303e-11    5.62488e-207    6.93031e-12    0.00308507    0.00308507 
0.39365    5e-12    1.19168e-11    7.70261e-208    6.91684e-12    0.00308507    0.00308507 
0.392106    5e-12    1.19035e-11    1.05473e-208    6.90347e-12    0.00308507    0.00308507 
0.390575    5e-12    1.18902e-11    1.4442e-209    6.8902e-12    0.00308507    0.00308507 
0.389054    5e-12    1.1877e-11    1.97346e-210    6.87701e-12    0.00308507    0.00308507 
0.387544    5e-12    1.18639e-11    2.69657e-211    6.86392e-12    0.00308507    0.00308507 
0.386047    5e-12    1.18509e-11    3.68446e-212    6.85092e-12    0.00308507    0.00308507 
0.384561    5e-12    1.1838e-11    5.03405e-213    6.83802e-12    0.00308507    0.00308507 
0.383086    5e-12    1.18252e-11    6.87767e-214    6.8252e-12    0.00308507    0.00308507 
0.381623    5e-12    1.18125e-11    9.39608e-215    6.81248e-12    0.00308507    0.00308507 
0.38017    5e-12    1.17999e-11    1.28361e-215    6.79985e-12    0.00308507    0.00308507 
0.378729    5e-12    1.17873e-11    1.75348e-216    6.78731e-12    0.00308507    0.00308507 
0.377299    5e-12    1.17749e-11    2.39525e-217    6.77486e-12    0.00308507    0.00308507 
0.375879    5e-12    1.17625e-11    3.27176e-218    6.76249e-12    0.00308507    0.00308507 
0.37447    5e-12    1.17502e-11    4.46883e-219    6.75021e-12    0.00308507    0.00308507 
0.373072    5e-12    1.1738e-11    6.10363e-220    6.73802e-12    0.00308507    0.00308507 
0.371684    5e-12    1.17259e-11    8.33613e-221    6.72591e-12    0.00308507    0.00308507 
0.370306    5e-12    1.17139e-11    1.13847e-221    6.71388e-12    0.00308507    0.00308507 
0.368938    5e-12    1.17019e-11    1.55476e-222    6.70194e-12    0.00308507    0.00308507 
0.367581    5e-12    1.16901e-11    2.12318e-223    6.69008e-12    0.00308507    0.00308507 
0.366233    5e-12    1.16783e-11    2.8993e-224    6.6783e-12    0.00308507    0.00308507 
0.364896    5e-12    1.16666e-11    3.95896e-225    6.6666e-12    0.00308507    0.00308507 
0.363568    5e-12    1.1655e-11    5.4057e-226    6.65498e-12    0.00308507    0.00308507 
0.362249    5e-12    1.16434e-11    7.38085e-227    6.64344e-12    0.00308507    0.00308507 
0.36094    5e-12    1.1632e-11    1.00773e-227    6.63197e-12    0.00308507    0.00308507 
0.359641    5e-12    1.16206e-11    1.37583e-228    6.62058e-12    0.00308507    0.00308507 
0.358351    5e-12    1.16093e-11    1.87831e-229    6.60927e-12    0.00308507    0.00308507 
0.35707    5e-12    1.1598e-11    2.56421e-230    6.59803e-12    0.00308507    0.00308507 
0.355798    5e-12    1.15869e-11    3.50045e-231    6.58687e-12    0.00308507    0.00308507 
0.354536    5e-12    1.15758e-11    4.77835e-232    6.57578e-12    0.00308507    0.00308507 
0.353282    5e-12    1.15648e-11    6.52253e-233    6.56477e-12    0.00308507    0.00308507 
0.352037    5e-12    1.15538e-11    8.90302e-234    6.55382e-12    0.00308507    0.00308507 
0.350801    5e-12    1.15429e-11    1.21519e-234    6.54295e-12    0.00308507    0.00308507 
0.349573    5e-12    1.15321e-11    1.65857e-235    6.53215e-12    0.00308507    0.00308507 
0.348354    5e-12    1.15214e-11    2.26364e-236    6.52141e-12    0.00308507    0.00308507 
0.347144    5e-12    1.15107e-11    3.08933e-237    6.51075e-12    0.00308507    0.00308507 
0.345942    5e-12    1.15002e-11    4.21606e-238    6.50015e-12    0.00308507    0.00308507 
0.344748    5e-12    1.14896e-11    5.75353e-239    6.48963e-12    0.00308507    0.00308507 
0.343562    5e-12    1.14792e-11    7.85138e-240    6.47917e-12    0.00308507    0.00308507 
0.342385    5e-12    1.14688e-11    1.07138e-240    6.46877e-12    0.00308507    0.00308507 
0.341215    5e-12    1.14584e-11    1.46192e-241    6.45844e-12    0.00308507    0.00308507 
0.340054    5e-12    1.14482e-11    1.99475e-242    6.44818e-12    0.00308507    0.00308507 
0.3389    5e-12    1.1438e-11    2.7217e-243    6.43798e-12    0.00308507    0.00308507 
0.337755    5e-12    1.14278e-11    3.71344e-244    6.42785e-12    0.00308507    0.00308507 
0.336616    5e-12    1.14178e-11    5.06639e-245    6.41778e-12    0.00308507    0.00308507 
0.335486    5e-12    1.14078e-11    6.91202e-246    6.40777e-12    0.00308507    0.00308507 
0.334363    5e-12    1.13978e-11    9.42969e-247    6.39782e-12    0.00308507    0.00308507 
0.333248    5e-12    1.13879e-11    1.2864e-247    6.38793e-12    0.00308507    0.00308507 
0.33214    5e-12    1.13781e-11    1.75484e-248    6.37811e-12    0.00308507    0.00308507 
0.331039    5e-12    1.13683e-11    2.3938e-249    6.36834e-12    0.00308507    0.00308507 
0.329946    5e-12    1.13586e-11    3.2653e-250    6.35864e-12    0.00308507    0.00308507 
0.32886    5e-12    1.1349e-11    4.45393e-251    6.34899e-12    0.00308507    0.00308507 
0.327781    5e-12    1.13394e-11    6.07505e-252    6.3394e-12    0.00308507    0.00308507 
0.326709    5e-12    1.13299e-11    8.28597e-253    6.32987e-12    0.00308507    0.00308507 
0.325644    5e-12    1.13204e-11    1.13011e-253    6.3204e-12    0.00308507    0.00308507 
0.324586    5e-12    1.1311e-11    1.5413e-254    6.31098e-12    0.00308507    0.00308507 
0.323535    5e-12    1.13016e-11    2.10203e-255    6.30163e-12    0.00308507    0.00308507 
0.32249    5e-12    1.12923e-11    2.86667e-256    6.29232e-12    0.00308507    0.00308507 
0.321452    5e-12    1.12831e-11    3.90933e-257    6.28307e-12    0.00308507    0.00308507 
0.320421    5e-12    1.12739e-11    5.33106e-258    6.27388e-12    0.00308507    0.00308507 
0.319397    5e-12    1.12647e-11    7.26962e-259    6.26474e-12    0.00308507    0.00308507 
0.318379    5e-12    1.12557e-11    9.9128e-260    6.25565e-12    0.00308507    0.00308507 
0.317368    5e-12    1.12466e-11    1.35166e-260    6.24662e-12    0.00308507    0.00308507 
0.316363    5e-12    1.12376e-11    1.84301e-261    6.23764e-12    0.00308507    0.00308507 
0.315364    5e-12    1.12287e-11    2.51288e-262    6.22871e-12    0.00308507    0.00308507 
0.314371    5e-12    1.12198e-11    3.42614e-263    6.21984e-12    0.00308507    0.00308507 
0.313385    5e-12    1.1211e-11    4.67116e-264    6.21101e-12    0.00308507    0.00308507 
0.312405    5e-12    1.12022e-11    6.36843e-265    6.20224e-12    0.00308507    0.00308507 
0.311431    5e-12    1.11935e-11    8.68214e-266    6.19351e-12    0.00308507    0.00308507 
0.310464    5e-12    1.11848e-11    1.18361e-266    6.18484e-12    0.00308507    0.00308507 
0.309502    5e-12    1.11762e-11    1.61354e-267    6.17622e-12    0.00308507    0.00308507 
0.308546    5e-12    1.11676e-11    2.19956e-268    6.16764e-12    0.00308507    0.00308507 
0.307596    5e-12    1.11591e-11    2.99834e-269    6.15912e-12    0.00308507    0.00308507 
0.306652    5e-12    1.11506e-11    4.08708e-270    6.15064e-12    0.00308507    0.00308507 
0.305713    5e-12    1.11422e-11    5.57101e-271    6.14221e-12    0.00308507    0.00308507 
0.30478    5e-12    1.11338e-11    7.5935e-272    6.13382e-12    0.00308507    0.00308507 
0.303853    5e-12    1.11255e-11    1.03499e-272    6.12549e-12    0.00308507    0.00308507 
0.302932    5e-12    1.11172e-11    1.41066e-273    6.1172e-12    0.00308507    0.00308507 
0.302016    5e-12    1.1109e-11    1.92263e-274    6.10895e-12    0.00308507    0.00308507 
0.301106    5e-12    1.11008e-11    2.62033e-275    6.10076e-12    0.00308507    0.00308507 
0.300201    5e-12    1.10926e-11    3.57112e-276    6.0926e-12    0.00308507    0.00308507 
0.299302    5e-12    1.10845e-11    4.86678e-277    6.0845e-12    0.00308507    0.00308507 
0.298408    5e-12    1.10764e-11    6.63234e-278    6.07643e-12    0.00308507    0.00308507 
0.297519    5e-12    1.10684e-11    9.03818e-279    6.06841e-12    0.00308507    0.00308507 
0.296636    5e-12    1.10604e-11    1.23164e-279    6.06044e-12    0.00308507    0.00308507 
0.295757    5e-12    1.10525e-11    1.67832e-280    6.05251e-12    0.00308507    0.00308507 
0.294884    5e-12    1.10446e-11    2.28694e-281    6.04462e-12    0.00308507    0.00308507 
0.294016    5e-12    1.10368e-11    3.11618e-282    6.03677e-12    0.00308507    0.00308507 
0.293154    5e-12    1.1029e-11    4.246e-283    6.02897e-12    0.00308507    0.00308507 
0.292296    5e-12    1.10212e-11    5.78531e-284    6.02121e-12    0.00308507    0.00308507 
0.291443    5e-12    1.10135e-11    7.88246e-285    6.01349e-12    0.00308507    0.00308507 
0.290595    5e-12    1.10058e-11    1.07395e-285    6.00581e-12    0.00308507    0.00308507 
0.289753    5e-12    1.09982e-11    1.46318e-286    5.99817e-12    0.00308507    0.00308507 
0.288915    5e-12    1.09906e-11    1.99343e-287    5.99057e-12    0.00308507    0.00308507 
0.288081    5e-12    1.0983e-11    2.71577e-288    5.98302e-12    0.00308507    0.00308507 
0.287253    5e-12    1.09755e-11    3.69976e-289    5.9755e-12    0.00308507    0.00308507 
0.28643    5e-12    1.0968e-11    5.04015e-290    5.96802e-12    0.00308507    0.00308507 
0.285611    5e-12    1.09606e-11    6.86598e-291    5.96058e-12    0.00308507    0.00308507 
0.284796    5e-12    1.09532e-11    9.35301e-292    5.95318e-12    0.00308507    0.00308507 
0.283987    5e-12    1.09458e-11    1.27406e-292    5.94582e-12    0.00308507    0.00308507 
0.283182    5e-12    1.09385e-11    1.73547e-293    5.9385e-12    0.00308507    0.00308507 
0.282381    5e-12    1.09312e-11    2.36393e-294    5.93122e-12    0.00308507    0.00308507 
0.281585    5e-12    1.0924e-11    3.2199e-295    5.92397e-12    0.00308507    0.00308507 
0.280794    5e-12    1.09168e-11    4.3857e-296    5.91676e-12    0.00308507    0.00308507 
0.280007    5e-12    1.09096e-11    5.97346e-297    5.90959e-12    0.00308507    0.00308507 
0.279224    5e-12    1.09025e-11    8.13583e-298    5.90245e-12    0.00308507    0.00308507 
0.278446    5e-12    1.08954e-11    1.10807e-298    5.89535e-12    0.00308507    0.00308507 
0.277672    5e-12    1.08883e-11    1.50912e-299    5.88829e-12    0.00308507    0.00308507 
0.276902    5e-12    1.08813e-11    2.05528e-300    5.88126e-12    0.00308507    0.00308507 
0.276137    5e-12    1.08743e-11    2.79903e-301    5.87427e-12    0.00308507    0.00308507 
0.275376    5e-12    1.08673e-11    3.81183e-302    5.86732e-12    0.00308507    0.00308507 
0.274619    5e-12    1.08604e-11    5.19099e-303    5.8604e-12    0.00308507    0.00308507 
0.273866    5e-12    1.08535e-11    7.06899e-304    5.85351e-12    0.00308507    0.00308507 
0.273117    5e-12    1.08467e-11    9.62619e-305    5.84666e-12    0.00308507    0.00308507 
0.272373    5e-12    1.08398e-11    1.31082e-305    5.83984e-12    0.00308507    0.00308507 
0.271632    5e-12    1.08331e-11    1.78492e-306    5.83306e-12    0.00308507    0.00308507 
0.270896    5e-12    1.08263e-11    2.43046e-307    5.82631e-12    0.00308507    0.00308507 
0.270163    5e-12    1.08196e-11    3.30938e-308    5.81959e-12    0.00308507    0.00308507 
0.269434    5e-12    1.08129e-11    4.50605e-309    5.81291e-12    0.00308507    0.00308507 
0.26871    5e-12    1.08063e-11    6.1353e-310    5.80626e-12    0.00308507    0.00308507 
0.267989    5e-12    1.07996e-11    8.35346e-311    5.79964e-12    0.00308507    0.00308507 
0.267272    5e-12    1.07931e-11    1.13733e-311    5.79306e-12    0.00308507    0.00308507 
0.266559    5e-12    1.07865e-11    1.54846e-312    5.78651e-12    0.00308507    0.00308507 
0.265849    5e-12    1.078e-11    2.10815e-313    5.77999e-12    0.00308507    0.00308507 
0.265144    5e-12    1.07735e-11    2.87009e-314    5.7735e-12    0.00308507    0.00308507 
0.264442    5e-12    1.0767e-11    3.90733e-315    5.76704e-12    0.00308507    0.00308507 
0.263744    5e-12    1.07606e-11    5.31931e-316    5.76062e-12    0.00308507    0.00308507 
0.263049    5e-12    1.07542e-11    7.24139e-317    5.75422e-12    0.00308507    0.00308507 
0.262358    5e-12    1.07479e-11    9.85778e-318    5.74786e-12    0.00308507    0.00308507 
0.261671    5e-12    1.07415e-11    1.34192e-318    5.74152e-12    0.00308507    0.00308507 
0.260988    5e-12    1.07352e-11    1.82671e-319    5.73522e-12    0.00308507    0.00308507 
0.260308    5e-12    1.07289e-11    2.48663e-320    5.72895e-12    0.00308507    0.00308507 
0.259631    5e-12    1.07227e-11    3.38435e-321    5.72271e-12    0.00308507    0.00308507 
0.258958    5e-12    1.07165e-11    4.59481e-322    5.71649e-12    0.00308507    0.00308507 
0.258288    5e-12    1.07103e-11    6.42285e-323    5.71031e-12    0.00308507    0.00308507 
0.257622    5e-12    1.07042e-11    9.88131e-324    5.70416e-12    0.00308507    0.00308507 
0.25696    5e-12    1.0698e-11    0    5.69803e-12    0.00308507    0.00308507 
0.256301    5e-12    1.06919e-11    0    5.69193e-12    0.00308507    0.00308507 
0.255645    5e-12    1.06859e-11    0    5.68587e-12    0.00308507    0.00308507 
0.254992    5e-12    1.06798e-11    0    5.67983e-12    0.00308507    0.00308507 
0.254343    5e-12    1.06738e-11    0    5.67381e-12    0.00308507    0.00308507 
0.253697    5e-12    1.06678e-11    0    5.66783e-12    0.00308507    0.00308507 
0.253054    5e-12    1.06619e-11    0    5.66188e-12    0.00308507    0.00308507 
0.252415    5e-12    1.06559e-11    0    5.65595e-12    0.00308507    0.00308507 
0.251779    5e-12    1.065e-11    0    5.65005e-12    0.00308507    0.00308507 
0.251146    5e-12    1.06442e-11    0    5.64417e-12    0.00308507    0.00308507 
0.250516    5e-12    1.06383e-11    0    5.63833e-12    0.00308507    0.00308507 
0.249889    5e-12    1.06325e-11    0    5.63251e-12    0.00308507    0.00308507 
0.249266    5e-12    1.06267e-11    0    5.62672e-12    0.00308507    0.00308507 
0.248646    5e-12    1.06209e-11    0    5.62095e-12    0.00308507    0.00308507 
0.248028    5e-12    1.06152e-11    0    5.61521e-12    0.00308507    0.00308507 
0.247414    5e-12    1.06095e-11    0    5.6095e-12    0.00308507    0.00308507 
0.246803    5e-12    1.06038e-11    0    5.60381e-12    0.00308507    0.00308507 
0.246194    5e-12    1.05981e-11    0    5.59814e-12    0.00308507    0.00308507 
0.245589    5e-12    1.05925e-11    0    5.59251e-12    0.00308507    0.00308507 
0.244987    5e-12    1.05869e-11    0    5.5869e-12    0.00308507    0.00308507 
0.244388    5e-12    1.05813e-11    0    5.58131e-12    0.00308507    0.00308507 
0.243791    5e-12    1.05757e-11    0    5.57575e-12    0.00308507    0.00308507 
0.243198    5e-12    1.05702e-11    0    5.57021e-12    0.00308507    0.00308507 
0.242607    5e-12    1.05647e-11    0    5.5647e-12    0.00308507    0.00308507 
0.242019    5e-12    1.05592e-11    0    5.55921e-12    0.00308507    0.00308507 
0.241435    5e-12    1.05538e-11    0    5.55375e-12    0.00308507    0.00308507 
0.240852    5e-12    1.05483e-11    0    5.54831e-12    0.00308507    0.00308507 
0.240273    5e-12    1.05429e-11    0    5.5429e-12    0.00308507    0.00308507 
0.239697    5e-12    1.05375e-11    0    5.53751e-12    0.00308507    0.00308507 
0.239123    5e-12    1.05321e-11    0    5.53214e-12    0.00308507    0.00308507 
0.238552    5e-12    1.05268e-11    0    5.5268e-12    0.00308507    0.00308507 
0.237984    5e-12    1.05215e-11    0    5.52148e-12    0.00308507    0.00308507 
0.237418    5e-12    1.05162e-11    0    5.51618e-12    0.00308507    0.00308507 
0.236855    5e-12    1.05109e-11    0    5.5109e-12    0.00308507    0.00308507 
0.236295    5e-12    1.05057e-11    0    5.50565e-12    0.00308507    0.00308507 
0.235737    5e-12    1.05004e-11    0    5.50043e-12    0.00308507    0.00308507 
0.235182    5e-12    1.04952e-11    0    5.49522e-12    0.00308507    0.00308507 
0.23463    5e-12    1.049e-11    0    5.49004e-12    0.00308507    0.00308507 
0.23408    5e-12    1.04849e-11    0    5.48488e-12    0.00308507    0.00308507 
0.233533    5e-12    1.04797e-11    0    5.47974e-12    0.00308507    0.00308507 
0.232988    5e-12    1.04746e-11    0    5.47462e-12    0.00308507    0.00308507 
0.232446    5e-12    1.04695e-11    0    5.46953e-12    0.00308507    0.00308507 
0.231907    5e-12    1.04645e-11    0    5.46445e-12    0.00308507    0.00308507 
0.23137    5e-12    1.04594e-11    0    5.4594e-12    0.00308507    0.00308507 
0.230835    5e-12    1.04544e-11    0    5.45437e-12    0.00308507    0.00308507 
0.230303    5e-12    1.04494e-11    0    5.44936e-12    0.00308507    0.00308507 
0.229773    5e-12    1.04444e-11    0    5.44437e-12    0.00308507    0.00308507 
0.229246    5e-12    1.04394e-11    0    5.43941e-12    0.00308507    0.00308507 
0.228721    5e-12    1.04345e-11    0    5.43446e-12    0.00308507    0.00308507 
0.228198    5e-12    1.04295e-11    0    5.42954e-12    0.00308507    0.00308507 
0.227678    5e-12    1.04246e-11    0    5.42463e-12    0.00308507    0.00308507 
0.227161    5e-12    1.04197e-11    0    5.41975e-12    0.00308507    0.00308507 
0.226645    5e-12    1.04149e-11    0    5.41488e-12    0.00308507    0.00308507 
0.226132    5e-12    1.041e-11    0    5.41004e-12    0.00308507    0.00308507 
0.225622    5e-12    1.04052e-11    0    5.40522e-12    0.00308507    0.00308507 
0.225113    5e-12    1.04004e-11    0    5.40042e-12    0.00308507    0.00308507 
0.224607    5e-12    1.03956e-11    0    5.39563e-12    0.00308507    0.00308507 
0.224103    5e-12    1.03909e-11    0    5.39087e-12    0.00308507    0.00308507 
0.223602    5e-12    1.03861e-11    0    5.38612e-12    0.00308507    0.00308507 
0.223102    5e-12    1.03814e-11    0    5.3814e-12    0.00308507    0.00308507 
0.222605    5e-12    1.03767e-11    0    5.37669e-12    0.00308507    0.00308507 
0.22211    5e-12    1.0372e-11    0    5.37201e-12    0.00308507    0.00308507 
0.221617    5e-12    1.03673e-11    0    5.36734e-12    0.00308507    0.00308507 
0.221127    5e-12    1.03627e-11    0    5.36269e-12    0.00308507    0.00308507 
0.220639    5e-12    1.03581e-11    0    5.35807e-12    0.00308507    0.00308507 
0.220152    5e-12    1.03535e-11    0    5.35346e-12    0.00308507    0.00308507 
0.219668    5e-12    1.03489e-11    0    5.34886e-12    0.00308507    0.00308507 
0.219186    5e-12    1.03443e-11    0    5.34429e-12    0.00308507    0.00308507 
0.218706    5e-12    1.03397e-11    0    5.33974e-12    0.00308507    0.00308507 
0.218229    5e-12    1.03352e-11    0    5.3352e-12    0.00308507    0.00308507 
0.217753    5e-12    1.03307e-11    0    5.33068e-12    0.00308507    0.00308507 
0.217279    5e-12    1.03262e-11    0    5.32618e-12    0.00308507    0.00308507 
0.216808    5e-12    1.03217e-11    0    5.3217e-12    0.00308507    0.00308507 
0.216338    5e-12    1.03172e-11    0    5.31724e-12    0.00308507    0.00308507 
0.215871    5e-12    1.03128e-11    0    5.31279e-12    0.00308507    0.00308507 
0.215405    5e-12    1.03084e-11    0    5.30836e-12    0.00308507    0.00308507 
0.214942    5e-12    1.0304e-11    0    5.30395e-12    0.00308507    0.00308507 
0.21448    5e-12    1.02996e-11    0    5.29956e-12    0.00308507    0.00308507 
0.214021    5e-12    1.02952e-11    0    5.29518e-12    0.00308507    0.00308507 
0.213563    5e-12    1.02908e-11    0    5.29082e-12    0.00308507    0.00308507 
0.213108    5e-12    1.02865e-11    0    5.28648e-12    0.00308507    0.00308507 
0.212654    5e-12    1.02822e-11    0    5.28216e-12    0.00308507    0.00308507 
0.212202    5e-12    1.02778e-11    0    5.27785e-12    0.00308507    0.00308507 
0.211753    5e-12    1.02736e-11    0    5.27356e-12    0.00308507    0.00308507 
0.211305    5e-12    1.02693e-11    0    5.26928e-12    0.00308507    0.00308507 
0.210859    5e-12    1.0265e-11    0    5.26502e-12    0.00308507    0.00308507 
0.210415    5e-12    1.02608e-11    0    5.26078e-12    0.00308507    0.00308507 
0.209972    5e-12    1.02566e-11    0    5.25656e-12    0.00308507    0.00308507 
0.209532    5e-12    1.02523e-11    0    5.25235e-12    0.00308507    0.00308507 
0.209093    5e-12    1.02482e-11    0    5.24816e-12    0.00308507    0.00308507 
0.208657    5e-12    1.0244e-11    0    5.24398e-12    0.00308507    0.00308507 
0.208222    5e-12    1.02398e-11    0    5.23982e-12    0.00308507    0.00308507 
0.207789    5e-12    1.02357e-11    0    5.23568e-12    0.00308507    0.00308507 
0.207357    5e-12    1.02315e-11    0    5.23155e-12    0.00308507    0.00308507 
0.206928    5e-12    1.02274e-11    0    5.22744e-12    0.00308507    0.00308507 
0.2065    5e-12    1.02233e-11    0    5.22334e-12    0.00308507    0.00308507 
0.206074    5e-12    1.02193e-11    0    5.21926e-12    0.00308507    0.00308507 
0.20565    5e-12    1.02152e-11    0    5.21519e-12    0.00308507    0.00308507 
0.205228    5e-12    1.02111e-11    0    5.21114e-12    0.00308507    0.00308507 
0.204807    5e-12    1.02071e-11    0    5.20711e-12    0.00308507    0.00308507 
0.204388    5e-12    1.02031e-11    0    5.20309e-12    0.00308507    0.00308507 
0.20397    5e-12    1.01991e-11    0    5.19908e-12    0.00308507    0.00308507 
0.203555    5e-12    1.01951e-11    0    5.19509e-12    0.00308507    0.00308507 
0.203141    5e-12    1.01911e-11    0    5.19112e-12    0.00308507    0.00308507 
0.202729    5e-12    1.01872e-11    0    5.18716e-12    0.00308507    0.00308507 
0.202318    5e-12    1.01832e-11    0    5.18322e-12    0.00308507    0.00308507 
0.201909    5e-12    1.01793e-11    0    5.17929e-12    0.00308507    0.00308507 
0.201502    5e-12    1.01754e-11    0    5.17537e-12    0.00308507    0.00308507 
0.201096    5e-12    1.01715e-11    0    5.17147e-12    0.00308507    0.00308507 
0.200692    5e-12    1.01676e-11    0    5.16758e-12    0.00308507    0.00308507 
0.20029    5e-12    1.01637e-11    0    5.16371e-12    0.00308507    0.00308507 
0.199889    5e-12    1.01599e-11    0    5.15985e-12    0.00308507    0.00308507 
0.19949    5e-12    1.0156e-11    0    5.15601e-12    0.00308507    0.00308507 
0.199093    5e-12    1.01522e-11    0    5.15218e-12    0.00308507    0.00308507 
0.198697    5e-12    1.01484e-11    0    5.14837e-12    0.00308507    0.00308507 
0.198302    5e-12    1.01446e-11    0    5.14457e-12    0.00308507    0.00308507 
0.197909    5e-12    1.01408e-11    0    5.14078e-12    0.00308507    0.00308507 
0.197518    5e-12    1.0137e-11    0    5.137e-12    0.00308507    0.00308507 
0.197128    5e-12    1.01332e-11    0    5.13325e-12    0.00308507    0.00308507 
0.19674    5e-12    1.01295e-11    0    5.1295e-12    0.00308507    0.00308507 
0.196353    5e-12    1.01258e-11    0    5.12577e-12    0.00308507    0.00308507 
0.195968    5e-12    1.0122e-11    0    5.12205e-12    0.00308507    0.00308507 
0.195584    5e-12    1.01183e-11    0    5.11834e-12    0.00308507    0.00308507 
0.195202    5e-12    1.01147e-11    0    5.11465e-12    0.00308507    0.00308507 
0.194822    5e-12    1.0111e-11    0    5.11097e-12    0.00308507    0.00308507 
0.194442    5e-12    1.01073e-11    0    5.10731e-12    0.00308507    0.00308507 
0.194065    5e-12    1.01037e-11    0    5.10366e-12    0.00308507    0.00308507 
0.193688    5e-12    1.01e-11    0    5.10002e-12    0.00308507    0.00308507 
0.193314    5e-12    1.00964e-11    0    5.09639e-12    0.00308507    0.00308507 
0.19294    5e-12    1.00928e-11    0    5.09278e-12    0.00308507    0.00308507 
0.192568    5e-12    1.00892e-11    0    5.08918e-12    0.00308507    0.00308507 
0.192198    5e-12    1.00856e-11    0    5.08559e-12    0.00308507    0.00308507 
0.191829    5e-12    1.0082e-11    0    5.08202e-12    0.00308507    0.00308507 
0.191461    5e-12    1.00785e-11    0    5.07845e-12    0.00308507    0.00308507 
0.191095    5e-12    1.00749e-11    0    5.07491e-12    0.00308507    0.00308507 
0.19073    5e-12    1.00714e-11    0    5.07137e-12    0.00308507    0.00308507 
0.190367    5e-12    1.00678e-11    0    5.06784e-12    0.00308507    0.00308507 
0.190005    5e-12    1.00643e-11    0    5.06433e-12    0.00308507    0.00308507 
0.189644    5e-12    1.00608e-11    0    5.06083e-12    0.00308507    0.00308507 
0.189285    5e-12    1.00573e-11    0    5.05735e-12    0.00308507    0.00308507 
0.188927    5e-12    1.00539e-11    0    5.05387e-12    0.00308507    0.00308507 
0.18857    5e-12    1.00504e-11    0    5.05041e-12    0.00308507    0.00308507 
0.188215    5e-12    1.0047e-11    0    5.04696e-12    0.00308507    0.00308507 
0.187861    5e-12    1.00435e-11    0    5.04352e-12    0.00308507    0.00308507 
0.187508    5e-12    1.00401e-11    0    5.04009e-12    0.00308507    0.00308507 
0.187157    5e-12    1.00367e-11    0    5.03668e-12    0.00308507    0.00308507 
0.186807    5e-12    1.00333e-11    0    5.03328e-12    0.00308507    0.00308507 
0.186458    5e-12    1.00299e-11    0    5.02989e-12    0.00308507    0.00308507 
0.186111    5e-12    1.00265e-11    0    5.02651e-12    0.00308507    0.00308507 
0.185765    5e-12    1.00231e-11    0    5.02314e-12    0.00308507    0.00308507 
0.18542    5e-12    1.00198e-11    0    5.01978e-12    0.00308507    0.00308507 
0.185077    5e-12    1.00164e-11    0    5.01644e-12    0.00308507    0.00308507 
0.184734    5e-12    1.00131e-11    0    5.01311e-12    0.00308507    0.00308507 
0.184393    5e-12    1.00098e-11    0    5.00979e-12    0.00308507    0.00308507 
0.184054    5e-12    1.00065e-11    0    5.00648e-12    0.00308507    0.00308507 
0.183715    5e-12    1.00032e-11    0    5.00318e-12    0.00308507    0.00308507 
0.183378    5e-12    9.99989e-12    0    4.99989e-12    0.00308507    0.00308507 
0.183042    5e-12    9.99661e-12    0    4.99661e-12    0.00308507    0.00308507 
0.182707    5e-12    9.99335e-12    0    4.99335e-12    0.00308507    0.00308507 
0.182374    5e-12    9.99009e-12    0    4.99009e-12    0.00308507    0.00308507 
0.182041    5e-12    9.98685e-12    0    4.98685e-12    0.00308507    0.00308507 
0.18171    5e-12    9.98362e-12    0    4.98362e-12    0.00308507    0.00308507 
0.18138    5e-12    9.9804e-12    0    4.9804e-12    0.00308507    0.00308507 
0.181052    5e-12    9.97719e-12    0    4.97719e-12    0.00308507    0.00308507 
0.180724    5e-12    9.97399e-12    0    4.97399e-12    0.00308507    0.00308507 
0.180398    5e-12    9.9708e-12    0    4.9708e-12    0.00308507    0.00308507 
0.180072    5e-12    9.96762e-12    0    4.96762e-12    0.00308507    0.00308507 
0.179748    5e-12    9.96445e-12    0    4.96445e-12    0.00308507    0.00308507 
0.179426    5e-12    9.9613e-12    0    4.9613e-12    0.00308507    0.00308507 
0.179104    5e-12    9.95815e-12    0    4.95815e-12    0.00308507    0.00308507 
0.178783    5e-12    9.95501e-12    0    4.95501e-12    0.00308507    0.00308507 
0.178464    5e-12    9.95189e-12    0    4.95189e-12    0.00308507    0.00308507 
0.178146    5e-12    9.94877e-12    0    4.94877e-12    0.00308507    0.00308507 
0.177829    5e-12    9.94567e-12    0    4.94567e-12    0.00308507    0.00308507 
0.177513    5e-12    9.94258e-12    0    4.94258e-12    0.00308507    0.00308507 
0.177198    5e-12    9.93949e-12    0    4.93949e-12    0.00308507    0.00308507 
0.176884    5e-12    9.93642e-12    0    4.93642e-12    0.00308507    0.00308507 
0.176571    5e-12    9.93335e-12    0    4.93335e-12    0.00308507    0.00308507 
0.17626    5e-12    9.9303e-12    0    4.9303e-12    0.00308507    0.00308507 
0.175949    5e-12    9.92726e-12    0    4.92726e-12    0.00308507    0.00308507 
0.17564    5e-12    9.92422e-12    0    4.92422e-12    0.00308507    0.00308507 
0.175332    5e-12    9.9212e-12    0    4.9212e-12    0.00308507    0.00308507 
0.175025    5e-12    9.91819e-12    0    4.91819e-12    0.00308507    0.00308507 
0.174719    5e-12    9.91518e-12    0    4.91518e-12    0.00308507    0.00308507 
0.174414    5e-12    9.91219e-12    0    4.91219e-12    0.00308507    0.00308507 
0.17411    5e-12    9.9092e-12    0    4.9092e-12    0.00308507    0.00308507 
0.173807    5e-12    9.90623e-12    0    4.90623e-12    0.00308507    0.00308507 
0.173505    5e-12    9.90326e-12    0    4.90326e-12    0.00308507    0.00308507 
0.173204    5e-12    9.90031e-12    0    4.90031e-12    0.00308507    0.00308507 
0.172904    5e-12    9.89736e-12    0    4.89736e-12    0.00308507    0.00308507 
0.172605    5e-12    9.89442e-12    0    4.89442e-12    0.00308507    0.00308507 
0.172308    5e-12    9.8915e-12    0    4.8915e-12    0.00308507    0.00308507 
0.172011    5e-12    9.88858e-12    0    4.88858e-12    0.00308507    0.00308507 
0.171715    5e-12    9.88567e-12    0    4.88567e-12    0.00308507    0.00308507 
0.171421    5e-12    9.88277e-12    0    4.88277e-12    0.00308507    0.00308507 
0.171127    5e-12    9.87988e-12    0    4.87988e-12    0.00308507    0.00308507 
0.170834    5e-12    9.877e-12    0    4.877e-12    0.00308507    0.00308507 
0.170543    5e-12    9.87413e-12    0    4.87413e-12    0.00308507    0.00308507 
0.170252    5e-12    9.87127e-12    0    4.87127e-12    0.00308507    0.00308507 
0.169963    5e-12    9.86842e-12    0    4.86842e-12    0.00308507    0.00308507 
0.169674    5e-12    9.86557e-12    0    4.86557e-12    0.00308507    0.00308507 
0.169386    5e-12    9.86274e-12    0    4.86274e-12    0.00308507    0.00308507 
0.169099    5e-12    9.85991e-12    0    4.85991e-12    0.00308507    0.00308507 
0.168814    5e-12    9.85709e-12    0    4.85709e-12    0.00308507    0.00308507 
0.168529    5e-12    9.85429e-12    0    4.85429e-12    0.00308507    0.00308507 
0.168245    5e-12    9.85149e-12    0    4.85149e-12    0.00308507    0.00308507 
0.167962    5e-12    9.8487e-12    0    4.8487e-12    0.00308507    0.00308507 
0.16768    5e-12    9.84591e-12    0    4.84591e-12    0.00308507    0.00308507 
0.167399    5e-12    9.84314e-12    0    4.84314e-12    0.00308507    0.00308507 
0.167119    5e-12    9.84038e-12    0    4.84038e-12    0.00308507    0.00308507 
0.16684    5e-12    9.83762e-12    0    4.83762e-12    0.00308507    0.00308507 
0.166562    5e-12    9.83487e-12    0    4.83487e-12    0.00308507    0.00308507 
0.166285    5e-12    9.83214e-12    0    4.83214e-12    0.00308507    0.00308507 
0.166008    5e-12    9.82941e-12    0    4.82941e-12    0.00308507    0.00308507 
0.165733    5e-12    9.82668e-12    0    4.82668e-12    0.00308507    0.00308507 
0.165459    5e-12    9.82397e-12    0    4.82397e-12    0.00308507    0.00308507 
0.165185    5e-12    9.82127e-12    0    4.82127e-12    0.00308507    0.00308507 
0.164912    5e-12    9.81857e-12    0    4.81857e-12    0.00308507    0.00308507 
0.16464    5e-12    9.81588e-12    0    4.81588e-12    0.00308507    0.00308507 
0.16437    5e-12    9.8132e-12    0    4.8132e-12    0.00308507    0.00308507 
0.1641    5e-12    9.81053e-12    0    4.81053e-12    0.00308507    0.00308507 
0.16383    5e-12    9.80787e-12    0    4.80787e-12    0.00308507    0.00308507 
0.163562    5e-12    9.80521e-12    0    4.80521e-12    0.00308507    0.00308507 
0.163295    5e-12    9.80257e-12    0    4.80257e-12    0.00308507    0.00308507 
0.163028    5e-12    9.79993e-12    0    4.79993e-12    0.00308507    0.00308507 
0.162763    5e-12    9.7973e-12    0    4.7973e-12    0.00308507    0.00308507 
0.162498    5e-12    9.79468e-12    0    4.79468e-12    0.00308507    0.00308507 
0.162234    5e-12    9.79206e-12    0    4.79206e-12    0.00308507    0.00308507 
0.161971    5e-12    9.78945e-12    0    4.78945e-12    0.00308507    0.00308507 
0.161709    5e-12    9.78686e-12    0    4.78686e-12    0.00308507    0.00308507 
0.161448    5e-12    9.78426e-12    0    4.78426e-12    0.00308507    0.00308507 
0.161187    5e-12    9.78168e-12    0    4.78168e-12    0.00308507    0.00308507 
0.160927    5e-12    9.77911e-12    0    4.77911e-12    0.00308507    0.00308507 
0.160669    5e-12    9.77654e-12    0    4.77654e-12    0.00308507    0.00308507 
0.160411    5e-12    9.77398e-12    0    4.77398e-12    0.00308507    0.00308507 
0.160153    5e-12    9.77143e-12    0    4.77143e-12    0.00308507    0.00308507 
0.159897    5e-12    9.76888e-12    0    4.76888e-12    0.00308507    0.00308507 
0.159642    5e-12    9.76635e-12    0    4.76635e-12    0.00308507    0.00308507 
0.159387    5e-12    9.76382e-12    0    4.76382e-12    0.00308507    0.00308507 
0.159133    5e-12    9.7613e-12    0    4.7613e-12    0.00308507    0.00308507 
0.15888    5e-12    9.75878e-12    0    4.75878e-12    0.00308507    0.00308507 
0.158628    5e-12    9.75628e-12    0    4.75628e-12    0.00308507    0.00308507 
0.158376    5e-12    9.75378e-12    0    4.75378e-12    0.00308507    0.00308507 
0.158126    5e-12    9.75129e-12    0    4.75129e-12    0.00308507    0.00308507 
0.157876    5e-12    9.7488e-12    0    4.7488e-12    0.00308507    0.00308507 
0.157627    5e-12    9.74633e-12    0    4.74633e-12    0.00308507    0.00308507 
0.157378    5e-12    9.74386e-12    0    4.74386e-12    0.00308507    0.00308507 
0.157131    5e-12    9.74139e-12    0    4.74139e-12    0.00308507    0.00308507 
0.156884    5e-12    9.73894e-12    0    4.73894e-12    0.00308507    0.00308507 
0.156638    5e-12    9.73649e-12    0    4.73649e-12    0.00308507    0.00308507 
0.156393    5e-12    9.73405e-12    0    4.73405e-12    0.00308507    0.00308507 
0.156148    5e-12    9.73162e-12    0    4.73162e-12    0.00308507    0.00308507 
0.155905    5e-12    9.72919e-12    0    4.72919e-12    0.00308507    0.00308507 
0.155662    5e-12    9.72677e-12    0    4.72677e-12    0.00308507    0.00308507 
0.155419    5e-12    9.72436e-12    0    4.72436e-12    0.00308507    0.00308507 
0.155178    5e-12    9.72196e-12    0    4.72196e-12    0.00308507    0.00308507 
0.154937    5e-12    9.71956e-12    0    4.71956e-12    0.00308507    0.00308507 
0.154697    5e-12    9.71717e-12    0    4.71717e-12    0.00308507    0.00308507 
0.154458    5e-12    9.71479e-12    0    4.71479e-12    0.00308507    0.00308507 
0.15422    5e-12    9.71241e-12    0    4.71241e-12    0.00308507    0.00308507 
0.153982    5e-12    9.71004e-12    0    4.71004e-12    0.00308507    0.00308507 
0.153745    5e-12    9.70768e-12    0    4.70768e-12    0.00308507    0.00308507 
0.153509    5e-12    9.70532e-12    0    4.70532e-12    0.00308507    0.00308507 
0.153273    5e-12    9.70297e-12    0    4.70297e-12    0.00308507    0.00308507 
0.153039    5e-12    9.70063e-12    0    4.70063e-12    0.00308507    0.00308507 
0.152804    5e-12    9.69829e-12    0    4.69829e-12    0.00308507    0.00308507 
0.152571    5e-12    9.69597e-12    0    4.69597e-12    0.00308507    0.00308507 
0.152338    5e-12    9.69364e-12    0    4.69364e-12    0.00308507    0.00308507 
0.152107    5e-12    9.69133e-12    0    4.69133e-12    0.00308507    0.00308507 
0.151875    5e-12    9.68902e-12    0    4.68902e-12    0.00308507    0.00308507 
0.151645    5e-12    9.68672e-12    0    4.68672e-12    0.00308507    0.00308507 
0.151415    5e-12    9.68442e-12    0    4.68442e-12    0.00308507    0.00308507 
0.151186    5e-12    9.68213e-12    0    4.68213e-12    0.00308507    0.00308507 
0.150957    5e-12    9.67985e-12    0    4.67985e-12    0.00308507    0.00308507 
0.15073    5e-12    9.67757e-12    0    4.67757e-12    0.00308507    0.00308507 
0.150502    5e-12    9.6753e-12    0    4.6753e-12    0.00308507    0.00308507 
0.150276    5e-12    9.67304e-12    0    4.67304e-12    0.00308507    0.00308507 
0.15005    5e-12    9.67078e-12    0    4.67078e-12    0.00308507    0.00308507 
0.149825    5e-12    9.66853e-12    0    4.66853e-12    0.00308507    0.00308507 
0.149601    5e-12    9.66629e-12    0    4.66629e-12    0.00308507    0.00308507 
0.149377    5e-12    9.66405e-12    0    4.66405e-12    0.00308507    0.00308507 
0.149154    5e-12    9.66182e-12    0    4.66182e-12    0.00308507    0.00308507 
0.148932    5e-12    9.6596e-12    0    4.6596e-12    0.00308507    0.00308507 
0.14871    5e-12    9.65738e-12    0    4.65738e-12    0.00308507    0.00308507 
0.148489    5e-12    9.65517e-12    0    4.65517e-12    0.00308507    0.00308507 
0.148269    5e-12    9.65296e-12    0    4.65296e-12    0.00308507    0.00308507 
0.148049    5e-12    9.65076e-12    0    4.65076e-12    0.00308507    0.00308507 
0.14783    5e-12    9.64857e-12    0    4.64857e-12    0.00308507    0.00308507 
0.147611    5e-12    9.64638e-12    0    4.64638e-12    0.00308507    0.00308507 
0.147394    5e-12    9.6442e-12    0    4.6442e-12    0.00308507    0.00308507 
0.147177    5e-12    9.64202e-12    0    4.64202e-12    0.00308507    0.00308507 
0.14696    5e-12    9.63985e-12    0    4.63985e-12    0.00308507    0.00308507 
0.146744    5e-12    9.63769e-12    0    4.63769e-12    0.00308507    0.00308507 
0.146529    5e-12    9.63553e-12    0    4.63553e-12    0.00308507    0.00308507 
0.146314    5e-12    9.63338e-12    0    4.63338e-12    0.00308507    0.00308507 
0.1461    5e-12    9.63123e-12    0    4.63123e-12    0.00308507    0.00308507 
0.145887    5e-12    9.6291e-12    0    4.6291e-12    0.00308507    0.00308507 
0.145674    5e-12    9.62696e-12    0    4.62696e-12    0.00308507    0.00308507 
0.145462    5e-12    9.62483e-12    0    4.62483e-12    0.00308507    0.00308507 
0.145251    5e-12    9.62271e-12    0    4.62271e-12    0.00308507    0.00308507 
0.14504    5e-12    9.6206e-12    0    4.6206e-12    0.00308507    0.00308507 
0.14483    5e-12    9.61849e-12    0    4.61849e-12    0.00308507    0.00308507 
0.14462    5e-12    9.61638e-12    0    4.61638e-12    0.00308507    0.00308507 
0.144411    5e-12    9.61428e-12    0    4.61428e-12    0.00308507    0.00308507 
0.144202    5e-12    9.61219e-12    0    4.61219e-12    0.00308507    0.00308507 
0.143994    5e-12    9.6101e-12    0    4.6101e-12    0.00308507    0.00308507 
0.143787    5e-12    9.60802e-12    0    4.60802e-12    0.00308507    0.00308507 
0.143581    5e-12    9.60595e-12    0    4.60595e-12    0.00308507    0.00308507 
0.143375    5e-12    9.60388e-12    0    4.60388e-12    0.00308507    0.00308507 
0.143169    5e-12    9.60181e-12    0    4.60181e-12    0.00308507    0.00308507 
0.142964    5e-12    9.59975e-12    0    4.59975e-12    0.00308507    0.00308507 
0.14276    5e-12    9.5977e-12    0    4.5977e-12    0.00308507    0.00308507 
0.142556    5e-12    9.59565e-12    0    4.59565e-12    0.00308507    0.00308507 
0.142353    5e-12    9.59361e-12    0    4.59361e-12    0.00308507    0.00308507 
0.14215    5e-12    9.59158e-12    0    4.59158e-12    0.00308507    0.00308507 
0.141948    5e-12    9.58954e-12    0    4.58954e-12    0.00308507    0.00308507 
0.141747    5e-12    9.58752e-12    0    4.58752e-12    0.00308507    0.00308507 
0.141546    5e-12    9.5855e-12    0    4.5855e-12    0.00308507    0.00308507 
0.141346    5e-12    9.58348e-12    0    4.58348e-12    0.00308507    0.00308507 
0.141146    5e-12    9.58147e-12    0    4.58147e-12    0.00308507    0.00308507 
0.140947    5e-12    9.57947e-12    0    4.57947e-12    0.00308507    0.00308507 
0.140749    5e-12    9.57747e-12    0    4.57747e-12    0.00308507    0.00308507 
0.140551    5e-12    9.57548e-12    0    4.57548e-12    0.00308507    0.00308507 
0.140353    5e-12    9.57349e-12    0    4.57349e-12    0.00308507    0.00308507 
0.140156    5e-12    9.57151e-12    0    4.57151e-12    0.00308507    0.00308507 
0.13996    5e-12    9.56953e-12    0    4.56953e-12    0.00308507    0.00308507 
0.139764    5e-12    9.56756e-12    0    4.56756e-12    0.00308507    0.00308507 
0.139569    5e-12    9.56559e-12    0    4.56559e-12    0.00308507    0.00308507 
0.139374    5e-12    9.56363e-12    0    4.56363e-12    0.00308507    0.00308507 
0.13918    5e-12    9.56168e-12    0    4.56168e-12    0.00308507    0.00308507 
0.138986    5e-12    9.55973e-12    0    4.55973e-12    0.00308507    0.00308507 
0.138793    5e-12    9.55778e-12    0    4.55778e-12    0.00308507    0.00308507 
0.138601    5e-12    9.55584e-12    0    4.55584e-12    0.00308507    0.00308507 
0.138408    5e-12    9.5539e-12    0    4.5539e-12    0.00308507    0.00308507 
0.138217    5e-12    9.55197e-12    0    4.55197e-12    0.00308507    0.00308507 
0.138026    5e-12    9.55005e-12    0    4.55005e-12    0.00308507    0.00308507 
0.137836    5e-12    9.54813e-12    0    4.54813e-12    0.00308507    0.00308507 
0.137646    5e-12    9.54621e-12    0    4.54621e-12    0.00308507    0.00308507 
0.137456    5e-12    9.5443e-12    0    4.5443e-12    0.00308507    0.00308507 
0.137267    5e-12    9.5424e-12    0    4.5424e-12    0.00308507    0.00308507 
0.137079    5e-12    9.5405e-12    0    4.5405e-12    0.00308507    0.00308507 
0.136891    5e-12    9.5386e-12    0    4.5386e-12    0.00308507    0.00308507 
0.136704    5e-12    9.53671e-12    0    4.53671e-12    0.00308507    0.00308507 
0.136517    5e-12    9.53483e-12    0    4.53483e-12    0.00308507    0.00308507 
0.136331    5e-12    9.53295e-12    0    4.53295e-12    0.00308507    0.00308507 
0.136145    5e-12    9.53107e-12    0    4.53107e-12    0.00308507    0.00308507 
0.13596    5e-12    9.5292e-12    0    4.5292e-12    0.00308507    0.00308507 
0.135775    5e-12    9.52733e-12    0    4.52733e-12    0.00308507    0.00308507 
0.135591    5e-12    9.52547e-12    0    4.52547e-12    0.00308507    0.00308507 
0.135407    5e-12    9.52362e-12    0    4.52362e-12    0.00308507    0.00308507 
0.135224    5e-12    9.52177e-12    0    4.52177e-12    0.00308507    0.00308507 
0.135041    5e-12    9.51992e-12    0    4.51992e-12    0.00308507    0.00308507 
0.134858    5e-12    9.51808e-12    0    4.51808e-12    0.00308507    0.00308507 
0.134677    5e-12    9.51624e-12    0    4.51624e-12    0.00308507    0.00308507 
0.134495    5e-12    9.51441e-12    0    4.51441e-12    0.00308507    0.00308507 
0.134315    5e-12    9.51258e-12    0    4.51258e-12    0.00308507    0.00308507 
0.134134    5e-12    9.51076e-12    0    4.51076e-12    0.00308507    0.00308507 
0.133954    5e-12    9.50894e-12    0    4.50894e-12    0.00308507    0.00308507 
0.133775    5e-12    9.50713e-12    0    4.50713e-12    0.00308507    0.00308507 
0.133596    5e-12    9.50532e-12    0    4.50532e-12    0.00308507    0.00308507 
0.133418    5e-12    9.50351e-12    0    4.50351e-12    0.00308507    0.00308507 
0.13324    5e-12    9.50171e-12    0    4.50171e-12    0.00308507    0.00308507 
0.133062    5e-12    9.49992e-12    0    4.49992e-12    0.00308507    0.00308507 
0.132885    5e-12    9.49813e-12    0    4.49813e-12    0.00308507    0.00308507 
0.132709    5e-12    9.49634e-12    0    4.49634e-12    0.00308507    0.00308507 
0.132533    5e-12    9.49456e-12    0    4.49456e-12    0.00308507    0.00308507 
0.132357    5e-12    9.49278e-12    0    4.49278e-12    0.00308507    0.00308507 
0.132182    5e-12    9.49101e-12    0    4.49101e-12    0.00308507    0.00308507 
0.132007    5e-12    9.48924e-12    0    4.48924e-12    0.00308507    0.00308507 
0.131833    5e-12    9.48748e-12    0    4.48748e-12    0.00308507    0.00308507 
0.131659    5e-12    9.48572e-12    0    4.48572e-12    0.00308507    0.00308507 
0.131486    5e-12    9.48397e-12    0    4.48397e-12    0.00308507    0.00308507 
0.131313    5e-12    9.48222e-12    0    4.48222e-12    0.00308507    0.00308507 
0.131141    5e-12    9.48047e-12    0    4.48047e-12    0.00308507    0.00308507 
0.130969    5e-12    9.47873e-12    0    4.47873e-12    0.00308507    0.00308507 
0.130797    5e-12    9.47699e-12    0    4.47699e-12    0.00308507    0.00308507 
0.130626    5e-12    9.47526e-12    0    4.47526e-12    0.00308507    0.00308507 
0.130456    5e-12    9.47353e-12    0    4.47353e-12    0.00308507    0.00308507 
0.130286    5e-12    9.47181e-12    0    4.47181e-12    0.00308507    0.00308507 
0.130116    5e-12    9.47009e-12    0    4.47009e-12    0.00308507    0.00308507 
0.129947    5e-12    9.46837e-12    0    4.46837e-12    0.00308507    0.00308507 
0.129778    5e-12    9.46666e-12    0    4.46666e-12    0.00308507    0.00308507 
0.12961    5e-12    9.46496e-12    0    4.46496e-12    0.00308507    0.00308507 
0.129442    5e-12    9.46325e-12    0    4.46325e-12    0.00308507    0.00308507 
0.129274    5e-12    9.46156e-12    0    4.46156e-12    0.00308507    0.00308507 
0.129107    5e-12    9.45986e-12    0    4.45986e-12    0.00308507    0.00308507 
0.12894    5e-12    9.45817e-12    0    4.45817e-12    0.00308507    0.00308507 
0.128774    5e-12    9.45649e-12    0    4.45649e-12    0.00308507    0.00308507 
0.128608    5e-12    9.45481e-12    0    4.45481e-12    0.00308507    0.00308507 
0.128443    5e-12    9.45313e-12    0    4.45313e-12    0.00308507    0.00308507 
0.128278    5e-12    9.45146e-12    0    4.45146e-12    0.00308507    0.00308507 
0.128114    5e-12    9.44979e-12    0    4.44979e-12    0.00308507    0.00308507 
0.12795    5e-12    9.44812e-12    0    4.44812e-12    0.00308507    0.00308507 
0.127786    5e-12    9.44646e-12    0    4.44646e-12    0.00308507    0.00308507 
0.127623    5e-12    9.4448e-12    0    4.4448e-12    0.00308507    0.00308507 
0.12746    5e-12    9.44315e-12    0    4.44315e-12    0.00308507    0.00308507 
0.127297    5e-12    9.4415e-12    0    4.4415e-12    0.00308507    0.00308507 
0.127135    5e-12    9.43986e-12    0    4.43986e-12    0.00308507    0.00308507 
0.126974    5e-12    9.43822e-12    0    4.43822e-12    0.00308507    0.00308507 
0.126813    5e-12    9.43658e-12    0    4.43658e-12    0.00308507    0.00308507 
0.126652    5e-12    9.43495e-12    0    4.43495e-12    0.00308507    0.00308507 
0.126491    5e-12    9.43332e-12    0    4.43332e-12    0.00308507    0.00308507 
0.126332    5e-12    9.4317e-12    0    4.4317e-12    0.00308507    0.00308507 
0.126172    5e-12    9.43007e-12    0    4.43007e-12    0.00308507    0.00308507 
0.126013    5e-12    9.42846e-12    0    4.42846e-12    0.00308507    0.00308507 
0.125854    5e-12    9.42685e-12    0    4.42685e-12    0.00308507    0.00308507 
0.125696    5e-12    9.42524e-12    0    4.42524e-12    0.00308507    0.00308507 
0.125538    5e-12    9.42363e-12    0    4.42363e-12    0.00308507    0.00308507 
0.12538    5e-12    9.42203e-12    0    4.42203e-12    0.00308507    0.00308507 
0.125223    5e-12    9.42043e-12    0    4.42043e-12    0.00308507    0.00308507 
0.125066    5e-12    9.41884e-12    0    4.41884e-12    0.00308507    0.00308507 
0.12491    5e-12    9.41725e-12    0    4.41725e-12    0.00308507    0.00308507 
0.124754    5e-12    9.41566e-12    0    4.41566e-12    0.00308507    0.00308507 
0.124598    5e-12    9.41408e-12    0    4.41408e-12    0.00308507    0.00308507 
0.124443    5e-12    9.4125e-12    0    4.4125e-12    0.00308507    0.00308507 
0.124288    5e-12    9.41093e-12    0    4.41093e-12    0.00308507    0.00308507 
0.124134    5e-12    9.40936e-12    0    4.40936e-12    0.00308507    0.00308507 
0.12398    5e-12    9.40779e-12    0    4.40779e-12    0.00308507    0.00308507 
0.123826    5e-12    9.40623e-12    0    4.40623e-12    0.00308507    0.00308507 
0.123673    5e-12    9.40467e-12    0    4.40467e-12    0.00308507    0.00308507 
0.12352    5e-12    9.40312e-12    0    4.40312e-12    0.00308507    0.00308507 
0.123367    5e-12    9.40156e-12    0    4.40156e-12    0.00308507    0.00308507 
0.123215    5e-12    9.40002e-12    0    4.40002e-12    0.00308507    0.00308507 
0.123063    5e-12    9.39847e-12    0    4.39847e-12    0.00308507    0.00308507 
0.122912    5e-12    9.39693e-12    0    4.39693e-12    0.00308507    0.00308507 
0.122761    5e-12    9.39539e-12    0    4.39539e-12    0.00308507    0.00308507 
0.12261    5e-12    9.39386e-12    0    4.39386e-12    0.00308507    0.00308507 
0.12246    5e-12    9.39233e-12    0    4.39233e-12    0.00308507    0.00308507 
0.12231    5e-12    9.3908e-12    0    4.3908e-12    0.00308507    0.00308507 
0.122161    5e-12    9.38928e-12    0    4.38928e-12    0.00308507    0.00308507 
0.122011    5e-12    9.38776e-12    0    4.38776e-12    0.00308507    0.00308507 
0.121862    5e-12    9.38625e-12    0    4.38625e-12    0.00308507    0.00308507 
0.121714    5e-12    9.38473e-12    0    4.38473e-12    0.00308507    0.00308507 
0.121566    5e-12    9.38323e-12    0    4.38323e-12    0.00308507    0.00308507 
0.121418    5e-12    9.38172e-12    0    4.38172e-12    0.00308507    0.00308507 
0.121271    5e-12    9.38022e-12    0    4.38022e-12    0.00308507    0.00308507 
0.121124    5e-12    9.37872e-12    0    4.37872e-12    0.00308507    0.00308507 
0.120977    5e-12    9.37723e-12    0    4.37723e-12    0.00308507    0.00308507 
0.120831    5e-12    9.37574e-12    0    4.37574e-12    0.00308507    0.00308507 
0.120685    5e-12    9.37425e-12    0    4.37425e-12    0.00308507    0.00308507 
0.120539    5e-12    9.37277e-12    0    4.37277e-12    0.00308507    0.00308507 
0.120394    5e-12    9.37129e-12    0    4.37129e-12    0.00308507    0.00308507 
0.120249    5e-12    9.36981e-12    0    4.36981e-12    0.00308507    0.00308507 
0.120104    5e-12    9.36834e-12    0    4.36834e-12    0.00308507    0.00308507 
0.11996    5e-12    9.36687e-12    0    4.36687e-12    0.00308507    0.00308507 
0.119816    5e-12    9.3654e-12    0    4.3654e-12    0.00308507    0.00308507 
0.119673    5e-12    9.36394e-12    0    4.36394e-12    0.00308507    0.00308507 
0.11953    5e-12    9.36248e-12    0    4.36248e-12    0.00308507    0.00308507 
0.119387    5e-12    9.36102e-12    0    4.36102e-12    0.00308507    0.00308507 
0.119244    5e-12    9.35957e-12    0    4.35957e-12    0.00308507    0.00308507 
0.119102    5e-12    9.35812e-12    0    4.35812e-12    0.00308507    0.00308507 
0.11896    5e-12    9.35667e-12    0    4.35667e-12    0.00308507    0.00308507 
0.118819    5e-12    9.35523e-12    0    4.35523e-12    0.00308507    0.00308507 
0.118678    5e-12    9.35379e-12    0    4.35379e-12    0.00308507    0.00308507 
0.118537    5e-12    9.35235e-12    0    4.35235e-12    0.00308507    0.00308507 
0.118396    5e-12    9.35092e-12    0    4.35092e-12    0.00308507    0.00308507 
0.118256    5e-12    9.34949e-12    0    4.34949e-12    0.00308507    0.00308507 
0.118116    5e-12    9.34806e-12    0    4.34806e-12    0.00308507    0.00308507 
0.117977    5e-12    9.34664e-12    0    4.34664e-12    0.00308507    0.00308507 
0.117838    5e-12    9.34522e-12    0    4.34522e-12    0.00308507    0.00308507 
0.117699    5e-12    9.3438e-12    0    4.3438e-12    0.00308507    0.00308507 
0.11756    5e-12    9.34239e-12    0    4.34239e-12    0.00308507    0.00308507 
0.117422    5e-12    9.34098e-12    0    4.34098e-12    0.00308507    0.00308507 
0.117284    5e-12    9.33957e-12    0    4.33957e-12    0.00308507    0.00308507 
0.117147    5e-12    9.33817e-12    0    4.33817e-12    0.00308507    0.00308507 
0.11701    5e-12    9.33677e-12    0    4.33677e-12    0.00308507    0.00308507 
0.116873    5e-12    9.33537e-12    0    4.33537e-12    0.00308507    0.00308507 
0.116736    5e-12    9.33398e-12    0    4.33398e-12    0.00308507    0.00308507 
0.1166    5e-12    9.33259e-12    0    4.33259e-12    0.00308507    0.00308507 
0.116464    5e-12    9.3312e-12    0    4.3312e-12    0.00308507    0.00308507 
0.116328    5e-12    9.32981e-12    0    4.32981e-12    0.00308507    0.00308507 
0.116193    5e-12    9.32843e-12    0    4.32843e-12    0.00308507    0.00308507 
0.116058    5e-12    9.32705e-12    0    4.32705e-12    0.00308507    0.00308507 
0.115923    5e-12    9.32568e-12    0    4.32568e-12    0.00308507    0.00308507 
0.115789    5e-12    9.3243e-12    0    4.3243e-12    0.00308507    0.00308507 
0.115655    5e-12    9.32294e-12    0    4.32294e-12    0.00308507    0.00308507 
0.115521    5e-12    9.32157e-12    0    4.32157e-12    0.00308507    0.00308507 
0.115388    5e-12    9.32021e-12    0    4.32021e-12    0.00308507    0.00308507 
0.115255    5e-12    9.31885e-12    0    4.31885e-12    0.00308507    0.00308507 
0.115122    5e-12    9.31749e-12    0    4.31749e-12    0.00308507    0.00308507 
0.114989    5e-12    9.31614e-12    0    4.31614e-12    0.00308507    0.00308507 
0.114857    5e-12    9.31478e-12    0    4.31478e-12    0.00308507    0.00308507 
0.114725    5e-12    9.31344e-12    0    4.31344e-12    0.00308507    0.00308507 
0.114594    5e-12    9.31209e-12    0    4.31209e-12    0.00308507    0.00308507 
0.114462    5e-12    9.31075e-12    0    4.31075e-12    0.00308507    0.00308507 
0.114331    5e-12    9.30941e-12    0    4.30941e-12    0.00308507    0.00308507 
0.114201    5e-12    9.30807e-12    0    4.30807e-12    0.00308507    0.00308507 
0.11407    5e-12    9.30674e-12    0    4.30674e-12    0.00308507    0.00308507 
0.11394    5e-12    9.30541e-12    0    4.30541e-12    0.00308507    0.00308507 
0.11381    5e-12    9.30408e-12    0    4.30408e-12    0.00308507    0.00308507 
0.113681    5e-12    9.30276e-12    0    4.30276e-12    0.00308507    0.00308507 
0.113552    5e-12    9.30144e-12    0    4.30144e-12    0.00308507    0.00308507 
0.113423    5e-12    9.30012e-12    0    4.30012e-12    0.00308507    0.00308507 
0.113294    5e-12    9.29881e-12    0    4.29881e-12    0.00308507    0.00308507 
0.113166    5e-12    9.29749e-12    0    4.29749e-12    0.00308507    0.00308507 
0.113038    5e-12    9.29618e-12    0    4.29618e-12    0.00308507    0.00308507 
0.11291    5e-12    9.29488e-12    0    4.29488e-12    0.00308507    0.00308507 
0.112782    5e-12    9.29357e-12    0    4.29357e-12    0.00308507    0.00308507 
0.112655    5e-12    9.29227e-12    0    4.29227e-12    0.00308507    0.00308507 
0.112528    5e-12    9.29097e-12    0    4.29097e-12    0.00308507    0.00308507 
0.112402    5e-12    9.28968e-12    0    4.28968e-12    0.00308507    0.00308507 
0.112275    5e-12    9.28839e-12    0    4.28839e-12    0.00308507    0.00308507 
0.112149    5e-12    9.2871e-12    0    4.2871e-12    0.00308507    0.00308507 
0.112024    5e-12    9.28581e-12    0    4.28581e-12    0.00308507    0.00308507 
0.111898    5e-12    9.28453e-12    0    4.28453e-12    0.00308507    0.00308507 
0.111773    5e-12    9.28325e-12    0    4.28325e-12    0.00308507    0.00308507 
0.111648    5e-12    9.28197e-12    0    4.28197e-12    0.00308507    0.00308507 
0.111523    5e-12    9.28069e-12    0    4.28069e-12    0.00308507    0.00308507 
0.111399    5e-12    9.27942e-12    0    4.27942e-12    0.00308507    0.00308507 
0.111275    5e-12    9.27815e-12    0    4.27815e-12    0.00308507    0.00308507 
0.111151    5e-12    9.27688e-12    0    4.27688e-12    0.00308507    0.00308507 
0.111028    5e-12    9.27562e-12    0    4.27562e-12    0.00308507    0.00308507 
0.110904    5e-12    9.27436e-12    0    4.27436e-12    0.00308507    0.00308507 
0.110781    5e-12    9.2731e-12    0    4.2731e-12    0.00308507    0.00308507 
0.110659    5e-12    9.27184e-12    0    4.27184e-12    0.00308507    0.00308507 
0.110536    5e-12    9.27059e-12    0    4.27059e-12    0.00308507    0.00308507 
0.110414    5e-12    9.26934e-12    0    4.26934e-12    0.00308507    0.00308507 
0.110292    5e-12    9.26809e-12    0    4.26809e-12    0.00308507    0.00308507 
0.11017    5e-12    9.26684e-12    0    4.26684e-12    0.00308507    0.00308507 
0.110049    5e-12    9.2656e-12    0    4.2656e-12    0.00308507    0.00308507 
0.109928    5e-12    9.26436e-12    0    4.26436e-12    0.00308507    0.00308507 
0.109807    5e-12    9.26312e-12    0    4.26312e-12    0.00308507    0.00308507 
0.109687    5e-12    9.26189e-12    0    4.26189e-12    0.00308507    0.00308507 
0.109566    5e-12    9.26066e-12    0    4.26066e-12    0.00308507    0.00308507 
0.109446    5e-12    9.25943e-12    0    4.25943e-12    0.00308507    0.00308507 
0.109327    5e-12    9.2582e-12    0    4.2582e-12    0.00308507    0.00308507 
0.109207    5e-12    9.25697e-12    0    4.25697e-12    0.00308507    0.00308507 
0.109088    5e-12    9.25575e-12    0    4.25575e-12    0.00308507    0.00308507 
0.108969    5e-12    9.25453e-12    0    4.25453e-12    0.00308507    0.00308507 
0.10885    5e-12    9.25332e-12    0    4.25332e-12    0.00308507    0.00308507 
0.108732    5e-12    9.2521e-12    0    4.2521e-12    0.00308507    0.00308507 
0.108613    5e-12    9.25089e-12    0    4.25089e-12    0.00308507    0.00308507 
0.108495    5e-12    9.24968e-12    0    4.24968e-12    0.00308507    0.00308507 
0.108378    5e-12    9.24848e-12    0    4.24848e-12    0.00308507    0.00308507 
0.10826    5e-12    9.24727e-12    0    4.24727e-12    0.00308507    0.00308507 
0.108143    5e-12    9.24607e-12    0    4.24607e-12    0.00308507    0.00308507 
0.108026    5e-12    9.24488e-12    0    4.24488e-12    0.00308507    0.00308507 
0.107909    5e-12    9.24368e-12    0    4.24368e-12    0.00308507    0.00308507 
0.107793    5e-12    9.24249e-12    0    4.24249e-12    0.00308507    0.00308507 
0.107677    5e-12    9.24129e-12    0    4.24129e-12    0.00308507    0.00308507 
0.107561    5e-12    9.24011e-12    0    4.24011e-12    0.00308507    0.00308507 
0.107445    5e-12    9.23892e-12    0    4.23892e-12    0.00308507    0.00308507 
0.10733    5e-12    9.23774e-12    0    4.23774e-12    0.00308507    0.00308507 
0.107215    5e-12    9.23656e-12    0    4.23656e-12    0.00308507    0.00308507 
0.1071    5e-12    9.23538e-12    0    4.23538e-12    0.00308507    0.00308507 
0.106985    5e-12    9.2342e-12    0    4.2342e-12    0.00308507    0.00308507 
0.10687    5e-12    9.23303e-12    0    4.23303e-12    0.00308507    0.00308507 
0.106756    5e-12    9.23186e-12    0    4.23186e-12    0.00308507    0.00308507 
0.106642    5e-12    9.23069e-12    0    4.23069e-12    0.00308507    0.00308507 
0.106529    5e-12    9.22952e-12    0    4.22952e-12    0.00308507    0.00308507 
0.106415    5e-12    9.22836e-12    0    4.22836e-12    0.00308507    0.00308507 
0.106302    5e-12    9.2272e-12    0    4.2272e-12    0.00308507    0.00308507 
0.106189    5e-12    9.22604e-12    0    4.22604e-12    0.00308507    0.00308507 
0.106076    5e-12    9.22488e-12    0    4.22488e-12    0.00308507    0.00308507 
0.105964    5e-12    9.22373e-12    0    4.22373e-12    0.00308507    0.00308507 
0.105851    5e-12    9.22258e-12    0    4.22258e-12    0.00308507    0.00308507 
0.105739    5e-12    9.22143e-12    0    4.22143e-12    0.00308507    0.00308507 
0.105628    5e-12    9.22028e-12    0    4.22028e-12    0.00308507    0.00308507 
0.105516    5e-12    9.21914e-12    0    4.21914e-12    0.00308507    0.00308507 
0.105405    5e-12    9.218e-12    0    4.218e-12    0.00308507    0.00308507 
0.105294    5e-12    9.21686e-12    0    4.21686e-12    0.00308507    0.00308507 
0.105183    5e-12    9.21572e-12    0    4.21572e-12    0.00308507    0.00308507 
0.105072    5e-12    9.21458e-12    0    4.21458e-12    0.00308507    0.00308507 
0.104962    5e-12    9.21345e-12    0    4.21345e-12    0.00308507    0.00308507 
0.104851    5e-12    9.21232e-12    0    4.21232e-12    0.00308507    0.00308507 
0.104742    5e-12    9.21119e-12    0    4.21119e-12    0.00308507    0.00308507 
0.104632    5e-12    9.21007e-12    0    4.21007e-12    0.00308507    0.00308507 
0.104522    5e-12    9.20894e-12    0    4.20894e-12    0.00308507    0.00308507 
0.104413    5e-12    9.20782e-12    0    4.20782e-12    0.00308507    0.00308507 
0.104304    5e-12    9.2067e-12    0    4.2067e-12    0.00308507    0.00308507 
0.104195    5e-12    9.20559e-12    0    4.20559e-12    0.00308507    0.00308507 
0.104087    5e-12    9.20447e-12    0    4.20447e-12    0.00308507    0.00308507 
0.103978    5e-12    9.20336e-12    0    4.20336e-12    0.00308507    0.00308507 
0.10387    5e-12    9.20225e-12    0    4.20225e-12    0.00308507    0.00308507 
0.103762    5e-12    9.20114e-12    0    4.20114e-12    0.00308507    0.00308507 
0.103655    5e-12    9.20004e-12    0    4.20004e-12    0.00308507    0.00308507 
0.103547    5e-12    9.19894e-12    0    4.19894e-12    0.00308507    0.00308507 
0.10344    5e-12    9.19784e-12    0    4.19784e-12    0.00308507    0.00308507 
0.103333    5e-12    9.19674e-12    0    4.19674e-12    0.00308507    0.00308507 
0.103226    5e-12    9.19564e-12    0    4.19564e-12    0.00308507    0.00308507 
0.10312    5e-12    9.19455e-12    0    4.19455e-12    0.00308507    0.00308507 
0.103013    5e-12    9.19346e-12    0    4.19346e-12    0.00308507    0.00308507 
0.102907    5e-12    9.19237e-12    0    4.19237e-12    0.00308507    0.00308507 
0.102801    5e-12    9.19128e-12    0    4.19128e-12    0.00308507    0.00308507 
0.102696    5e-12    9.19019e-12    0    4.19019e-12    0.00308507    0.00308507 
0.10259    5e-12    9.18911e-12    0    4.18911e-12    0.00308507    0.00308507 
0.102485    5e-12    9.18803e-12    0    4.18803e-12    0.00308507    0.00308507 
0.10238    5e-12    9.18695e-12    0    4.18695e-12    0.00308507    0.00308507 
0.102275    5e-12    9.18588e-12    0    4.18588e-12    0.00308507    0.00308507 
0.102171    5e-12    9.1848e-12    0    4.1848e-12    0.00308507    0.00308507 
0.102066    5e-12    9.18373e-12    0    4.18373e-12    0.00308507    0.00308507 
0.101962    5e-12    9.18266e-12    0    4.18266e-12    0.00308507    0.00308507 
0.101858    5e-12    9.18159e-12    0    4.18159e-12    0.00308507    0.00308507 
0.101754    5e-12    9.18053e-12    0    4.18053e-12    0.00308507    0.00308507 
0.101651    5e-12    9.17946e-12    0    4.17946e-12    0.00308507    0.00308507 
0.101547    5e-12    9.1784e-12    0    4.1784e-12    0.00308507    0.00308507 
0.101444    5e-12    9.17734e-12    0    4.17734e-12    0.00308507    0.00308507 
0.101341    5e-12    9.17629e-12    0    4.17629e-12    0.00308507    0.00308507 
0.101239    5e-12    9.17523e-12    0    4.17523e-12    0.00308507    0.00308507 
0.101136    5e-12    9.17418e-12    0    4.17418e-12    0.00308507    0.00308507 
0.101034    5e-12    9.17313e-12    0    4.17313e-12    0.00308507    0.00308507 
0.100932    5e-12    9.17208e-12    0    4.17208e-12    0.00308507    0.00308507 
0.10083    5e-12    9.17103e-12    0    4.17103e-12    0.00308507    0.00308507 
0.100728    5e-12    9.16999e-12    0    4.16999e-12    0.00308507    0.00308507 
0.100627    5e-12    9.16895e-12    0    4.16895e-12    0.00308507    0.00308507 
0.100526    5e-12    9.16791e-12    0    4.16791e-12    0.00308507    0.00308507 
0.100425    5e-12    9.16687e-12    0    4.16687e-12    0.00308507    0.00308507 
0.100324    5e-12    9.16583e-12    0    4.16583e-12    0.00308507    0.00308507 
0.100223    5e-12    9.1648e-12    0    4.1648e-12    0.00308507    0.00308507 
0.100123    5e-12    9.16377e-12    0    4.16377e-12    0.00308507    0.00308507 
0.100022    5e-12    9.16274e-12    0    4.16274e-12    0.00308507    0.00308507 
