6.66667    6.45152e-08    6.45152e-08    6.45102e-08    6.45102e-08    0.00308507    0.00308507 
6.25    2.59569e-08    2.64826e-08    2.59519e-08    2.64776e-08    0.00308507    0.00308507 
5.88235    1.03919e-08    1.09439e-08    1.03869e-08    1.09389e-08    0.00308507    0.00308507 
5.55555    4.14266e-09    4.70773e-09    4.13766e-09    4.70273e-09    0.00308507    0.00308507 
5.26316    1.64569e-09    2.20153e-09    1.64069e-09    2.19653e-09    0.00308507    0.00308507 
5    6.5229e-10    1.17283e-09    6.4729e-10    1.16783e-09    0.00308507    0.00308507 
4.7619    2.58613e-10    7.24822e-10    2.53613e-10    7.19822e-10    0.00308507    0.00308507 
4.54545    1.03164e-10    5.08889e-10    9.81636e-11    5.03889e-10    0.00308507    0.00308507 
4.34782    4.20123e-11    3.91321e-10    3.70123e-11    3.86321e-10    0.00308507    0.00308507 
4.16666    1.81141e-11    3.1963e-10    1.31141e-11    3.1463e-10    0.00308507    0.00308507 
3.99984    9.00405e-12    2.71722e-10    4.00405e-12    2.66722e-10    0.00308507    0.00308507 
3.84601    5.9217e-12    2.37627e-10    9.21703e-13    2.32627e-10    0.00308507    0.00308507 
3.70357    5.15951e-12    2.12083e-10    1.59505e-13    2.07083e-10    0.00308507    0.00308507 
3.5713    5.0246e-12    1.92222e-10    2.46035e-14    1.87222e-10    0.00308507    0.00308507 
3.44816    5.0037e-12    1.76328e-10    3.69828e-15    1.71328e-10    0.00308507    0.00308507 
3.33322    5.00055e-12    1.63313e-10    5.52132e-16    1.58313e-10    0.00308507    0.00308507 
3.2257    5.00008e-12    1.52454e-10    8.21334e-17    1.47454e-10    0.00308507    0.00308507 
3.1249    5.00001e-12    1.43252e-10    1.21818e-17    1.38252e-10    0.00308507    0.00308507 
3.03012    5e-12    1.35344e-10    1.7984e-18    1.30344e-10    0.00308507    0.00308507 
2.94092    5e-12    1.28477e-10    2.6482e-19    1.23477e-10    0.00308507    0.00308507 
2.85682    5e-12    1.22457e-10    3.89012e-20    1.17457e-10    0.00308507    0.00308507 
2.77739    5e-12    1.17134e-10    5.70142e-21    1.12134e-10    0.00308507    0.00308507 
2.70226    5e-12    1.12391e-10    8.33803e-22    1.07391e-10    0.00308507    0.00308507 
2.63109    5e-12    1.08137e-10    1.21689e-22    1.03137e-10    0.00308507    0.00308507 
2.56358    5e-12    1.04299e-10    1.77253e-23    9.92995e-11    0.00308507    0.00308507 
2.49944    5e-12    1.00818e-10    2.57708e-24    9.58183e-11    0.00308507    0.00308507 
2.43843    5e-12    9.76452e-11    3.74023e-25    9.26452e-11    0.00308507    0.00308507 
2.38033    5e-12    9.47402e-11    5.41921e-26    8.97402e-11    0.00308507    0.00308507 
2.32493    5e-12    9.207e-11    7.8393e-27    8.707e-11    0.00308507    0.00308507 
2.27206    5e-12    8.96066e-11    1.13228e-27    8.46066e-11    0.00308507    0.00308507 
2.22153    5e-12    8.73262e-11    1.63301e-28    8.23262e-11    0.00308507    0.00308507 
2.1732    5e-12    8.52086e-11    2.35189e-29    8.02086e-11    0.00308507    0.00308507 
2.12694    5e-12    8.32367e-11    3.38268e-30    7.82367e-11    0.00308507    0.00308507 
2.0826    5e-12    8.13954e-11    4.85898e-31    7.63954e-11    0.00308507    0.00308507 
2.04007    5e-12    7.96718e-11    6.97093e-32    7.46718e-11    0.00308507    0.00308507 
1.99924    5e-12    7.80546e-11    9.98894e-33    7.30546e-11    0.00308507    0.00308507 
1.96002    5e-12    7.6534e-11    1.42972e-33    7.1534e-11    0.00308507    0.00308507 
1.9223    5e-12    7.51014e-11    2.04412e-34    7.01014e-11    0.00308507    0.00308507 
1.88601    5e-12    7.37489e-11    2.91945e-35    6.87489e-11    0.00308507    0.00308507 
1.85106    5e-12    7.247e-11    4.16537e-36    6.747e-11    0.00308507    0.00308507 
1.81739    5e-12    7.12584e-11    5.93714e-37    6.62584e-11    0.00308507    0.00308507 
1.78492    5e-12    7.0109e-11    8.45453e-38    6.5109e-11    0.00308507    0.00308507 
1.75359    5e-12    6.90167e-11    1.20283e-38    6.40167e-11    0.00308507    0.00308507 
1.72334    5e-12    6.79774e-11    1.70975e-39    6.29774e-11    0.00308507    0.00308507 
1.69411    5e-12    6.6987e-11    2.42824e-40    6.1987e-11    0.00308507    0.00308507 
1.66586    5e-12    6.60421e-11    3.44581e-41    6.10421e-11    0.00308507    0.00308507 
1.63854    5e-12    6.51396e-11    4.88588e-42    6.01396e-11    0.00308507    0.00308507 
1.6121    5e-12    6.42764e-11    6.92242e-43    5.92764e-11    0.00308507    0.00308507 
1.5865    5e-12    6.345e-11    9.80047e-44    5.845e-11    0.00308507    0.00308507 
1.56169    5e-12    6.2658e-11    1.3865e-44    5.7658e-11    0.00308507    0.00308507 
1.53768    5e-12    6.18989e-11    1.96397e-45    5.68989e-11    0.00308507    0.00308507 
1.51439    5e-12    6.11699e-11    2.78007e-46    5.61699e-11    0.00308507    0.00308507 
1.4918    5e-12    6.04692e-11    3.93266e-47    5.54692e-11    0.00308507    0.00308507 
1.46987    5e-12    5.97951e-11    5.55954e-48    5.47951e-11    0.00308507    0.00308507 
1.44858    5e-12    5.91461e-11    7.85451e-49    5.41461e-11    0.00308507    0.00308507 
1.4279    5e-12    5.85206e-11    1.10901e-49    5.35206e-11    0.00308507    0.00308507 
1.4078    5e-12    5.79174e-11    1.56494e-50    5.29174e-11    0.00308507    0.00308507 
1.38825    5e-12    5.73352e-11    2.20703e-51    5.23352e-11    0.00308507    0.00308507 
1.36924    5e-12    5.6773e-11    3.11083e-52    5.1773e-11    0.00308507    0.00308507 
1.35075    5e-12    5.62296e-11    4.38237e-53    5.12296e-11    0.00308507    0.00308507 
1.33275    5e-12    5.57041e-11    6.17038e-54    5.07041e-11    0.00308507    0.00308507 
1.31522    5e-12    5.51956e-11    8.68341e-55    5.01956e-11    0.00308507    0.00308507 
1.29814    5e-12    5.47032e-11    1.22138e-55    4.97032e-11    0.00308507    0.00308507 
1.28151    5e-12    5.42261e-11    1.71711e-56    4.92261e-11    0.00308507    0.00308507 
1.26529    5e-12    5.37635e-11    2.4129e-57    4.87635e-11    0.00308507    0.00308507 
1.24948    5e-12    5.33149e-11    3.38905e-58    4.83149e-11    0.00308507    0.00308507 
1.23407    5e-12    5.28795e-11    4.75795e-59    4.78795e-11    0.00308507    0.00308507 
1.21902    5e-12    5.24567e-11    6.67681e-60    4.74567e-11    0.00308507    0.00308507 
1.20434    5e-12    5.2046e-11    9.36549e-61    4.7046e-11    0.00308507    0.00308507 
1.19001    5e-12    5.16468e-11    1.31313e-61    4.66468e-11    0.00308507    0.00308507 
1.17601    5e-12    5.12586e-11    1.84038e-62    4.62586e-11    0.00308507    0.00308507 
1.16234    5e-12    5.0881e-11    2.57828e-63    4.5881e-11    0.00308507    0.00308507 
1.14899    5e-12    5.05134e-11    3.61063e-64    4.55134e-11    0.00308507    0.00308507 
1.13594    5e-12    5.01555e-11    5.05439e-65    4.51555e-11    0.00308507    0.00308507 
1.12318    5e-12    4.98069e-11    7.07279e-66    4.48069e-11    0.00308507    0.00308507 
1.1107    5e-12    4.94672e-11    9.89357e-67    4.44672e-11    0.00308507    0.00308507 
1.0985    5e-12    4.9136e-11    1.38344e-67    4.4136e-11    0.00308507    0.00308507 
1.08657    5e-12    4.8813e-11    1.9338e-68    4.3813e-11    0.00308507    0.00308507 
1.07489    5e-12    4.84978e-11    2.70219e-69    4.34978e-11    0.00308507    0.00308507 
1.06346    5e-12    4.81903e-11    3.77461e-70    4.31903e-11    0.00308507    0.00308507 
1.05227    5e-12    4.78901e-11    5.2709e-71    4.28901e-11    0.00308507    0.00308507 
1.04131    5e-12    4.75968e-11    7.35796e-72    4.25968e-11    0.00308507    0.00308507 
1.03058    5e-12    4.73104e-11    1.02682e-72    4.23104e-11    0.00308507    0.00308507 
1.02006    5e-12    4.70304e-11    1.43249e-73    4.20304e-11    0.00308507    0.00308507 
1.00976    5e-12    4.67567e-11    1.99784e-74    4.17567e-11    0.00308507    0.00308507 
0.99967    5e-12    4.64891e-11    2.78547e-75    4.14891e-11    0.00308507    0.00308507 
0.989776    5e-12    4.62273e-11    3.88249e-76    4.12273e-11    0.00308507    0.00308507 
0.980075    5e-12    4.59712e-11    5.41e-77    4.09712e-11    0.00308507    0.00308507 
0.970563    5e-12    4.57205e-11    7.53636e-78    4.07205e-11    0.00308507    0.00308507 
0.961233    5e-12    4.54751e-11    1.04956e-78    4.04751e-11    0.00308507    0.00308507 
0.952082    5e-12    4.52348e-11    1.46128e-79    4.02348e-11    0.00308507    0.00308507 
0.943103    5e-12    4.49994e-11    2.03398e-80    3.99994e-11    0.00308507    0.00308507 
0.934291    5e-12    4.47688e-11    2.83038e-81    3.97688e-11    0.00308507    0.00308507 
0.925643    5e-12    4.45427e-11    3.93761e-82    3.95427e-11    0.00308507    0.00308507 
0.917154    5e-12    4.43212e-11    5.4766e-83    3.93212e-11    0.00308507    0.00308507 
0.908818    5e-12    4.4104e-11    7.61522e-84    3.9104e-11    0.00308507    0.00308507 
0.900633    5e-12    4.38909e-11    1.05864e-84    3.88909e-11    0.00308507    0.00308507 
0.892594    5e-12    4.3682e-11    1.47134e-85    3.8682e-11    0.00308507    0.00308507 
0.884697    5e-12    4.34769e-11    2.04444e-86    3.84769e-11    0.00308507    0.00308507 
0.876939    5e-12    4.32757e-11    2.84011e-87    3.82757e-11    0.00308507    0.00308507 
0.869316    5e-12    4.30782e-11    3.94456e-88    3.80782e-11    0.00308507    0.00308507 
0.861824    5e-12    4.28843e-11    5.47729e-89    3.78843e-11    0.00308507    0.00308507 
0.85446    5e-12    4.26939e-11    7.60394e-90    3.76939e-11    0.00308507    0.00308507 
0.847221    5e-12    4.25069e-11    1.0554e-90    3.75069e-11    0.00308507    0.00308507 
0.840103    5e-12    4.23232e-11    1.46456e-91    3.73232e-11    0.00308507    0.00308507 
0.833104    5e-12    4.21427e-11    2.03191e-92    3.71427e-11    0.00308507    0.00308507 
0.826221    5e-12    4.19653e-11    2.81847e-93    3.69653e-11    0.00308507    0.00308507 
0.81945    5e-12    4.17909e-11    3.90873e-94    3.67909e-11    0.00308507    0.00308507 
0.81279    5e-12    4.16195e-11    5.41965e-95    3.66195e-11    0.00308507    0.00308507 
0.806237    5e-12    4.1451e-11    7.51318e-96    3.6451e-11    0.00308507    0.00308507 
0.799789    5e-12    4.12852e-11    1.04134e-96    3.62852e-11    0.00308507    0.00308507 
0.793443    5e-12    4.11222e-11    1.44305e-97    3.61222e-11    0.00308507    0.00308507 
0.787197    5e-12    4.09618e-11    1.99934e-98    3.59618e-11    0.00308507    0.00308507 
0.781049    5e-12    4.0804e-11    2.76959e-99    3.5804e-11    0.00308507    0.00308507 
0.774996    5e-12    4.06487e-11    3.83588e-100    3.56487e-11    0.00308507    0.00308507 
0.769036    5e-12    4.04958e-11    5.31175e-101    3.54958e-11    0.00308507    0.00308507 
0.763167    5e-12    4.03454e-11    7.3542e-102    3.53454e-11    0.00308507    0.00308507 
0.757386    5e-12    4.01972e-11    1.01802e-102    3.51972e-11    0.00308507    0.00308507 
0.751693    5e-12    4.00514e-11    1.40899e-103    3.50514e-11    0.00308507    0.00308507 
0.746085    5e-12    3.99077e-11    1.94978e-104    3.49077e-11    0.00308507    0.00308507 
0.74056    5e-12    3.97662e-11    2.69769e-105    3.47662e-11    0.00308507    0.00308507 
0.735116    5e-12    3.96268e-11    3.73188e-106    3.46268e-11    0.00308507    0.00308507 
0.729751    5e-12    3.94894e-11    5.16172e-107    3.44894e-11    0.00308507    0.00308507 
0.724464    5e-12    3.93541e-11    7.13828e-108    3.43541e-11    0.00308507    0.00308507 
0.719254    5e-12    3.92207e-11    9.87018e-109    3.42207e-11    0.00308507    0.00308507 
0.714117    5e-12    3.90893e-11    1.36455e-109    3.40893e-11    0.00308507    0.00308507 
0.709054    5e-12    3.89597e-11    1.88621e-110    3.39597e-11    0.00308507    0.00308507 
0.704062    5e-12    3.88319e-11    2.60691e-111    3.38319e-11    0.00308507    0.00308507 
0.699139    5e-12    3.8706e-11    3.60246e-112    3.3706e-11    0.00308507    0.00308507 
0.694285    5e-12    3.85817e-11    4.97747e-113    3.35817e-11    0.00308507    0.00308507 
0.689498    5e-12    3.84592e-11    6.87634e-114    3.34592e-11    0.00308507    0.00308507 
0.684777    5e-12    3.83384e-11    9.49826e-115    3.33384e-11    0.00308507    0.00308507 
0.680119    5e-12    3.82191e-11    1.31181e-115    3.32191e-11    0.00308507    0.00308507 
0.675525    5e-12    3.81015e-11    1.8115e-116    3.31015e-11    0.00308507    0.00308507 
0.670992    5e-12    3.79855e-11    2.5012e-117    3.29855e-11    0.00308507    0.00308507 
0.66652    5e-12    3.78709e-11    3.45303e-118    3.28709e-11    0.00308507    0.00308507 
0.662107    5e-12    3.77579e-11    4.76645e-119    3.27579e-11    0.00308507    0.00308507 
0.657752    5e-12    3.76463e-11    6.57861e-120    3.26463e-11    0.00308507    0.00308507 
0.653454    5e-12    3.75362e-11    9.07856e-121    3.25362e-11    0.00308507    0.00308507 
0.649212    5e-12    3.74275e-11    1.2527e-121    3.24275e-11    0.00308507    0.00308507 
0.645024    5e-12    3.73201e-11    1.7283e-122    3.23201e-11    0.00308507    0.00308507 
0.64089    5e-12    3.72141e-11    2.38419e-123    3.22141e-11    0.00308507    0.00308507 
0.636809    5e-12    3.71094e-11    3.28859e-124    3.21094e-11    0.00308507    0.00308507 
0.632779    5e-12    3.7006e-11    4.53551e-125    3.2006e-11    0.00308507    0.00308507 
0.6288    5e-12    3.69039e-11    6.25447e-126    3.19039e-11    0.00308507    0.00308507 
0.624871    5e-12    3.6803e-11    8.62393e-127    3.1803e-11    0.00308507    0.00308507 
0.620991    5e-12    3.67034e-11    1.18897e-127    3.17034e-11    0.00308507    0.00308507 
0.617158    5e-12    3.66049e-11    1.63902e-128    3.16049e-11    0.00308507    0.00308507 
0.613373    5e-12    3.65076e-11    2.25918e-129    3.15076e-11    0.00308507    0.00308507 
0.609633    5e-12    3.64115e-11    3.11363e-130    3.14115e-11    0.00308507    0.00308507 
0.605939    5e-12    3.63165e-11    4.29079e-131    3.13165e-11    0.00308507    0.00308507 
0.60229    5e-12    3.62225e-11    5.91235e-132    3.12225e-11    0.00308507    0.00308507 
0.598684    5e-12    3.61297e-11    8.14586e-133    3.11297e-11    0.00308507    0.00308507 
0.595121    5e-12    3.6038e-11    1.12219e-133    3.1038e-11    0.00308507    0.00308507 
0.5916    5e-12    3.59472e-11    1.54579e-134    3.09472e-11    0.00308507    0.00308507 
0.588121    5e-12    3.58575e-11    2.12908e-135    3.08575e-11    0.00308507    0.00308507 
0.584682    5e-12    3.57688e-11    2.93216e-136    3.07688e-11    0.00308507    0.00308507 
0.581284    5e-12    3.56812e-11    4.03774e-137    3.06812e-11    0.00308507    0.00308507 
0.577924    5e-12    3.55944e-11    5.55964e-138    3.05944e-11    0.00308507    0.00308507 
0.574604    5e-12    3.55086e-11    7.65442e-139    3.05086e-11    0.00308507    0.00308507 
0.571321    5e-12    3.54238e-11    1.05374e-139    3.04238e-11    0.00308507    0.00308507 
0.568075    5e-12    3.53399e-11    1.45049e-140    3.03399e-11    0.00308507    0.00308507 
0.564866    5e-12    3.52569e-11    1.99644e-141    3.02569e-11    0.00308507    0.00308507 
0.561694    5e-12    3.51747e-11    2.7476e-142    3.01747e-11    0.00308507    0.00308507 
0.558556    5e-12    3.50935e-11    3.78104e-143    3.00935e-11    0.00308507    0.00308507 
0.555454    5e-12    3.50131e-11    5.20271e-144    3.00131e-11    0.00308507    0.00308507 
0.552385    5e-12    3.49335e-11    7.15827e-145    2.99335e-11    0.00308507    0.00308507 
0.549351    5e-12    3.48548e-11    9.84798e-146    2.98548e-11    0.00308507    0.00308507 
0.54635    5e-12    3.47769e-11    1.35471e-146    2.97769e-11    0.00308507    0.00308507 
0.543381    5e-12    3.46998e-11    1.86341e-147    2.96998e-11    0.00308507    0.00308507 
0.540444    5e-12    3.46234e-11    2.56291e-148    2.96234e-11    0.00308507    0.00308507 
0.537539    5e-12    3.45479e-11    3.52468e-149    2.95479e-11    0.00308507    0.00308507 
0.534665    5e-12    3.44731e-11    4.84695e-150    2.94731e-11    0.00308507    0.00308507 
0.531822    5e-12    3.4399e-11    6.66471e-151    2.9399e-11    0.00308507    0.00308507 
0.529008    5e-12    3.43257e-11    9.16341e-152    2.93257e-11    0.00308507    0.00308507 
0.526224    5e-12    3.42531e-11    1.25979e-152    2.92531e-11    0.00308507    0.00308507 
0.52347    5e-12    3.41813e-11    1.73182e-153    2.91813e-11    0.00308507    0.00308507 
0.520744    5e-12    3.41101e-11    2.38052e-154    2.91101e-11    0.00308507    0.00308507 
0.518046    5e-12    3.40396e-11    3.27194e-155    2.90396e-11    0.00308507    0.00308507 
0.515376    5e-12    3.39698e-11    4.49682e-156    2.89698e-11    0.00308507    0.00308507 
0.512734    5e-12    3.39007e-11    6.17975e-157    2.89007e-11    0.00308507    0.00308507 
0.510118    5e-12    3.38322e-11    8.49186e-158    2.88322e-11    0.00308507    0.00308507 
0.507529    5e-12    3.37644e-11    1.16681e-158    2.87644e-11    0.00308507    0.00308507 
0.504966    5e-12    3.36972e-11    1.60312e-159    2.86972e-11    0.00308507    0.00308507 
0.502429    5e-12    3.36307e-11    2.20242e-160    2.86307e-11    0.00308507    0.00308507 
0.499918    5e-12    3.35647e-11    3.02551e-161    2.85647e-11    0.00308507    0.00308507 
0.497431    5e-12    3.34994e-11    4.15592e-162    2.84994e-11    0.00308507    0.00308507 
0.494969    5e-12    3.34347e-11    5.70825e-163    2.84347e-11    0.00308507    0.00308507 
0.492531    5e-12    3.33705e-11    7.83985e-164    2.83705e-11    0.00308507    0.00308507 
0.490117    5e-12    3.3307e-11    1.07667e-164    2.8307e-11    0.00308507    0.00308507 
0.487726    5e-12    3.3244e-11    1.47851e-165    2.8244e-11    0.00308507    0.00308507 
0.485359    5e-12    3.31816e-11    2.03018e-166    2.81816e-11    0.00308507    0.00308507 
0.483015    5e-12    3.31197e-11    2.78751e-167    2.81197e-11    0.00308507    0.00308507 
0.480693    5e-12    3.30584e-11    3.82708e-168    2.80584e-11    0.00308507    0.00308507 
0.478393    5e-12    3.29976e-11    5.25399e-169    2.79976e-11    0.00308507    0.00308507 
0.476116    5e-12    3.29374e-11    7.21243e-170    2.79374e-11    0.00308507    0.00308507 
0.47386    5e-12    3.28777e-11    9.90021e-171    2.78777e-11    0.00308507    0.00308507 
0.471625    5e-12    3.28185e-11    1.35887e-171    2.78185e-11    0.00308507    0.00308507 
0.469411    5e-12    3.27598e-11    1.86502e-172    2.77598e-11    0.00308507    0.00308507 
0.467218    5e-12    3.27016e-11    2.55954e-173    2.77016e-11    0.00308507    0.00308507 
0.465045    5e-12    3.26439e-11    3.51245e-174    2.76439e-11    0.00308507    0.00308507 
0.462892    5e-12    3.25867e-11    4.81982e-175    2.75867e-11    0.00308507    0.00308507 
0.460759    5e-12    3.253e-11    6.6134e-176    2.753e-11    0.00308507    0.00308507 
0.458646    5e-12    3.24738e-11    9.07383e-177    2.74738e-11    0.00308507    0.00308507 
0.456552    5e-12    3.2418e-11    1.24489e-177    2.7418e-11    0.00308507    0.00308507 
0.454477    5e-12    3.23627e-11    1.70782e-178    2.73627e-11    0.00308507    0.00308507 
0.452421    5e-12    3.23079e-11    2.34276e-179    2.73079e-11    0.00308507    0.00308507 
0.450383    5e-12    3.22535e-11    3.21356e-180    2.72535e-11    0.00308507    0.00308507 
0.448364    5e-12    3.21995e-11    4.40778e-181    2.71995e-11    0.00308507    0.00308507 
0.446363    5e-12    3.2146e-11    6.04543e-182    2.7146e-11    0.00308507    0.00308507 
0.444379    5e-12    3.20929e-11    8.29103e-183    2.70929e-11    0.00308507    0.00308507 
0.442413    5e-12    3.20403e-11    1.13701e-183    2.70403e-11    0.00308507    0.00308507 
0.440465    5e-12    3.19881e-11    1.55918e-184    2.69881e-11    0.00308507    0.00308507 
0.438533    5e-12    3.19362e-11    2.13797e-185    2.69362e-11    0.00308507    0.00308507 
0.436618    5e-12    3.18848e-11    2.93145e-186    2.68848e-11    0.00308507    0.00308507 
0.43472    5e-12    3.18338e-11    4.01919e-187    2.68338e-11    0.00308507    0.00308507 
0.432839    5e-12    3.17832e-11    5.51025e-188    2.67832e-11    0.00308507    0.00308507 
0.430973    5e-12    3.1733e-11    7.55404e-189    2.6733e-11    0.00308507    0.00308507 
0.429124    5e-12    3.16832e-11    1.03553e-189    2.66832e-11    0.00308507    0.00308507 
0.42729    5e-12    3.16338e-11    1.41946e-190    2.66338e-11    0.00308507    0.00308507 
0.425472    5e-12    3.15847e-11    1.94563e-191    2.65847e-11    0.00308507    0.00308507 
0.42367    5e-12    3.15361e-11    2.6667e-192    2.65361e-11    0.00308507    0.00308507 
0.421882    5e-12    3.14878e-11    3.6548e-193    2.64878e-11    0.00308507    0.00308507 
0.42011    5e-12    3.14398e-11    5.00877e-194    2.64398e-11    0.00308507    0.00308507 
0.418352    5e-12    3.13922e-11    6.86398e-195    2.63922e-11    0.00308507    0.00308507 
0.416609    5e-12    3.1345e-11    9.40585e-196    2.6345e-11    0.00308507    0.00308507 
0.414881    5e-12    3.12982e-11    1.28884e-196    2.62982e-11    0.00308507    0.00308507 
0.413167    5e-12    3.12516e-11    1.76594e-197    2.62516e-11    0.00308507    0.00308507 
0.411467    5e-12    3.12055e-11    2.41953e-198    2.62055e-11    0.00308507    0.00308507 
0.409781    5e-12    3.11596e-11    3.31485e-199    2.61596e-11    0.00308507    0.00308507 
0.408108    5e-12    3.11141e-11    4.54126e-200    2.61141e-11    0.00308507    0.00308507 
0.40645    5e-12    3.1069e-11    6.22109e-201    2.6069e-11    0.00308507    0.00308507 
0.404804    5e-12    3.10241e-11    8.52189e-202    2.60241e-11    0.00308507    0.00308507 
0.403172    5e-12    3.09796e-11    1.1673e-202    2.59796e-11    0.00308507    0.00308507 
0.401553    5e-12    3.09354e-11    1.59886e-203    2.59354e-11    0.00308507    0.00308507 
0.399947    5e-12    3.08915e-11    2.18987e-204    2.58915e-11    0.00308507    0.00308507 
0.398354    5e-12    3.08479e-11    2.99918e-205    2.58479e-11    0.00308507    0.00308507 
0.396773    5e-12    3.08047e-11    4.10741e-206    2.58047e-11    0.00308507    0.00308507 
0.395205    5e-12    3.07617e-11    5.62488e-207    2.57617e-11    0.00308507    0.00308507 
0.39365    5e-12    3.07191e-11    7.70261e-208    2.57191e-11    0.00308507    0.00308507 
0.392106    5e-12    3.06767e-11    1.05473e-208    2.56767e-11    0.00308507    0.00308507 
0.390575    5e-12    3.06346e-11    1.4442e-209    2.56346e-11    0.00308507    0.00308507 
0.389054    5e-12    3.05928e-11    1.97346e-210    2.55928e-11    0.00308507    0.00308507 
0.387544    5e-12    3.05513e-11    2.69657e-211    2.55513e-11    0.00308507    0.00308507 
0.386047    5e-12    3.05101e-11    3.68446e-212    2.55101e-11    0.00308507    0.00308507 
0.384561    5e-12    3.04691e-11    5.03405e-213    2.54691e-11    0.00308507    0.00308507 
0.383086    5e-12    3.04284e-11    6.87767e-214    2.54284e-11    0.00308507    0.00308507 
0.381623    5e-12    3.0388e-11    9.39608e-215    2.5388e-11    0.00308507    0.00308507 
0.38017    5e-12    3.03479e-11    1.28361e-215    2.53479e-11    0.00308507    0.00308507 
0.378729    5e-12    3.03081e-11    1.75348e-216    2.53081e-11    0.00308507    0.00308507 
0.377299    5e-12    3.02685e-11    2.39525e-217    2.52685e-11    0.00308507    0.00308507 
0.375879    5e-12    3.02291e-11    3.27176e-218    2.52291e-11    0.00308507    0.00308507 
0.37447    5e-12    3.01901e-11    4.46883e-219    2.51901e-11    0.00308507    0.00308507 
0.373072    5e-12    3.01513e-11    6.10363e-220    2.51513e-11    0.00308507    0.00308507 
0.371684    5e-12    3.01127e-11    8.33613e-221    2.51127e-11    0.00308507    0.00308507 
0.370306    5e-12    3.00744e-11    1.13847e-221    2.50744e-11    0.00308507    0.00308507 
0.368938    5e-12    3.00363e-11    1.55476e-222    2.50363e-11    0.00308507    0.00308507 
0.367581    5e-12    2.99985e-11    2.12318e-223    2.49985e-11    0.00308507    0.00308507 
0.366233    5e-12    2.9961e-11    2.8993e-224    2.4961e-11    0.00308507    0.00308507 
0.364896    5e-12    2.99237e-11    3.95896e-225    2.49237e-11    0.00308507    0.00308507 
0.363568    5e-12    2.98866e-11    5.4057e-226    2.48866e-11    0.00308507    0.00308507 
0.362249    5e-12    2.98497e-11    7.38085e-227    2.48497e-11    0.00308507    0.00308507 
0.36094    5e-12    2.98131e-11    1.00773e-227    2.48131e-11    0.00308507    0.00308507 
0.359641    5e-12    2.97767e-11    1.37583e-228    2.47767e-11    0.00308507    0.00308507 
0.358351    5e-12    2.97406e-11    1.87831e-229    2.47406e-11    0.00308507    0.00308507 
0.35707    5e-12    2.97047e-11    2.56421e-230    2.47047e-11    0.00308507    0.00308507 
0.355798    5e-12    2.9669e-11    3.50045e-231    2.4669e-11    0.00308507    0.00308507 
0.354536    5e-12    2.96335e-11    4.77835e-232    2.46335e-11    0.00308507    0.00308507 
0.353282    5e-12    2.95983e-11    6.52253e-233    2.45983e-11    0.00308507    0.00308507 
0.352037    5e-12    2.95632e-11    8.90302e-234    2.45632e-11    0.00308507    0.00308507 
0.350801    5e-12    2.95284e-11    1.21519e-234    2.45284e-11    0.00308507    0.00308507 
0.349573    5e-12    2.94938e-11    1.65857e-235    2.44938e-11    0.00308507    0.00308507 
0.348354    5e-12    2.94594e-11    2.26364e-236    2.44594e-11    0.00308507    0.00308507 
0.347144    5e-12    2.94252e-11    3.08933e-237    2.44252e-11    0.00308507    0.00308507 
0.345942    5e-12    2.93912e-11    4.21606e-238    2.43912e-11    0.00308507    0.00308507 
0.344748    5e-12    2.93575e-11    5.75353e-239    2.43575e-11    0.00308507    0.00308507 
0.343562    5e-12    2.93239e-11    7.85138e-240    2.43239e-11    0.00308507    0.00308507 
0.342385    5e-12    2.92905e-11    1.07138e-240    2.42905e-11    0.00308507    0.00308507 
0.341215    5e-12    2.92573e-11    1.46192e-241    2.42573e-11    0.00308507    0.00308507 
0.340054    5e-12    2.92244e-11    1.99475e-242    2.42244e-11    0.00308507    0.00308507 
0.3389    5e-12    2.91916e-11    2.7217e-243    2.41916e-11    0.00308507    0.00308507 
0.337755    5e-12    2.9159e-11    3.71344e-244    2.4159e-11    0.00308507    0.00308507 
0.336616    5e-12    2.91266e-11    5.06639e-245    2.41266e-11    0.00308507    0.00308507 
0.335486    5e-12    2.90944e-11    6.91202e-246    2.40944e-11    0.00308507    0.00308507 
0.334363    5e-12    2.90624e-11    9.42969e-247    2.40624e-11    0.00308507    0.00308507 
0.333248    5e-12    2.90305e-11    1.2864e-247    2.40305e-11    0.00308507    0.00308507 
0.33214    5e-12    2.89989e-11    1.75484e-248    2.39989e-11    0.00308507    0.00308507 
0.331039    5e-12    2.89674e-11    2.3938e-249    2.39674e-11    0.00308507    0.00308507 
0.329946    5e-12    2.89361e-11    3.2653e-250    2.39361e-11    0.00308507    0.00308507 
0.32886    5e-12    2.8905e-11    4.45393e-251    2.3905e-11    0.00308507    0.00308507 
0.327781    5e-12    2.88741e-11    6.07505e-252    2.38741e-11    0.00308507    0.00308507 
0.326709    5e-12    2.88434e-11    8.28597e-253    2.38434e-11    0.00308507    0.00308507 
0.325644    5e-12    2.88128e-11    1.13011e-253    2.38128e-11    0.00308507    0.00308507 
0.324586    5e-12    2.87824e-11    1.5413e-254    2.37824e-11    0.00308507    0.00308507 
0.323535    5e-12    2.87521e-11    2.10203e-255    2.37521e-11    0.00308507    0.00308507 
0.32249    5e-12    2.87221e-11    2.86667e-256    2.37221e-11    0.00308507    0.00308507 
0.321452    5e-12    2.86922e-11    3.90933e-257    2.36922e-11    0.00308507    0.00308507 
0.320421    5e-12    2.86624e-11    5.33106e-258    2.36624e-11    0.00308507    0.00308507 
0.319397    5e-12    2.86328e-11    7.26962e-259    2.36328e-11    0.00308507    0.00308507 
0.318379    5e-12    2.86034e-11    9.9128e-260    2.36034e-11    0.00308507    0.00308507 
0.317368    5e-12    2.85742e-11    1.35166e-260    2.35742e-11    0.00308507    0.00308507 
0.316363    5e-12    2.85451e-11    1.84301e-261    2.35451e-11    0.00308507    0.00308507 
0.315364    5e-12    2.85162e-11    2.51288e-262    2.35162e-11    0.00308507    0.00308507 
0.314371    5e-12    2.84874e-11    3.42614e-263    2.34874e-11    0.00308507    0.00308507 
0.313385    5e-12    2.84588e-11    4.67116e-264    2.34588e-11    0.00308507    0.00308507 
0.312405    5e-12    2.84303e-11    6.36843e-265    2.34303e-11    0.00308507    0.00308507 
0.311431    5e-12    2.8402e-11    8.68214e-266    2.3402e-11    0.00308507    0.00308507 
0.310464    5e-12    2.83739e-11    1.18361e-266    2.33739e-11    0.00308507    0.00308507 
0.309502    5e-12    2.83459e-11    1.61354e-267    2.33459e-11    0.00308507    0.00308507 
0.308546    5e-12    2.8318e-11    2.19956e-268    2.3318e-11    0.00308507    0.00308507 
0.307596    5e-12    2.82903e-11    2.99834e-269    2.32903e-11    0.00308507    0.00308507 
0.306652    5e-12    2.82627e-11    4.08708e-270    2.32627e-11    0.00308507    0.00308507 
0.305713    5e-12    2.82353e-11    5.57101e-271    2.32353e-11    0.00308507    0.00308507 
0.30478    5e-12    2.8208e-11    7.5935e-272    2.3208e-11    0.00308507    0.00308507 
0.303853    5e-12    2.81809e-11    1.03499e-272    2.31809e-11    0.00308507    0.00308507 
0.302932    5e-12    2.81539e-11    1.41066e-273    2.31539e-11    0.00308507    0.00308507 
0.302016    5e-12    2.81271e-11    1.92263e-274    2.31271e-11    0.00308507    0.00308507 
0.301106    5e-12    2.81004e-11    2.62033e-275    2.31004e-11    0.00308507    0.00308507 
0.300201    5e-12    2.80738e-11    3.57112e-276    2.30738e-11    0.00308507    0.00308507 
0.299302    5e-12    2.80473e-11    4.86678e-277    2.30473e-11    0.00308507    0.00308507 
0.298408    5e-12    2.8021e-11    6.63234e-278    2.3021e-11    0.00308507    0.00308507 
0.297519    5e-12    2.79949e-11    9.03818e-279    2.29949e-11    0.00308507    0.00308507 
0.296636    5e-12    2.79688e-11    1.23164e-279    2.29688e-11    0.00308507    0.00308507 
0.295757    5e-12    2.79429e-11    1.67832e-280    2.29429e-11    0.00308507    0.00308507 
0.294884    5e-12    2.79172e-11    2.28694e-281    2.29172e-11    0.00308507    0.00308507 
0.294016    5e-12    2.78915e-11    3.11618e-282    2.28915e-11    0.00308507    0.00308507 
0.293154    5e-12    2.7866e-11    4.246e-283    2.2866e-11    0.00308507    0.00308507 
0.292296    5e-12    2.78406e-11    5.78531e-284    2.28406e-11    0.00308507    0.00308507 
0.291443    5e-12    2.78154e-11    7.88246e-285    2.28154e-11    0.00308507    0.00308507 
0.290595    5e-12    2.77902e-11    1.07395e-285    2.27902e-11    0.00308507    0.00308507 
0.289753    5e-12    2.77652e-11    1.46318e-286    2.27652e-11    0.00308507    0.00308507 
0.288915    5e-12    2.77403e-11    1.99343e-287    2.27403e-11    0.00308507    0.00308507 
0.288081    5e-12    2.77156e-11    2.71577e-288    2.27156e-11    0.00308507    0.00308507 
0.287253    5e-12    2.76909e-11    3.69976e-289    2.26909e-11    0.00308507    0.00308507 
0.28643    5e-12    2.76664e-11    5.04015e-290    2.26664e-11    0.00308507    0.00308507 
0.285611    5e-12    2.7642e-11    6.86598e-291    2.2642e-11    0.00308507    0.00308507 
0.284796    5e-12    2.76177e-11    9.35301e-292    2.26177e-11    0.00308507    0.00308507 
0.283987    5e-12    2.75935e-11    1.27406e-292    2.25935e-11    0.00308507    0.00308507 
0.283182    5e-12    2.75695e-11    1.73547e-293    2.25695e-11    0.00308507    0.00308507 
0.282381    5e-12    2.75456e-11    2.36393e-294    2.25456e-11    0.00308507    0.00308507 
0.281585    5e-12    2.75217e-11    3.2199e-295    2.25217e-11    0.00308507    0.00308507 
0.280794    5e-12    2.7498e-11    4.3857e-296    2.2498e-11    0.00308507    0.00308507 
0.280007    5e-12    2.74744e-11    5.97346e-297    2.24744e-11    0.00308507    0.00308507 
0.279224    5e-12    2.7451e-11    8.13583e-298    2.2451e-11    0.00308507    0.00308507 
0.278446    5e-12    2.74276e-11    1.10807e-298    2.24276e-11    0.00308507    0.00308507 
0.277672    5e-12    2.74043e-11    1.50912e-299    2.24043e-11    0.00308507    0.00308507 
0.276902    5e-12    2.73812e-11    2.05528e-300    2.23812e-11    0.00308507    0.00308507 
0.276137    5e-12    2.73581e-11    2.79903e-301    2.23581e-11    0.00308507    0.00308507 
0.275376    5e-12    2.73352e-11    3.81183e-302    2.23352e-11    0.00308507    0.00308507 
0.274619    5e-12    2.73124e-11    5.19099e-303    2.23124e-11    0.00308507    0.00308507 
0.273866    5e-12    2.72897e-11    7.06899e-304    2.22897e-11    0.00308507    0.00308507 
0.273117    5e-12    2.72671e-11    9.62619e-305    2.22671e-11    0.00308507    0.00308507 
0.272373    5e-12    2.72445e-11    1.31082e-305    2.22445e-11    0.00308507    0.00308507 
0.271632    5e-12    2.72221e-11    1.78492e-306    2.22221e-11    0.00308507    0.00308507 
0.270896    5e-12    2.71998e-11    2.43046e-307    2.21998e-11    0.00308507    0.00308507 
0.270163    5e-12    2.71776e-11    3.30938e-308    2.21776e-11    0.00308507    0.00308507 
0.269434    5e-12    2.71555e-11    4.50605e-309    2.21555e-11    0.00308507    0.00308507 
0.26871    5e-12    2.71335e-11    6.1353e-310    2.21335e-11    0.00308507    0.00308507 
0.267989    5e-12    2.71116e-11    8.35346e-311    2.21116e-11    0.00308507    0.00308507 
0.267272    5e-12    2.70898e-11    1.13733e-311    2.20898e-11    0.00308507    0.00308507 
0.266559    5e-12    2.70681e-11    1.54846e-312    2.20681e-11    0.00308507    0.00308507 
0.265849    5e-12    2.70465e-11    2.10815e-313    2.20465e-11    0.00308507    0.00308507 
0.265144    5e-12    2.7025e-11    2.87009e-314    2.2025e-11    0.00308507    0.00308507 
0.264442    5e-12    2.70036e-11    3.90733e-315    2.20036e-11    0.00308507    0.00308507 
0.263744    5e-12    2.69823e-11    5.31931e-316    2.19823e-11    0.00308507    0.00308507 
0.263049    5e-12    2.69611e-11    7.24139e-317    2.19611e-11    0.00308507    0.00308507 
0.262358    5e-12    2.694e-11    9.85778e-318    2.194e-11    0.00308507    0.00308507 
0.261671    5e-12    2.69189e-11    1.34192e-318    2.19189e-11    0.00308507    0.00308507 
0.260988    5e-12    2.6898e-11    1.82671e-319    2.1898e-11    0.00308507    0.00308507 
0.260308    5e-12    2.68771e-11    2.48663e-320    2.18771e-11    0.00308507    0.00308507 
0.259631    5e-12    2.68564e-11    3.38435e-321    2.18564e-11    0.00308507    0.00308507 
0.258958    5e-12    2.68357e-11    4.59481e-322    2.18357e-11    0.00308507    0.00308507 
0.258288    5e-12    2.68151e-11    6.42285e-323    2.18151e-11    0.00308507    0.00308507 
0.257622    5e-12    2.67946e-11    9.88131e-324    2.17946e-11    0.00308507    0.00308507 
0.25696    5e-12    2.67742e-11    0    2.17742e-11    0.00308507    0.00308507 
0.256301    5e-12    2.67539e-11    0    2.17539e-11    0.00308507    0.00308507 
0.255645    5e-12    2.67337e-11    0    2.17337e-11    0.00308507    0.00308507 
0.254992    5e-12    2.67136e-11    0    2.17136e-11    0.00308507    0.00308507 
0.254343    5e-12    2.66935e-11    0    2.16935e-11    0.00308507    0.00308507 
0.253697    5e-12    2.66736e-11    0    2.16736e-11    0.00308507    0.00308507 
0.253054    5e-12    2.66537e-11    0    2.16537e-11    0.00308507    0.00308507 
0.252415    5e-12    2.66339e-11    0    2.16339e-11    0.00308507    0.00308507 
0.251779    5e-12    2.66142e-11    0    2.16142e-11    0.00308507    0.00308507 
0.251146    5e-12    2.65945e-11    0    2.15945e-11    0.00308507    0.00308507 
0.250516    5e-12    2.6575e-11    0    2.1575e-11    0.00308507    0.00308507 
0.249889    5e-12    2.65555e-11    0    2.15555e-11    0.00308507    0.00308507 
0.249266    5e-12    2.65362e-11    0    2.15362e-11    0.00308507    0.00308507 
0.248646    5e-12    2.65169e-11    0    2.15169e-11    0.00308507    0.00308507 
0.248028    5e-12    2.64976e-11    0    2.14976e-11    0.00308507    0.00308507 
0.247414    5e-12    2.64785e-11    0    2.14785e-11    0.00308507    0.00308507 
0.246803    5e-12    2.64594e-11    0    2.14594e-11    0.00308507    0.00308507 
0.246194    5e-12    2.64404e-11    0    2.14404e-11    0.00308507    0.00308507 
0.245589    5e-12    2.64215e-11    0    2.14215e-11    0.00308507    0.00308507 
0.244987    5e-12    2.64027e-11    0    2.14027e-11    0.00308507    0.00308507 
0.244388    5e-12    2.6384e-11    0    2.1384e-11    0.00308507    0.00308507 
0.243791    5e-12    2.63653e-11    0    2.13653e-11    0.00308507    0.00308507 
0.243198    5e-12    2.63467e-11    0    2.13467e-11    0.00308507    0.00308507 
0.242607    5e-12    2.63282e-11    0    2.13282e-11    0.00308507    0.00308507 
0.242019    5e-12    2.63097e-11    0    2.13097e-11    0.00308507    0.00308507 
0.241435    5e-12    2.62914e-11    0    2.12914e-11    0.00308507    0.00308507 
0.240852    5e-12    2.62731e-11    0    2.12731e-11    0.00308507    0.00308507 
0.240273    5e-12    2.62548e-11    0    2.12548e-11    0.00308507    0.00308507 
0.239697    5e-12    2.62367e-11    0    2.12367e-11    0.00308507    0.00308507 
0.239123    5e-12    2.62186e-11    0    2.12186e-11    0.00308507    0.00308507 
0.238552    5e-12    2.62006e-11    0    2.12006e-11    0.00308507    0.00308507 
0.237984    5e-12    2.61827e-11    0    2.11827e-11    0.00308507    0.00308507 
0.237418    5e-12    2.61648e-11    0    2.11648e-11    0.00308507    0.00308507 
0.236855    5e-12    2.6147e-11    0    2.1147e-11    0.00308507    0.00308507 
0.236295    5e-12    2.61293e-11    0    2.11293e-11    0.00308507    0.00308507 
0.235737    5e-12    2.61116e-11    0    2.11116e-11    0.00308507    0.00308507 
0.235182    5e-12    2.60941e-11    0    2.10941e-11    0.00308507    0.00308507 
0.23463    5e-12    2.60765e-11    0    2.10765e-11    0.00308507    0.00308507 
0.23408    5e-12    2.60591e-11    0    2.10591e-11    0.00308507    0.00308507 
0.233533    5e-12    2.60417e-11    0    2.10417e-11    0.00308507    0.00308507 
0.232988    5e-12    2.60244e-11    0    2.10244e-11    0.00308507    0.00308507 
0.232446    5e-12    2.60072e-11    0    2.10072e-11    0.00308507    0.00308507 
0.231907    5e-12    2.599e-11    0    2.099e-11    0.00308507    0.00308507 
0.23137    5e-12    2.59729e-11    0    2.09729e-11    0.00308507    0.00308507 
0.230835    5e-12    2.59558e-11    0    2.09558e-11    0.00308507    0.00308507 
0.230303    5e-12    2.59389e-11    0    2.09389e-11    0.00308507    0.00308507 
0.229773    5e-12    2.59219e-11    0    2.09219e-11    0.00308507    0.00308507 
0.229246    5e-12    2.59051e-11    0    2.09051e-11    0.00308507    0.00308507 
0.228721    5e-12    2.58883e-11    0    2.08883e-11    0.00308507    0.00308507 
0.228198    5e-12    2.58716e-11    0    2.08716e-11    0.00308507    0.00308507 
0.227678    5e-12    2.58549e-11    0    2.08549e-11    0.00308507    0.00308507 
0.227161    5e-12    2.58383e-11    0    2.08383e-11    0.00308507    0.00308507 
0.226645    5e-12    2.58218e-11    0    2.08218e-11    0.00308507    0.00308507 
0.226132    5e-12    2.58053e-11    0    2.08053e-11    0.00308507    0.00308507 
0.225622    5e-12    2.57889e-11    0    2.07889e-11    0.00308507    0.00308507 
0.225113    5e-12    2.57726e-11    0    2.07726e-11    0.00308507    0.00308507 
0.224607    5e-12    2.57563e-11    0    2.07563e-11    0.00308507    0.00308507 
0.224103    5e-12    2.57401e-11    0    2.07401e-11    0.00308507    0.00308507 
0.223602    5e-12    2.57239e-11    0    2.07239e-11    0.00308507    0.00308507 
0.223102    5e-12    2.57078e-11    0    2.07078e-11    0.00308507    0.00308507 
0.222605    5e-12    2.56917e-11    0    2.06917e-11    0.00308507    0.00308507 
0.22211    5e-12    2.56758e-11    0    2.06758e-11    0.00308507    0.00308507 
0.221617    5e-12    2.56598e-11    0    2.06598e-11    0.00308507    0.00308507 
0.221127    5e-12    2.5644e-11    0    2.0644e-11    0.00308507    0.00308507 
0.220639    5e-12    2.56281e-11    0    2.06281e-11    0.00308507    0.00308507 
0.220152    5e-12    2.56124e-11    0    2.06124e-11    0.00308507    0.00308507 
0.219668    5e-12    2.55967e-11    0    2.05967e-11    0.00308507    0.00308507 
0.219186    5e-12    2.55811e-11    0    2.05811e-11    0.00308507    0.00308507 
0.218706    5e-12    2.55655e-11    0    2.05655e-11    0.00308507    0.00308507 
0.218229    5e-12    2.55499e-11    0    2.05499e-11    0.00308507    0.00308507 
0.217753    5e-12    2.55345e-11    0    2.05345e-11    0.00308507    0.00308507 
0.217279    5e-12    2.55191e-11    0    2.05191e-11    0.00308507    0.00308507 
0.216808    5e-12    2.55037e-11    0    2.05037e-11    0.00308507    0.00308507 
0.216338    5e-12    2.54884e-11    0    2.04884e-11    0.00308507    0.00308507 
0.215871    5e-12    2.54732e-11    0    2.04732e-11    0.00308507    0.00308507 
0.215405    5e-12    2.5458e-11    0    2.0458e-11    0.00308507    0.00308507 
0.214942    5e-12    2.54428e-11    0    2.04428e-11    0.00308507    0.00308507 
0.21448    5e-12    2.54277e-11    0    2.04277e-11    0.00308507    0.00308507 
0.214021    5e-12    2.54127e-11    0    2.04127e-11    0.00308507    0.00308507 
0.213563    5e-12    2.53977e-11    0    2.03977e-11    0.00308507    0.00308507 
0.213108    5e-12    2.53828e-11    0    2.03828e-11    0.00308507    0.00308507 
0.212654    5e-12    2.53679e-11    0    2.03679e-11    0.00308507    0.00308507 
0.212202    5e-12    2.53531e-11    0    2.03531e-11    0.00308507    0.00308507 
0.211753    5e-12    2.53383e-11    0    2.03383e-11    0.00308507    0.00308507 
0.211305    5e-12    2.53236e-11    0    2.03236e-11    0.00308507    0.00308507 
0.210859    5e-12    2.53089e-11    0    2.03089e-11    0.00308507    0.00308507 
0.210415    5e-12    2.52943e-11    0    2.02943e-11    0.00308507    0.00308507 
0.209972    5e-12    2.52798e-11    0    2.02798e-11    0.00308507    0.00308507 
0.209532    5e-12    2.52652e-11    0    2.02652e-11    0.00308507    0.00308507 
0.209093    5e-12    2.52508e-11    0    2.02508e-11    0.00308507    0.00308507 
0.208657    5e-12    2.52364e-11    0    2.02364e-11    0.00308507    0.00308507 
0.208222    5e-12    2.5222e-11    0    2.0222e-11    0.00308507    0.00308507 
0.207789    5e-12    2.52077e-11    0    2.02077e-11    0.00308507    0.00308507 
0.207357    5e-12    2.51934e-11    0    2.01934e-11    0.00308507    0.00308507 
0.206928    5e-12    2.51792e-11    0    2.01792e-11    0.00308507    0.00308507 
0.2065    5e-12    2.5165e-11    0    2.0165e-11    0.00308507    0.00308507 
0.206074    5e-12    2.51509e-11    0    2.01509e-11    0.00308507    0.00308507 
0.20565    5e-12    2.51368e-11    0    2.01368e-11    0.00308507    0.00308507 
0.205228    5e-12    2.51228e-11    0    2.01228e-11    0.00308507    0.00308507 
0.204807    5e-12    2.51088e-11    0    2.01088e-11    0.00308507    0.00308507 
0.204388    5e-12    2.50949e-11    0    2.00949e-11    0.00308507    0.00308507 
0.20397    5e-12    2.5081e-11    0    2.0081e-11    0.00308507    0.00308507 
0.203555    5e-12    2.50672e-11    0    2.00672e-11    0.00308507    0.00308507 
0.203141    5e-12    2.50534e-11    0    2.00534e-11    0.00308507    0.00308507 
0.202729    5e-12    2.50396e-11    0    2.00396e-11    0.00308507    0.00308507 
0.202318    5e-12    2.50259e-11    0    2.00259e-11    0.00308507    0.00308507 
0.201909    5e-12    2.50123e-11    0    2.00123e-11    0.00308507    0.00308507 
0.201502    5e-12    2.49987e-11    0    1.99987e-11    0.00308507    0.00308507 
0.201096    5e-12    2.49851e-11    0    1.99851e-11    0.00308507    0.00308507 
0.200692    5e-12    2.49716e-11    0    1.99716e-11    0.00308507    0.00308507 
0.20029    5e-12    2.49581e-11    0    1.99581e-11    0.00308507    0.00308507 
0.199889    5e-12    2.49447e-11    0    1.99447e-11    0.00308507    0.00308507 
0.19949    5e-12    2.49313e-11    0    1.99313e-11    0.00308507    0.00308507 
0.199093    5e-12    2.49179e-11    0    1.99179e-11    0.00308507    0.00308507 
0.198697    5e-12    2.49046e-11    0    1.99046e-11    0.00308507    0.00308507 
0.198302    5e-12    2.48914e-11    0    1.98914e-11    0.00308507    0.00308507 
0.197909    5e-12    2.48782e-11    0    1.98782e-11    0.00308507    0.00308507 
0.197518    5e-12    2.4865e-11    0    1.9865e-11    0.00308507    0.00308507 
0.197128    5e-12    2.48519e-11    0    1.98519e-11    0.00308507    0.00308507 
0.19674    5e-12    2.48388e-11    0    1.98388e-11    0.00308507    0.00308507 
0.196353    5e-12    2.48257e-11    0    1.98257e-11    0.00308507    0.00308507 
0.195968    5e-12    2.48127e-11    0    1.98127e-11    0.00308507    0.00308507 
0.195584    5e-12    2.47998e-11    0    1.97998e-11    0.00308507    0.00308507 
0.195202    5e-12    2.47869e-11    0    1.97869e-11    0.00308507    0.00308507 
0.194822    5e-12    2.4774e-11    0    1.9774e-11    0.00308507    0.00308507 
0.194442    5e-12    2.47611e-11    0    1.97611e-11    0.00308507    0.00308507 
0.194065    5e-12    2.47484e-11    0    1.97484e-11    0.00308507    0.00308507 
0.193688    5e-12    2.47356e-11    0    1.97356e-11    0.00308507    0.00308507 
0.193314    5e-12    2.47229e-11    0    1.97229e-11    0.00308507    0.00308507 
0.19294    5e-12    2.47102e-11    0    1.97102e-11    0.00308507    0.00308507 
0.192568    5e-12    2.46976e-11    0    1.96976e-11    0.00308507    0.00308507 
0.192198    5e-12    2.4685e-11    0    1.9685e-11    0.00308507    0.00308507 
0.191829    5e-12    2.46724e-11    0    1.96724e-11    0.00308507    0.00308507 
0.191461    5e-12    2.46599e-11    0    1.96599e-11    0.00308507    0.00308507 
0.191095    5e-12    2.46474e-11    0    1.96474e-11    0.00308507    0.00308507 
0.19073    5e-12    2.4635e-11    0    1.9635e-11    0.00308507    0.00308507 
0.190367    5e-12    2.46226e-11    0    1.96226e-11    0.00308507    0.00308507 
0.190005    5e-12    2.46103e-11    0    1.96103e-11    0.00308507    0.00308507 
0.189644    5e-12    2.45979e-11    0    1.95979e-11    0.00308507    0.00308507 
0.189285    5e-12    2.45857e-11    0    1.95857e-11    0.00308507    0.00308507 
0.188927    5e-12    2.45734e-11    0    1.95734e-11    0.00308507    0.00308507 
0.18857    5e-12    2.45612e-11    0    1.95612e-11    0.00308507    0.00308507 
0.188215    5e-12    2.4549e-11    0    1.9549e-11    0.00308507    0.00308507 
0.187861    5e-12    2.45369e-11    0    1.95369e-11    0.00308507    0.00308507 
0.187508    5e-12    2.45248e-11    0    1.95248e-11    0.00308507    0.00308507 
0.187157    5e-12    2.45128e-11    0    1.95128e-11    0.00308507    0.00308507 
0.186807    5e-12    2.45007e-11    0    1.95007e-11    0.00308507    0.00308507 
0.186458    5e-12    2.44888e-11    0    1.94888e-11    0.00308507    0.00308507 
0.186111    5e-12    2.44768e-11    0    1.94768e-11    0.00308507    0.00308507 
0.185765    5e-12    2.44649e-11    0    1.94649e-11    0.00308507    0.00308507 
0.18542    5e-12    2.4453e-11    0    1.9453e-11    0.00308507    0.00308507 
0.185077    5e-12    2.44412e-11    0    1.94412e-11    0.00308507    0.00308507 
0.184734    5e-12    2.44294e-11    0    1.94294e-11    0.00308507    0.00308507 
0.184393    5e-12    2.44176e-11    0    1.94176e-11    0.00308507    0.00308507 
0.184054    5e-12    2.44059e-11    0    1.94059e-11    0.00308507    0.00308507 
0.183715    5e-12    2.43942e-11    0    1.93942e-11    0.00308507    0.00308507 
0.183378    5e-12    2.43825e-11    0    1.93825e-11    0.00308507    0.00308507 
0.183042    5e-12    2.43709e-11    0    1.93709e-11    0.00308507    0.00308507 
0.182707    5e-12    2.43593e-11    0    1.93593e-11    0.00308507    0.00308507 
0.182374    5e-12    2.43478e-11    0    1.93478e-11    0.00308507    0.00308507 
0.182041    5e-12    2.43362e-11    0    1.93362e-11    0.00308507    0.00308507 
0.18171    5e-12    2.43247e-11    0    1.93247e-11    0.00308507    0.00308507 
0.18138    5e-12    2.43133e-11    0    1.93133e-11    0.00308507    0.00308507 
0.181052    5e-12    2.43019e-11    0    1.93019e-11    0.00308507    0.00308507 
0.180724    5e-12    2.42905e-11    0    1.92905e-11    0.00308507    0.00308507 
0.180398    5e-12    2.42791e-11    0    1.92791e-11    0.00308507    0.00308507 
0.180072    5e-12    2.42678e-11    0    1.92678e-11    0.00308507    0.00308507 
0.179748    5e-12    2.42565e-11    0    1.92565e-11    0.00308507    0.00308507 
0.179426    5e-12    2.42453e-11    0    1.92453e-11    0.00308507    0.00308507 
0.179104    5e-12    2.42341e-11    0    1.92341e-11    0.00308507    0.00308507 
0.178783    5e-12    2.42229e-11    0    1.92229e-11    0.00308507    0.00308507 
0.178464    5e-12    2.42117e-11    0    1.92117e-11    0.00308507    0.00308507 
0.178146    5e-12    2.42006e-11    0    1.92006e-11    0.00308507    0.00308507 
0.177829    5e-12    2.41895e-11    0    1.91895e-11    0.00308507    0.00308507 
0.177513    5e-12    2.41784e-11    0    1.91784e-11    0.00308507    0.00308507 
0.177198    5e-12    2.41674e-11    0    1.91674e-11    0.00308507    0.00308507 
0.176884    5e-12    2.41564e-11    0    1.91564e-11    0.00308507    0.00308507 
0.176571    5e-12    2.41455e-11    0    1.91455e-11    0.00308507    0.00308507 
0.17626    5e-12    2.41345e-11    0    1.91345e-11    0.00308507    0.00308507 
0.175949    5e-12    2.41236e-11    0    1.91236e-11    0.00308507    0.00308507 
0.17564    5e-12    2.41128e-11    0    1.91128e-11    0.00308507    0.00308507 
0.175332    5e-12    2.41019e-11    0    1.91019e-11    0.00308507    0.00308507 
0.175025    5e-12    2.40911e-11    0    1.90911e-11    0.00308507    0.00308507 
0.174719    5e-12    2.40803e-11    0    1.90803e-11    0.00308507    0.00308507 
0.174414    5e-12    2.40696e-11    0    1.90696e-11    0.00308507    0.00308507 
0.17411    5e-12    2.40589e-11    0    1.90589e-11    0.00308507    0.00308507 
0.173807    5e-12    2.40482e-11    0    1.90482e-11    0.00308507    0.00308507 
0.173505    5e-12    2.40375e-11    0    1.90375e-11    0.00308507    0.00308507 
0.173204    5e-12    2.40269e-11    0    1.90269e-11    0.00308507    0.00308507 
0.172904    5e-12    2.40163e-11    0    1.90163e-11    0.00308507    0.00308507 
0.172605    5e-12    2.40058e-11    0    1.90058e-11    0.00308507    0.00308507 
0.172308    5e-12    2.39952e-11    0    1.89952e-11    0.00308507    0.00308507 
0.172011    5e-12    2.39847e-11    0    1.89847e-11    0.00308507    0.00308507 
0.171715    5e-12    2.39742e-11    0    1.89742e-11    0.00308507    0.00308507 
0.171421    5e-12    2.39638e-11    0    1.89638e-11    0.00308507    0.00308507 
0.171127    5e-12    2.39534e-11    0    1.89534e-11    0.00308507    0.00308507 
0.170834    5e-12    2.3943e-11    0    1.8943e-11    0.00308507    0.00308507 
0.170543    5e-12    2.39326e-11    0    1.89326e-11    0.00308507    0.00308507 
0.170252    5e-12    2.39223e-11    0    1.89223e-11    0.00308507    0.00308507 
0.169963    5e-12    2.3912e-11    0    1.8912e-11    0.00308507    0.00308507 
0.169674    5e-12    2.39017e-11    0    1.89017e-11    0.00308507    0.00308507 
0.169386    5e-12    2.38915e-11    0    1.88915e-11    0.00308507    0.00308507 
0.169099    5e-12    2.38813e-11    0    1.88813e-11    0.00308507    0.00308507 
0.168814    5e-12    2.38711e-11    0    1.88711e-11    0.00308507    0.00308507 
0.168529    5e-12    2.38609e-11    0    1.88609e-11    0.00308507    0.00308507 
0.168245    5e-12    2.38508e-11    0    1.88508e-11    0.00308507    0.00308507 
0.167962    5e-12    2.38407e-11    0    1.88407e-11    0.00308507    0.00308507 
0.16768    5e-12    2.38306e-11    0    1.88306e-11    0.00308507    0.00308507 
0.167399    5e-12    2.38205e-11    0    1.88205e-11    0.00308507    0.00308507 
0.167119    5e-12    2.38105e-11    0    1.88105e-11    0.00308507    0.00308507 
0.16684    5e-12    2.38005e-11    0    1.88005e-11    0.00308507    0.00308507 
0.166562    5e-12    2.37906e-11    0    1.87906e-11    0.00308507    0.00308507 
0.166285    5e-12    2.37806e-11    0    1.87806e-11    0.00308507    0.00308507 
0.166008    5e-12    2.37707e-11    0    1.87707e-11    0.00308507    0.00308507 
0.165733    5e-12    2.37608e-11    0    1.87608e-11    0.00308507    0.00308507 
0.165459    5e-12    2.37509e-11    0    1.87509e-11    0.00308507    0.00308507 
0.165185    5e-12    2.37411e-11    0    1.87411e-11    0.00308507    0.00308507 
0.164912    5e-12    2.37313e-11    0    1.87313e-11    0.00308507    0.00308507 
0.16464    5e-12    2.37215e-11    0    1.87215e-11    0.00308507    0.00308507 
0.16437    5e-12    2.37118e-11    0    1.87118e-11    0.00308507    0.00308507 
0.1641    5e-12    2.3702e-11    0    1.8702e-11    0.00308507    0.00308507 
0.16383    5e-12    2.36923e-11    0    1.86923e-11    0.00308507    0.00308507 
0.163562    5e-12    2.36826e-11    0    1.86826e-11    0.00308507    0.00308507 
0.163295    5e-12    2.3673e-11    0    1.8673e-11    0.00308507    0.00308507 
0.163028    5e-12    2.36634e-11    0    1.86634e-11    0.00308507    0.00308507 
0.162763    5e-12    2.36538e-11    0    1.86538e-11    0.00308507    0.00308507 
0.162498    5e-12    2.36442e-11    0    1.86442e-11    0.00308507    0.00308507 
0.162234    5e-12    2.36346e-11    0    1.86346e-11    0.00308507    0.00308507 
0.161971    5e-12    2.36251e-11    0    1.86251e-11    0.00308507    0.00308507 
0.161709    5e-12    2.36156e-11    0    1.86156e-11    0.00308507    0.00308507 
0.161448    5e-12    2.36061e-11    0    1.86061e-11    0.00308507    0.00308507 
0.161187    5e-12    2.35967e-11    0    1.85967e-11    0.00308507    0.00308507 
0.160927    5e-12    2.35872e-11    0    1.85872e-11    0.00308507    0.00308507 
0.160669    5e-12    2.35778e-11    0    1.85778e-11    0.00308507    0.00308507 
0.160411    5e-12    2.35685e-11    0    1.85685e-11    0.00308507    0.00308507 
0.160153    5e-12    2.35591e-11    0    1.85591e-11    0.00308507    0.00308507 
0.159897    5e-12    2.35498e-11    0    1.85498e-11    0.00308507    0.00308507 
0.159642    5e-12    2.35405e-11    0    1.85405e-11    0.00308507    0.00308507 
0.159387    5e-12    2.35312e-11    0    1.85312e-11    0.00308507    0.00308507 
0.159133    5e-12    2.35219e-11    0    1.85219e-11    0.00308507    0.00308507 
0.15888    5e-12    2.35127e-11    0    1.85127e-11    0.00308507    0.00308507 
0.158628    5e-12    2.35035e-11    0    1.85035e-11    0.00308507    0.00308507 
0.158376    5e-12    2.34943e-11    0    1.84943e-11    0.00308507    0.00308507 
0.158126    5e-12    2.34851e-11    0    1.84851e-11    0.00308507    0.00308507 
0.157876    5e-12    2.3476e-11    0    1.8476e-11    0.00308507    0.00308507 
0.157627    5e-12    2.34669e-11    0    1.84669e-11    0.00308507    0.00308507 
0.157378    5e-12    2.34578e-11    0    1.84578e-11    0.00308507    0.00308507 
0.157131    5e-12    2.34487e-11    0    1.84487e-11    0.00308507    0.00308507 
0.156884    5e-12    2.34397e-11    0    1.84397e-11    0.00308507    0.00308507 
0.156638    5e-12    2.34306e-11    0    1.84306e-11    0.00308507    0.00308507 
0.156393    5e-12    2.34216e-11    0    1.84216e-11    0.00308507    0.00308507 
0.156148    5e-12    2.34127e-11    0    1.84127e-11    0.00308507    0.00308507 
0.155905    5e-12    2.34037e-11    0    1.84037e-11    0.00308507    0.00308507 
0.155662    5e-12    2.33948e-11    0    1.83948e-11    0.00308507    0.00308507 
0.155419    5e-12    2.33859e-11    0    1.83859e-11    0.00308507    0.00308507 
0.155178    5e-12    2.3377e-11    0    1.8377e-11    0.00308507    0.00308507 
0.154937    5e-12    2.33681e-11    0    1.83681e-11    0.00308507    0.00308507 
0.154697    5e-12    2.33593e-11    0    1.83593e-11    0.00308507    0.00308507 
0.154458    5e-12    2.33505e-11    0    1.83505e-11    0.00308507    0.00308507 
0.15422    5e-12    2.33417e-11    0    1.83417e-11    0.00308507    0.00308507 
0.153982    5e-12    2.33329e-11    0    1.83329e-11    0.00308507    0.00308507 
0.153745    5e-12    2.33241e-11    0    1.83241e-11    0.00308507    0.00308507 
0.153509    5e-12    2.33154e-11    0    1.83154e-11    0.00308507    0.00308507 
0.153273    5e-12    2.33067e-11    0    1.83067e-11    0.00308507    0.00308507 
0.153039    5e-12    2.3298e-11    0    1.8298e-11    0.00308507    0.00308507 
0.152804    5e-12    2.32893e-11    0    1.82893e-11    0.00308507    0.00308507 
0.152571    5e-12    2.32807e-11    0    1.82807e-11    0.00308507    0.00308507 
0.152338    5e-12    2.3272e-11    0    1.8272e-11    0.00308507    0.00308507 
0.152107    5e-12    2.32634e-11    0    1.82634e-11    0.00308507    0.00308507 
0.151875    5e-12    2.32549e-11    0    1.82549e-11    0.00308507    0.00308507 
0.151645    5e-12    2.32463e-11    0    1.82463e-11    0.00308507    0.00308507 
0.151415    5e-12    2.32377e-11    0    1.82377e-11    0.00308507    0.00308507 
0.151186    5e-12    2.32292e-11    0    1.82292e-11    0.00308507    0.00308507 
0.150957    5e-12    2.32207e-11    0    1.82207e-11    0.00308507    0.00308507 
0.15073    5e-12    2.32122e-11    0    1.82122e-11    0.00308507    0.00308507 
0.150502    5e-12    2.32038e-11    0    1.82038e-11    0.00308507    0.00308507 
0.150276    5e-12    2.31953e-11    0    1.81953e-11    0.00308507    0.00308507 
0.15005    5e-12    2.31869e-11    0    1.81869e-11    0.00308507    0.00308507 
0.149825    5e-12    2.31785e-11    0    1.81785e-11    0.00308507    0.00308507 
0.149601    5e-12    2.31702e-11    0    1.81702e-11    0.00308507    0.00308507 
0.149377    5e-12    2.31618e-11    0    1.81618e-11    0.00308507    0.00308507 
0.149154    5e-12    2.31535e-11    0    1.81535e-11    0.00308507    0.00308507 
0.148932    5e-12    2.31451e-11    0    1.81451e-11    0.00308507    0.00308507 
0.14871    5e-12    2.31369e-11    0    1.81369e-11    0.00308507    0.00308507 
0.148489    5e-12    2.31286e-11    0    1.81286e-11    0.00308507    0.00308507 
0.148269    5e-12    2.31203e-11    0    1.81203e-11    0.00308507    0.00308507 
0.148049    5e-12    2.31121e-11    0    1.81121e-11    0.00308507    0.00308507 
0.14783    5e-12    2.31039e-11    0    1.81039e-11    0.00308507    0.00308507 
0.147611    5e-12    2.30957e-11    0    1.80957e-11    0.00308507    0.00308507 
0.147394    5e-12    2.30875e-11    0    1.80875e-11    0.00308507    0.00308507 
0.147177    5e-12    2.30793e-11    0    1.80793e-11    0.00308507    0.00308507 
0.14696    5e-12    2.30712e-11    0    1.80712e-11    0.00308507    0.00308507 
0.146744    5e-12    2.30631e-11    0    1.80631e-11    0.00308507    0.00308507 
0.146529    5e-12    2.3055e-11    0    1.8055e-11    0.00308507    0.00308507 
0.146314    5e-12    2.30469e-11    0    1.80469e-11    0.00308507    0.00308507 
0.1461    5e-12    2.30388e-11    0    1.80388e-11    0.00308507    0.00308507 
0.145887    5e-12    2.30308e-11    0    1.80308e-11    0.00308507    0.00308507 
0.145674    5e-12    2.30228e-11    0    1.80228e-11    0.00308507    0.00308507 
0.145462    5e-12    2.30148e-11    0    1.80148e-11    0.00308507    0.00308507 
0.145251    5e-12    2.30068e-11    0    1.80068e-11    0.00308507    0.00308507 
0.14504    5e-12    2.29988e-11    0    1.79988e-11    0.00308507    0.00308507 
0.14483    5e-12    2.29908e-11    0    1.79908e-11    0.00308507    0.00308507 
0.14462    5e-12    2.29829e-11    0    1.79829e-11    0.00308507    0.00308507 
0.144411    5e-12    2.2975e-11    0    1.7975e-11    0.00308507    0.00308507 
0.144202    5e-12    2.29671e-11    0    1.79671e-11    0.00308507    0.00308507 
0.143994    5e-12    2.29592e-11    0    1.79592e-11    0.00308507    0.00308507 
0.143787    5e-12    2.29514e-11    0    1.79514e-11    0.00308507    0.00308507 
0.143581    5e-12    2.29435e-11    0    1.79435e-11    0.00308507    0.00308507 
0.143375    5e-12    2.29357e-11    0    1.79357e-11    0.00308507    0.00308507 
0.143169    5e-12    2.29279e-11    0    1.79279e-11    0.00308507    0.00308507 
0.142964    5e-12    2.29201e-11    0    1.79201e-11    0.00308507    0.00308507 
0.14276    5e-12    2.29124e-11    0    1.79124e-11    0.00308507    0.00308507 
0.142556    5e-12    2.29046e-11    0    1.79046e-11    0.00308507    0.00308507 
0.142353    5e-12    2.28969e-11    0    1.78969e-11    0.00308507    0.00308507 
0.14215    5e-12    2.28892e-11    0    1.78892e-11    0.00308507    0.00308507 
0.141948    5e-12    2.28815e-11    0    1.78815e-11    0.00308507    0.00308507 
0.141747    5e-12    2.28738e-11    0    1.78738e-11    0.00308507    0.00308507 
0.141546    5e-12    2.28661e-11    0    1.78661e-11    0.00308507    0.00308507 
0.141346    5e-12    2.28585e-11    0    1.78585e-11    0.00308507    0.00308507 
0.141146    5e-12    2.28509e-11    0    1.78509e-11    0.00308507    0.00308507 
0.140947    5e-12    2.28433e-11    0    1.78433e-11    0.00308507    0.00308507 
0.140749    5e-12    2.28357e-11    0    1.78357e-11    0.00308507    0.00308507 
0.140551    5e-12    2.28281e-11    0    1.78281e-11    0.00308507    0.00308507 
0.140353    5e-12    2.28205e-11    0    1.78205e-11    0.00308507    0.00308507 
0.140156    5e-12    2.2813e-11    0    1.7813e-11    0.00308507    0.00308507 
0.13996    5e-12    2.28055e-11    0    1.78055e-11    0.00308507    0.00308507 
0.139764    5e-12    2.2798e-11    0    1.7798e-11    0.00308507    0.00308507 
0.139569    5e-12    2.27905e-11    0    1.77905e-11    0.00308507    0.00308507 
0.139374    5e-12    2.2783e-11    0    1.7783e-11    0.00308507    0.00308507 
0.13918    5e-12    2.27756e-11    0    1.77756e-11    0.00308507    0.00308507 
0.138986    5e-12    2.27681e-11    0    1.77681e-11    0.00308507    0.00308507 
0.138793    5e-12    2.27607e-11    0    1.77607e-11    0.00308507    0.00308507 
0.138601    5e-12    2.27533e-11    0    1.77533e-11    0.00308507    0.00308507 
0.138408    5e-12    2.27459e-11    0    1.77459e-11    0.00308507    0.00308507 
0.138217    5e-12    2.27385e-11    0    1.77385e-11    0.00308507    0.00308507 
0.138026    5e-12    2.27312e-11    0    1.77312e-11    0.00308507    0.00308507 
0.137836    5e-12    2.27238e-11    0    1.77238e-11    0.00308507    0.00308507 
0.137646    5e-12    2.27165e-11    0    1.77165e-11    0.00308507    0.00308507 
0.137456    5e-12    2.27092e-11    0    1.77092e-11    0.00308507    0.00308507 
0.137267    5e-12    2.27019e-11    0    1.77019e-11    0.00308507    0.00308507 
0.137079    5e-12    2.26946e-11    0    1.76946e-11    0.00308507    0.00308507 
0.136891    5e-12    2.26874e-11    0    1.76874e-11    0.00308507    0.00308507 
0.136704    5e-12    2.26801e-11    0    1.76801e-11    0.00308507    0.00308507 
0.136517    5e-12    2.26729e-11    0    1.76729e-11    0.00308507    0.00308507 
0.136331    5e-12    2.26657e-11    0    1.76657e-11    0.00308507    0.00308507 
0.136145    5e-12    2.26585e-11    0    1.76585e-11    0.00308507    0.00308507 
0.13596    5e-12    2.26513e-11    0    1.76513e-11    0.00308507    0.00308507 
0.135775    5e-12    2.26442e-11    0    1.76442e-11    0.00308507    0.00308507 
0.135591    5e-12    2.2637e-11    0    1.7637e-11    0.00308507    0.00308507 
0.135407    5e-12    2.26299e-11    0    1.76299e-11    0.00308507    0.00308507 
0.135224    5e-12    2.26228e-11    0    1.76228e-11    0.00308507    0.00308507 
0.135041    5e-12    2.26157e-11    0    1.76157e-11    0.00308507    0.00308507 
0.134858    5e-12    2.26086e-11    0    1.76086e-11    0.00308507    0.00308507 
0.134677    5e-12    2.26015e-11    0    1.76015e-11    0.00308507    0.00308507 
0.134495    5e-12    2.25945e-11    0    1.75945e-11    0.00308507    0.00308507 
0.134315    5e-12    2.25874e-11    0    1.75874e-11    0.00308507    0.00308507 
0.134134    5e-12    2.25804e-11    0    1.75804e-11    0.00308507    0.00308507 
0.133954    5e-12    2.25734e-11    0    1.75734e-11    0.00308507    0.00308507 
0.133775    5e-12    2.25664e-11    0    1.75664e-11    0.00308507    0.00308507 
0.133596    5e-12    2.25594e-11    0    1.75594e-11    0.00308507    0.00308507 
0.133418    5e-12    2.25524e-11    0    1.75524e-11    0.00308507    0.00308507 
0.13324    5e-12    2.25455e-11    0    1.75455e-11    0.00308507    0.00308507 
0.133062    5e-12    2.25386e-11    0    1.75386e-11    0.00308507    0.00308507 
0.132885    5e-12    2.25316e-11    0    1.75316e-11    0.00308507    0.00308507 
0.132709    5e-12    2.25247e-11    0    1.75247e-11    0.00308507    0.00308507 
0.132533    5e-12    2.25178e-11    0    1.75178e-11    0.00308507    0.00308507 
0.132357    5e-12    2.2511e-11    0    1.7511e-11    0.00308507    0.00308507 
0.132182    5e-12    2.25041e-11    0    1.75041e-11    0.00308507    0.00308507 
0.132007    5e-12    2.24973e-11    0    1.74973e-11    0.00308507    0.00308507 
0.131833    5e-12    2.24904e-11    0    1.74904e-11    0.00308507    0.00308507 
0.131659    5e-12    2.24836e-11    0    1.74836e-11    0.00308507    0.00308507 
0.131486    5e-12    2.24768e-11    0    1.74768e-11    0.00308507    0.00308507 
0.131313    5e-12    2.247e-11    0    1.747e-11    0.00308507    0.00308507 
0.131141    5e-12    2.24633e-11    0    1.74633e-11    0.00308507    0.00308507 
0.130969    5e-12    2.24565e-11    0    1.74565e-11    0.00308507    0.00308507 
0.130797    5e-12    2.24497e-11    0    1.74497e-11    0.00308507    0.00308507 
0.130626    5e-12    2.2443e-11    0    1.7443e-11    0.00308507    0.00308507 
0.130456    5e-12    2.24363e-11    0    1.74363e-11    0.00308507    0.00308507 
0.130286    5e-12    2.24296e-11    0    1.74296e-11    0.00308507    0.00308507 
0.130116    5e-12    2.24229e-11    0    1.74229e-11    0.00308507    0.00308507 
0.129947    5e-12    2.24162e-11    0    1.74162e-11    0.00308507    0.00308507 
0.129778    5e-12    2.24096e-11    0    1.74096e-11    0.00308507    0.00308507 
0.12961    5e-12    2.24029e-11    0    1.74029e-11    0.00308507    0.00308507 
0.129442    5e-12    2.23963e-11    0    1.73963e-11    0.00308507    0.00308507 
0.129274    5e-12    2.23897e-11    0    1.73897e-11    0.00308507    0.00308507 
0.129107    5e-12    2.23831e-11    0    1.73831e-11    0.00308507    0.00308507 
0.12894    5e-12    2.23765e-11    0    1.73765e-11    0.00308507    0.00308507 
0.128774    5e-12    2.23699e-11    0    1.73699e-11    0.00308507    0.00308507 
0.128608    5e-12    2.23633e-11    0    1.73633e-11    0.00308507    0.00308507 
0.128443    5e-12    2.23568e-11    0    1.73568e-11    0.00308507    0.00308507 
0.128278    5e-12    2.23503e-11    0    1.73503e-11    0.00308507    0.00308507 
0.128114    5e-12    2.23437e-11    0    1.73437e-11    0.00308507    0.00308507 
0.12795    5e-12    2.23372e-11    0    1.73372e-11    0.00308507    0.00308507 
0.127786    5e-12    2.23307e-11    0    1.73307e-11    0.00308507    0.00308507 
0.127623    5e-12    2.23242e-11    0    1.73242e-11    0.00308507    0.00308507 
0.12746    5e-12    2.23178e-11    0    1.73178e-11    0.00308507    0.00308507 
0.127297    5e-12    2.23113e-11    0    1.73113e-11    0.00308507    0.00308507 
0.127135    5e-12    2.23049e-11    0    1.73049e-11    0.00308507    0.00308507 
0.126974    5e-12    2.22984e-11    0    1.72984e-11    0.00308507    0.00308507 
0.126813    5e-12    2.2292e-11    0    1.7292e-11    0.00308507    0.00308507 
0.126652    5e-12    2.22856e-11    0    1.72856e-11    0.00308507    0.00308507 
0.126491    5e-12    2.22792e-11    0    1.72792e-11    0.00308507    0.00308507 
0.126332    5e-12    2.22728e-11    0    1.72728e-11    0.00308507    0.00308507 
0.126172    5e-12    2.22665e-11    0    1.72665e-11    0.00308507    0.00308507 
0.126013    5e-12    2.22601e-11    0    1.72601e-11    0.00308507    0.00308507 
0.125854    5e-12    2.22538e-11    0    1.72538e-11    0.00308507    0.00308507 
0.125696    5e-12    2.22475e-11    0    1.72475e-11    0.00308507    0.00308507 
0.125538    5e-12    2.22412e-11    0    1.72412e-11    0.00308507    0.00308507 
0.12538    5e-12    2.22349e-11    0    1.72349e-11    0.00308507    0.00308507 
0.125223    5e-12    2.22286e-11    0    1.72286e-11    0.00308507    0.00308507 
0.125066    5e-12    2.22223e-11    0    1.72223e-11    0.00308507    0.00308507 
0.12491    5e-12    2.2216e-11    0    1.7216e-11    0.00308507    0.00308507 
0.124754    5e-12    2.22098e-11    0    1.72098e-11    0.00308507    0.00308507 
0.124598    5e-12    2.22035e-11    0    1.72035e-11    0.00308507    0.00308507 
0.124443    5e-12    2.21973e-11    0    1.71973e-11    0.00308507    0.00308507 
0.124288    5e-12    2.21911e-11    0    1.71911e-11    0.00308507    0.00308507 
0.124134    5e-12    2.21849e-11    0    1.71849e-11    0.00308507    0.00308507 
0.12398    5e-12    2.21787e-11    0    1.71787e-11    0.00308507    0.00308507 
0.123826    5e-12    2.21725e-11    0    1.71725e-11    0.00308507    0.00308507 
0.123673    5e-12    2.21664e-11    0    1.71664e-11    0.00308507    0.00308507 
0.12352    5e-12    2.21602e-11    0    1.71602e-11    0.00308507    0.00308507 
0.123367    5e-12    2.21541e-11    0    1.71541e-11    0.00308507    0.00308507 
0.123215    5e-12    2.2148e-11    0    1.7148e-11    0.00308507    0.00308507 
0.123063    5e-12    2.21418e-11    0    1.71418e-11    0.00308507    0.00308507 
0.122912    5e-12    2.21357e-11    0    1.71357e-11    0.00308507    0.00308507 
0.122761    5e-12    2.21297e-11    0    1.71297e-11    0.00308507    0.00308507 
0.12261    5e-12    2.21236e-11    0    1.71236e-11    0.00308507    0.00308507 
0.12246    5e-12    2.21175e-11    0    1.71175e-11    0.00308507    0.00308507 
0.12231    5e-12    2.21115e-11    0    1.71115e-11    0.00308507    0.00308507 
0.122161    5e-12    2.21054e-11    0    1.71054e-11    0.00308507    0.00308507 
0.122011    5e-12    2.20994e-11    0    1.70994e-11    0.00308507    0.00308507 
0.121862    5e-12    2.20934e-11    0    1.70934e-11    0.00308507    0.00308507 
0.121714    5e-12    2.20874e-11    0    1.70874e-11    0.00308507    0.00308507 
0.121566    5e-12    2.20814e-11    0    1.70814e-11    0.00308507    0.00308507 
0.121418    5e-12    2.20754e-11    0    1.70754e-11    0.00308507    0.00308507 
0.121271    5e-12    2.20694e-11    0    1.70694e-11    0.00308507    0.00308507 
0.121124    5e-12    2.20634e-11    0    1.70634e-11    0.00308507    0.00308507 
0.120977    5e-12    2.20575e-11    0    1.70575e-11    0.00308507    0.00308507 
0.120831    5e-12    2.20516e-11    0    1.70516e-11    0.00308507    0.00308507 
0.120685    5e-12    2.20456e-11    0    1.70456e-11    0.00308507    0.00308507 
0.120539    5e-12    2.20397e-11    0    1.70397e-11    0.00308507    0.00308507 
0.120394    5e-12    2.20338e-11    0    1.70338e-11    0.00308507    0.00308507 
0.120249    5e-12    2.20279e-11    0    1.70279e-11    0.00308507    0.00308507 
0.120104    5e-12    2.2022e-11    0    1.7022e-11    0.00308507    0.00308507 
0.11996    5e-12    2.20162e-11    0    1.70162e-11    0.00308507    0.00308507 
0.119816    5e-12    2.20103e-11    0    1.70103e-11    0.00308507    0.00308507 
0.119673    5e-12    2.20045e-11    0    1.70045e-11    0.00308507    0.00308507 
0.11953    5e-12    2.19986e-11    0    1.69986e-11    0.00308507    0.00308507 
0.119387    5e-12    2.19928e-11    0    1.69928e-11    0.00308507    0.00308507 
0.119244    5e-12    2.1987e-11    0    1.6987e-11    0.00308507    0.00308507 
0.119102    5e-12    2.19812e-11    0    1.69812e-11    0.00308507    0.00308507 
0.11896    5e-12    2.19754e-11    0    1.69754e-11    0.00308507    0.00308507 
0.118819    5e-12    2.19696e-11    0    1.69696e-11    0.00308507    0.00308507 
0.118678    5e-12    2.19639e-11    0    1.69639e-11    0.00308507    0.00308507 
0.118537    5e-12    2.19581e-11    0    1.69581e-11    0.00308507    0.00308507 
0.118396    5e-12    2.19524e-11    0    1.69524e-11    0.00308507    0.00308507 
0.118256    5e-12    2.19466e-11    0    1.69466e-11    0.00308507    0.00308507 
0.118116    5e-12    2.19409e-11    0    1.69409e-11    0.00308507    0.00308507 
0.117977    5e-12    2.19352e-11    0    1.69352e-11    0.00308507    0.00308507 
0.117838    5e-12    2.19295e-11    0    1.69295e-11    0.00308507    0.00308507 
0.117699    5e-12    2.19238e-11    0    1.69238e-11    0.00308507    0.00308507 
0.11756    5e-12    2.19181e-11    0    1.69181e-11    0.00308507    0.00308507 
0.117422    5e-12    2.19125e-11    0    1.69125e-11    0.00308507    0.00308507 
0.117284    5e-12    2.19068e-11    0    1.69068e-11    0.00308507    0.00308507 
0.117147    5e-12    2.19011e-11    0    1.69011e-11    0.00308507    0.00308507 
0.11701    5e-12    2.18955e-11    0    1.68955e-11    0.00308507    0.00308507 
0.116873    5e-12    2.18899e-11    0    1.68899e-11    0.00308507    0.00308507 
0.116736    5e-12    2.18843e-11    0    1.68843e-11    0.00308507    0.00308507 
0.1166    5e-12    2.18787e-11    0    1.68787e-11    0.00308507    0.00308507 
0.116464    5e-12    2.18731e-11    0    1.68731e-11    0.00308507    0.00308507 
0.116328    5e-12    2.18675e-11    0    1.68675e-11    0.00308507    0.00308507 
0.116193    5e-12    2.18619e-11    0    1.68619e-11    0.00308507    0.00308507 
0.116058    5e-12    2.18563e-11    0    1.68563e-11    0.00308507    0.00308507 
0.115923    5e-12    2.18508e-11    0    1.68508e-11    0.00308507    0.00308507 
0.115789    5e-12    2.18452e-11    0    1.68452e-11    0.00308507    0.00308507 
0.115655    5e-12    2.18397e-11    0    1.68397e-11    0.00308507    0.00308507 
0.115521    5e-12    2.18342e-11    0    1.68342e-11    0.00308507    0.00308507 
0.115388    5e-12    2.18287e-11    0    1.68287e-11    0.00308507    0.00308507 
0.115255    5e-12    2.18232e-11    0    1.68232e-11    0.00308507    0.00308507 
0.115122    5e-12    2.18177e-11    0    1.68177e-11    0.00308507    0.00308507 
0.114989    5e-12    2.18122e-11    0    1.68122e-11    0.00308507    0.00308507 
0.114857    5e-12    2.18067e-11    0    1.68067e-11    0.00308507    0.00308507 
0.114725    5e-12    2.18013e-11    0    1.68013e-11    0.00308507    0.00308507 
0.114594    5e-12    2.17958e-11    0    1.67958e-11    0.00308507    0.00308507 
0.114462    5e-12    2.17904e-11    0    1.67904e-11    0.00308507    0.00308507 
0.114331    5e-12    2.17849e-11    0    1.67849e-11    0.00308507    0.00308507 
0.114201    5e-12    2.17795e-11    0    1.67795e-11    0.00308507    0.00308507 
0.11407    5e-12    2.17741e-11    0    1.67741e-11    0.00308507    0.00308507 
0.11394    5e-12    2.17687e-11    0    1.67687e-11    0.00308507    0.00308507 
0.11381    5e-12    2.17633e-11    0    1.67633e-11    0.00308507    0.00308507 
0.113681    5e-12    2.17579e-11    0    1.67579e-11    0.00308507    0.00308507 
0.113552    5e-12    2.17526e-11    0    1.67526e-11    0.00308507    0.00308507 
0.113423    5e-12    2.17472e-11    0    1.67472e-11    0.00308507    0.00308507 
0.113294    5e-12    2.17419e-11    0    1.67419e-11    0.00308507    0.00308507 
0.113166    5e-12    2.17365e-11    0    1.67365e-11    0.00308507    0.00308507 
0.113038    5e-12    2.17312e-11    0    1.67312e-11    0.00308507    0.00308507 
0.11291    5e-12    2.17259e-11    0    1.67259e-11    0.00308507    0.00308507 
0.112782    5e-12    2.17205e-11    0    1.67205e-11    0.00308507    0.00308507 
0.112655    5e-12    2.17152e-11    0    1.67152e-11    0.00308507    0.00308507 
0.112528    5e-12    2.17099e-11    0    1.67099e-11    0.00308507    0.00308507 
0.112402    5e-12    2.17047e-11    0    1.67047e-11    0.00308507    0.00308507 
0.112275    5e-12    2.16994e-11    0    1.66994e-11    0.00308507    0.00308507 
0.112149    5e-12    2.16941e-11    0    1.66941e-11    0.00308507    0.00308507 
0.112024    5e-12    2.16889e-11    0    1.66889e-11    0.00308507    0.00308507 
0.111898    5e-12    2.16836e-11    0    1.66836e-11    0.00308507    0.00308507 
0.111773    5e-12    2.16784e-11    0    1.66784e-11    0.00308507    0.00308507 
0.111648    5e-12    2.16732e-11    0    1.66732e-11    0.00308507    0.00308507 
0.111523    5e-12    2.16679e-11    0    1.66679e-11    0.00308507    0.00308507 
0.111399    5e-12    2.16627e-11    0    1.66627e-11    0.00308507    0.00308507 
0.111275    5e-12    2.16575e-11    0    1.66575e-11    0.00308507    0.00308507 
0.111151    5e-12    2.16523e-11    0    1.66523e-11    0.00308507    0.00308507 
0.111028    5e-12    2.16472e-11    0    1.66472e-11    0.00308507    0.00308507 
0.110904    5e-12    2.1642e-11    0    1.6642e-11    0.00308507    0.00308507 
0.110781    5e-12    2.16368e-11    0    1.66368e-11    0.00308507    0.00308507 
0.110659    5e-12    2.16317e-11    0    1.66317e-11    0.00308507    0.00308507 
0.110536    5e-12    2.16265e-11    0    1.66265e-11    0.00308507    0.00308507 
0.110414    5e-12    2.16214e-11    0    1.66214e-11    0.00308507    0.00308507 
0.110292    5e-12    2.16163e-11    0    1.66163e-11    0.00308507    0.00308507 
0.11017    5e-12    2.16111e-11    0    1.66111e-11    0.00308507    0.00308507 
0.110049    5e-12    2.1606e-11    0    1.6606e-11    0.00308507    0.00308507 
0.109928    5e-12    2.16009e-11    0    1.66009e-11    0.00308507    0.00308507 
0.109807    5e-12    2.15959e-11    0    1.65959e-11    0.00308507    0.00308507 
0.109687    5e-12    2.15908e-11    0    1.65908e-11    0.00308507    0.00308507 
0.109566    5e-12    2.15857e-11    0    1.65857e-11    0.00308507    0.00308507 
0.109446    5e-12    2.15806e-11    0    1.65806e-11    0.00308507    0.00308507 
0.109327    5e-12    2.15756e-11    0    1.65756e-11    0.00308507    0.00308507 
0.109207    5e-12    2.15705e-11    0    1.65705e-11    0.00308507    0.00308507 
0.109088    5e-12    2.15655e-11    0    1.65655e-11    0.00308507    0.00308507 
0.108969    5e-12    2.15605e-11    0    1.65605e-11    0.00308507    0.00308507 
0.10885    5e-12    2.15555e-11    0    1.65555e-11    0.00308507    0.00308507 
0.108732    5e-12    2.15505e-11    0    1.65505e-11    0.00308507    0.00308507 
0.108613    5e-12    2.15455e-11    0    1.65455e-11    0.00308507    0.00308507 
0.108495    5e-12    2.15405e-11    0    1.65405e-11    0.00308507    0.00308507 
0.108378    5e-12    2.15355e-11    0    1.65355e-11    0.00308507    0.00308507 
0.10826    5e-12    2.15305e-11    0    1.65305e-11    0.00308507    0.00308507 
0.108143    5e-12    2.15255e-11    0    1.65255e-11    0.00308507    0.00308507 
0.108026    5e-12    2.15206e-11    0    1.65206e-11    0.00308507    0.00308507 
0.107909    5e-12    2.15156e-11    0    1.65156e-11    0.00308507    0.00308507 
0.107793    5e-12    2.15107e-11    0    1.65107e-11    0.00308507    0.00308507 
0.107677    5e-12    2.15058e-11    0    1.65058e-11    0.00308507    0.00308507 
0.107561    5e-12    2.15008e-11    0    1.65008e-11    0.00308507    0.00308507 
0.107445    5e-12    2.14959e-11    0    1.64959e-11    0.00308507    0.00308507 
0.10733    5e-12    2.1491e-11    0    1.6491e-11    0.00308507    0.00308507 
0.107215    5e-12    2.14861e-11    0    1.64861e-11    0.00308507    0.00308507 
0.1071    5e-12    2.14812e-11    0    1.64812e-11    0.00308507    0.00308507 
0.106985    5e-12    2.14764e-11    0    1.64764e-11    0.00308507    0.00308507 
0.10687    5e-12    2.14715e-11    0    1.64715e-11    0.00308507    0.00308507 
0.106756    5e-12    2.14666e-11    0    1.64666e-11    0.00308507    0.00308507 
0.106642    5e-12    2.14618e-11    0    1.64618e-11    0.00308507    0.00308507 
0.106529    5e-12    2.14569e-11    0    1.64569e-11    0.00308507    0.00308507 
0.106415    5e-12    2.14521e-11    0    1.64521e-11    0.00308507    0.00308507 
0.106302    5e-12    2.14472e-11    0    1.64472e-11    0.00308507    0.00308507 
0.106189    5e-12    2.14424e-11    0    1.64424e-11    0.00308507    0.00308507 
0.106076    5e-12    2.14376e-11    0    1.64376e-11    0.00308507    0.00308507 
0.105964    5e-12    2.14328e-11    0    1.64328e-11    0.00308507    0.00308507 
0.105851    5e-12    2.1428e-11    0    1.6428e-11    0.00308507    0.00308507 
0.105739    5e-12    2.14232e-11    0    1.64232e-11    0.00308507    0.00308507 
0.105628    5e-12    2.14184e-11    0    1.64184e-11    0.00308507    0.00308507 
0.105516    5e-12    2.14137e-11    0    1.64137e-11    0.00308507    0.00308507 
0.105405    5e-12    2.14089e-11    0    1.64089e-11    0.00308507    0.00308507 
0.105294    5e-12    2.14041e-11    0    1.64041e-11    0.00308507    0.00308507 
0.105183    5e-12    2.13994e-11    0    1.63994e-11    0.00308507    0.00308507 
0.105072    5e-12    2.13947e-11    0    1.63947e-11    0.00308507    0.00308507 
0.104962    5e-12    2.13899e-11    0    1.63899e-11    0.00308507    0.00308507 
0.104851    5e-12    2.13852e-11    0    1.63852e-11    0.00308507    0.00308507 
0.104742    5e-12    2.13805e-11    0    1.63805e-11    0.00308507    0.00308507 
0.104632    5e-12    2.13758e-11    0    1.63758e-11    0.00308507    0.00308507 
0.104522    5e-12    2.13711e-11    0    1.63711e-11    0.00308507    0.00308507 
0.104413    5e-12    2.13664e-11    0    1.63664e-11    0.00308507    0.00308507 
0.104304    5e-12    2.13617e-11    0    1.63617e-11    0.00308507    0.00308507 
0.104195    5e-12    2.1357e-11    0    1.6357e-11    0.00308507    0.00308507 
0.104087    5e-12    2.13524e-11    0    1.63524e-11    0.00308507    0.00308507 
0.103978    5e-12    2.13477e-11    0    1.63477e-11    0.00308507    0.00308507 
0.10387    5e-12    2.1343e-11    0    1.6343e-11    0.00308507    0.00308507 
0.103762    5e-12    2.13384e-11    0    1.63384e-11    0.00308507    0.00308507 
0.103655    5e-12    2.13338e-11    0    1.63338e-11    0.00308507    0.00308507 
0.103547    5e-12    2.13291e-11    0    1.63291e-11    0.00308507    0.00308507 
0.10344    5e-12    2.13245e-11    0    1.63245e-11    0.00308507    0.00308507 
0.103333    5e-12    2.13199e-11    0    1.63199e-11    0.00308507    0.00308507 
0.103226    5e-12    2.13153e-11    0    1.63153e-11    0.00308507    0.00308507 
0.10312    5e-12    2.13107e-11    0    1.63107e-11    0.00308507    0.00308507 
0.103013    5e-12    2.13061e-11    0    1.63061e-11    0.00308507    0.00308507 
0.102907    5e-12    2.13015e-11    0    1.63015e-11    0.00308507    0.00308507 
0.102801    5e-12    2.12969e-11    0    1.62969e-11    0.00308507    0.00308507 
0.102696    5e-12    2.12924e-11    0    1.62924e-11    0.00308507    0.00308507 
0.10259    5e-12    2.12878e-11    0    1.62878e-11    0.00308507    0.00308507 
0.102485    5e-12    2.12832e-11    0    1.62832e-11    0.00308507    0.00308507 
0.10238    5e-12    2.12787e-11    0    1.62787e-11    0.00308507    0.00308507 
0.102275    5e-12    2.12742e-11    0    1.62742e-11    0.00308507    0.00308507 
0.102171    5e-12    2.12696e-11    0    1.62696e-11    0.00308507    0.00308507 
0.102066    5e-12    2.12651e-11    0    1.62651e-11    0.00308507    0.00308507 
0.101962    5e-12    2.12606e-11    0    1.62606e-11    0.00308507    0.00308507 
0.101858    5e-12    2.12561e-11    0    1.62561e-11    0.00308507    0.00308507 
0.101754    5e-12    2.12516e-11    0    1.62516e-11    0.00308507    0.00308507 
0.101651    5e-12    2.12471e-11    0    1.62471e-11    0.00308507    0.00308507 
0.101547    5e-12    2.12426e-11    0    1.62426e-11    0.00308507    0.00308507 
0.101444    5e-12    2.12381e-11    0    1.62381e-11    0.00308507    0.00308507 
0.101341    5e-12    2.12337e-11    0    1.62337e-11    0.00308507    0.00308507 
0.101239    5e-12    2.12292e-11    0    1.62292e-11    0.00308507    0.00308507 
0.101136    5e-12    2.12247e-11    0    1.62247e-11    0.00308507    0.00308507 
0.101034    5e-12    2.12203e-11    0    1.62203e-11    0.00308507    0.00308507 
0.100932    5e-12    2.12158e-11    0    1.62158e-11    0.00308507    0.00308507 
0.10083    5e-12    2.12114e-11    0    1.62114e-11    0.00308507    0.00308507 
0.100728    5e-12    2.1207e-11    0    1.6207e-11    0.00308507    0.00308507 
0.100627    5e-12    2.12026e-11    0    1.62026e-11    0.00308507    0.00308507 
0.100526    5e-12    2.11981e-11    0    1.61981e-11    0.00308507    0.00308507 
0.100425    5e-12    2.11937e-11    0    1.61937e-11    0.00308507    0.00308507 
0.100324    5e-12    2.11893e-11    0    1.61893e-11    0.00308507    0.00308507 
0.100223    5e-12    2.11849e-11    0    1.61849e-11    0.00308507    0.00308507 
0.100123    5e-12    2.11806e-11    0    1.61806e-11    0.00308507    0.00308507 
0.100022    5e-12    2.11762e-11    0    1.61762e-11    0.00308507    0.00308507 
