6.66667    6.75999e-08    6.75999e-08    6.75949e-08    6.75949e-08    0.00323259    0.00323259 
6.25    2.72148e-08    2.7753e-08    2.72098e-08    2.7748e-08    0.00323459    0.00323459 
5.88235    1.09024e-08    1.14679e-08    1.08974e-08    1.14629e-08    0.00323666    0.00323666 
5.55555    4.34909e-09    4.9284e-09    4.34409e-09    4.9234e-09    0.0032389    0.0032389 
5.26316    1.72885e-09    2.29952e-09    1.72385e-09    2.29452e-09    0.00324121    0.00324121 
5    6.85693e-10    1.22094e-09    6.80693e-10    1.21594e-09    0.00324367    0.00324367 
4.7619    2.71986e-10    7.51983e-10    2.66986e-10    7.46983e-10    0.00324617    0.00324617 
4.54545    1.08507e-10    5.26567e-10    1.03507e-10    5.21567e-10    0.00324893    0.00324893 
4.34782    4.41378e-11    4.04202e-10    3.91378e-11    3.99202e-10    0.00325168    0.00325168 
4.16666    1.8951e-11    3.29782e-10    1.3951e-11    3.24782e-10    0.00325468    0.00325468 
3.99984    9.3156e-12    2.80152e-10    4.3156e-12    2.75152e-10    0.00325778    0.00325778 
3.84601    6.01391e-12    2.44886e-10    1.01391e-12    2.39886e-10    0.0032608    0.0032608 
3.70357    5.17793e-12    2.18495e-10    1.77934e-13    2.13495e-10    0.00326424    0.00326424 
3.5713    5.02758e-12    1.97995e-10    2.75836e-14    1.92995e-10    0.00326754    0.00326754 
3.44816    5.00416e-12    1.81602e-10    4.15729e-15    1.76602e-10    0.00327107    0.00327107 
3.33322    5.00062e-12    1.68188e-10    6.22054e-16    1.63188e-10    0.00327462    0.00327462 
3.2257    5.00009e-12    1.57002e-10    9.27494e-17    1.52002e-10    0.0032784    0.0032784 
3.1249    5.00001e-12    1.47528e-10    1.379e-17    1.42528e-10    0.00328241    0.00328241 
3.03012    5e-12    1.39389e-10    2.04045e-18    1.34389e-10    0.00328614    0.00328614 
2.94092    5e-12    1.32326e-10    3.01233e-19    1.27326e-10    0.00329035    0.00329035 
2.85682    5e-12    1.26136e-10    4.4362e-20    1.21136e-10    0.0032945    0.0032945 
2.77739    5e-12    1.20664e-10    6.51902e-21    1.15664e-10    0.00329887    0.00329887 
2.70226    5e-12    1.15791e-10    9.55838e-22    1.10791e-10    0.00330313    0.00330313 
2.63109    5e-12    1.11423e-10    1.39877e-22    1.06423e-10    0.0033076    0.0033076 
2.56358    5e-12    1.07482e-10    2.04277e-23    1.02482e-10    0.00331191    0.00331191 
2.49944    5e-12    1.0391e-10    2.97807e-24    9.89095e-11    0.00331641    0.00331641 
2.43843    5e-12    1.00654e-10    4.33442e-25    9.5654e-11    0.0033211    0.0033211 
2.38033    5e-12    9.76746e-11    6.29864e-26    9.26746e-11    0.00332599    0.00332599 
2.32493    5e-12    9.49369e-11    9.137e-27    8.99369e-11    0.00333065    0.00333065 
2.27206    5e-12    9.24121e-11    1.32354e-27    8.74121e-11    0.00333548    0.00333548 
2.22153    5e-12    9.00757e-11    1.9146e-28    8.50757e-11    0.00334049    0.00334049 
2.1732    5e-12    8.79068e-11    2.76601e-29    8.29068e-11    0.00334568    0.00334568 
2.12694    5e-12    8.58878e-11    3.98991e-30    8.08878e-11    0.00335055    0.00335055 
2.0826    5e-12    8.40031e-11    5.74845e-31    7.90031e-11    0.00335559    0.00335559 
2.04007    5e-12    8.22396e-11    8.27254e-32    7.72396e-11    0.00336078    0.00336078 
1.99924    5e-12    8.05855e-11    1.18919e-32    7.55855e-11    0.00336613    0.00336613 
1.96002    5e-12    7.90307e-11    1.70767e-33    7.40307e-11    0.00337164    0.00337164 
1.9223    5e-12    7.75663e-11    2.4489e-34    7.25663e-11    0.00337674    0.00337674 
1.88601    5e-12    7.61844e-11    3.50841e-35    7.11844e-11    0.00338197    0.00338197 
1.85106    5e-12    7.4878e-11    5.02158e-36    6.9878e-11    0.00338734    0.00338734 
1.81739    5e-12    7.36409e-11    7.18083e-37    6.86409e-11    0.00339284    0.00339284 
1.78492    5e-12    7.24675e-11    1.02596e-37    6.74675e-11    0.00339848    0.00339848 
1.75359    5e-12    7.1353e-11    1.46404e-38    6.6353e-11    0.00340361    0.00340361 
1.72334    5e-12    7.02928e-11    2.08827e-39    6.52928e-11    0.00340951    0.00340951 
1.69411    5e-12    6.92829e-11    2.97515e-40    6.42829e-11    0.00341487    0.00341487 
1.66586    5e-12    6.83198e-11    4.23543e-41    6.33198e-11    0.00342034    0.00342034 
1.63854    5e-12    6.74e-11    6.0251e-42    6.24e-11    0.00342591    0.00342591 
1.6121    5e-12    6.65208e-11    8.56483e-43    6.15208e-11    0.0034316    0.0034316 
1.5865    5e-12    6.56792e-11    1.21667e-43    6.06792e-11    0.00343739    0.00343739 
1.56169    5e-12    6.4873e-11    1.72642e-44    5.9873e-11    0.00344254    0.00344254 
1.53768    5e-12    6.41005e-11    2.454e-45    5.91005e-11    0.00344853    0.00344853 
1.51439    5e-12    6.33589e-11    3.48445e-46    5.83589e-11    0.00345386    0.00345386 
1.4918    5e-12    6.26463e-11    4.94453e-47    5.76463e-11    0.00345927    0.00345927 
1.46987    5e-12    6.1961e-11    7.01541e-48    5.6961e-11    0.00346556    0.00346556 
1.44858    5e-12    6.13014e-11    9.94332e-49    5.63014e-11    0.00347114    0.00347114 
1.4279    5e-12    6.06659e-11    1.40852e-49    5.56659e-11    0.0034768    0.0034768 
1.4078    5e-12    6.00533e-11    1.9932e-50    5.50533e-11    0.00348171    0.00348171 
1.38825    5e-12    5.94622e-11    2.82038e-51    5.44622e-11    0.00348751    0.00348751 
1.36924    5e-12    5.88916e-11    3.98877e-52    5.38916e-11    0.00349339    0.00349339 
1.35075    5e-12    5.83402e-11    5.63557e-53    5.33402e-11    0.00349848    0.00349848 
1.33275    5e-12    5.78072e-11    7.96219e-54    5.28072e-11    0.0035045    0.0035045 
1.31522    5e-12    5.72915e-11    1.12383e-54    5.22915e-11    0.00350971    0.00350971 
1.29814    5e-12    5.67924e-11    1.58629e-55    5.17924e-11    0.00351586    0.00351586 
1.28151    5e-12    5.63089e-11    2.23689e-56    5.13089e-11    0.00352118    0.00352118 
1.26529    5e-12    5.58403e-11    3.1529e-57    5.08403e-11    0.00352656    0.00352656 
1.24948    5e-12    5.5386e-11    4.44205e-58    5.0386e-11    0.00353198    0.00353198 
1.23407    5e-12    5.49451e-11    6.25561e-59    4.99451e-11    0.00353745    0.00353745 
1.21902    5e-12    5.45172e-11    8.80588e-60    4.95172e-11    0.00354297    0.00354297 
1.20434    5e-12    5.41016e-11    1.23907e-60    4.91016e-11    0.00354853    0.00354853 
1.19001    5e-12    5.36978e-11    1.74188e-61    4.86978e-11    0.0035532    0.0035532 
1.17601    5e-12    5.33052e-11    2.44904e-62    4.83052e-11    0.00355885    0.00355885 
1.16234    5e-12    5.29234e-11    3.44196e-63    4.79234e-11    0.00356454    0.00356454 
1.14899    5e-12    5.25519e-11    4.83304e-64    4.75519e-11    0.00356931    0.00356931 
1.13594    5e-12    5.21903e-11    6.78747e-65    4.71903e-11    0.00357507    0.00357507 
1.12318    5e-12    5.18382e-11    9.52365e-66    4.68382e-11    0.00357991    0.00357991 
1.1107    5e-12    5.14951e-11    1.33654e-66    4.64951e-11    0.00358574    0.00358574 
1.0985    5e-12    5.11607e-11    1.874e-67    4.61607e-11    0.00359063    0.00359063 
1.08657    5e-12    5.08347e-11    2.62671e-68    4.58347e-11    0.00359555    0.00359555 
1.07489    5e-12    5.05167e-11    3.68253e-69    4.55167e-11    0.00360148    0.00360148 
1.06346    5e-12    5.02064e-11    5.15823e-70    4.52064e-11    0.00360645    0.00360645 
1.05227    5e-12    4.99036e-11    7.22297e-71    4.49036e-11    0.00361144    0.00361144 
1.04131    5e-12    4.96079e-11    1.0111e-71    4.46079e-11    0.00361646    0.00361646 
1.03058    5e-12    4.93192e-11    1.41494e-72    4.43192e-11    0.00362149    0.00362149 
1.02006    5e-12    4.9037e-11    1.97947e-73    4.4037e-11    0.00362655    0.00362655 
1.00976    5e-12    4.87613e-11    2.76842e-74    4.37613e-11    0.00363163    0.00363163 
0.99967    5e-12    4.84917e-11    3.87069e-75    4.34917e-11    0.00363672    0.00363672 
0.989776    5e-12    4.8228e-11    5.40725e-76    4.3228e-11    0.00364081    0.00364081 
0.980075    5e-12    4.79701e-11    7.55589e-77    4.29701e-11    0.00364594    0.00364594 
0.970563    5e-12    4.77178e-11    1.05554e-77    4.27178e-11    0.00365109    0.00365109 
0.961233    5e-12    4.74708e-11    1.47417e-78    4.24708e-11    0.00365625    0.00365625 
0.952082    5e-12    4.7229e-11    2.05712e-79    4.2229e-11    0.00366039    0.00366039 
0.943103    5e-12    4.69922e-11    2.87145e-80    4.19922e-11    0.00366559    0.00366559 
0.934291    5e-12    4.67602e-11    4.00485e-81    4.17602e-11    0.00366975    0.00366975 
0.925643    5e-12    4.65329e-11    5.58738e-82    4.15329e-11    0.00367497    0.00367497 
0.917154    5e-12    4.63102e-11    7.78889e-83    4.13102e-11    0.00367915    0.00367915 
0.908818    5e-12    4.60918e-11    1.08614e-83    4.10918e-11    0.0036844    0.0036844 
0.900633    5e-12    4.58778e-11    1.51335e-84    4.08778e-11    0.0036886    0.0036886 
0.892594    5e-12    4.56678e-11    2.10812e-85    4.06678e-11    0.00369281    0.00369281 
0.884697    5e-12    4.54618e-11    2.93762e-86    4.04618e-11    0.00369808    0.00369808 
0.876939    5e-12    4.52597e-11    4.09025e-87    4.02597e-11    0.00370231    0.00370231 
0.869316    5e-12    4.50614e-11    5.69386e-88    4.00614e-11    0.00370655    0.00370655 
0.861824    5e-12    4.48667e-11    7.92443e-89    3.98667e-11    0.00371079    0.00371079 
0.85446    5e-12    4.46756e-11    1.10264e-89    3.96756e-11    0.00371504    0.00371504 
0.847221    5e-12    4.44879e-11    1.53897e-90    3.94879e-11    0.00372539    0.00372539 
0.840103    5e-12    4.43038e-11    2.14866e-91    3.93038e-11    0.00373677    0.00373677 
0.833104    5e-12    4.4123e-11    2.99529e-92    3.9123e-11    0.0037457    0.0037457 
0.826221    5e-12    4.39454e-11    4.17374e-93    3.89454e-11    0.00375424    0.00375424 
0.81945    5e-12    4.37711e-11    5.81287e-94    3.87711e-11    0.00376221    0.00376221 
0.81279    5e-12    4.35997e-11    8.08362e-95    3.85997e-11    0.00376775    0.00376775 
0.806237    5e-12    4.34314e-11    1.12465e-95    3.84314e-11    0.00377452    0.00377452 
0.799789    5e-12    4.32658e-11    1.56379e-96    3.82658e-11    0.00378058    0.00378058 
0.793443    5e-12    4.31031e-11    2.1733e-97    3.81031e-11    0.00378604    0.00378604 
0.787197    5e-12    4.2943e-11    3.01905e-98    3.7943e-11    0.00379103    0.00379103 
0.781049    5e-12    4.27855e-11    4.19252e-99    3.77855e-11    0.00379573    0.00379573 
0.774996    5e-12    4.26306e-11    5.81726e-100    3.76306e-11    0.0037992    0.0037992 
0.769036    5e-12    4.24781e-11    8.07555e-101    3.74781e-11    0.00380393    0.00380393 
0.763167    5e-12    4.2328e-11    1.12103e-101    3.7328e-11    0.00380897    0.00380897 
0.757386    5e-12    4.21803e-11    1.55633e-102    3.71803e-11    0.00381449    0.00381449 
0.751693    5e-12    4.20349e-11    2.15917e-103    3.70349e-11    0.00381904    0.00381904 
0.746085    5e-12    4.18917e-11    2.99836e-104    3.68917e-11    0.00382574    0.00382574 
0.74056    5e-12    4.17507e-11    4.16046e-105    3.67507e-11    0.00383125    0.00383125 
0.735116    5e-12    4.16119e-11    5.77948e-106    3.66119e-11    0.00383925    0.00383925 
0.729751    5e-12    4.14752e-11    8.02076e-107    3.64752e-11    0.00384571    0.00384571 
0.724464    5e-12    4.13406e-11    1.11449e-107    3.63406e-11    0.00385485    0.00385485 
0.719254    5e-12    4.12081e-11    1.54676e-108    3.62081e-11    0.00386202    0.00386202 
0.714117    5e-12    4.10775e-11    2.14933e-109    3.60775e-11    0.00387188    0.00387188 
0.709054    5e-12    4.09489e-11    2.98254e-110    3.59489e-11    0.00387939    0.00387939 
0.704062    5e-12    4.08221e-11    4.14345e-111    3.58221e-11    0.00388941    0.00388941 
0.699139    5e-12    4.06972e-11    5.74763e-112    3.56972e-11    0.00389682    0.00389682 
0.694285    5e-12    4.05742e-11    7.98071e-113    3.55742e-11    0.00390645    0.00390645 
0.689498    5e-12    4.04529e-11    1.10646e-113    3.54529e-11    0.0039134    0.0039134 
0.684777    5e-12    4.03333e-11    1.53356e-114    3.53333e-11    0.00392007    0.00392007 
0.680119    5e-12    4.02154e-11    2.12491e-115    3.52154e-11    0.00392645    0.00392645 
0.675525    5e-12    4.00991e-11    2.94635e-116    3.50991e-11    0.00393449    0.00393449 
0.670992    5e-12    3.99844e-11    4.07989e-117    3.49844e-11    0.00394018    0.00394018 
0.66652    5e-12    3.98713e-11    5.64805e-118    3.48713e-11    0.00394562    0.00394562 
0.662107    5e-12    3.97596e-11    7.8171e-119    3.47596e-11    0.00395085    0.00395085 
0.657752    5e-12    3.96495e-11    1.08261e-119    3.46495e-11    0.00395763    0.00395763 
0.653454    5e-12    3.95408e-11    1.49781e-120    3.45408e-11    0.00396264    0.00396264 
0.649212    5e-12    3.94335e-11    2.072e-121    3.44335e-11    0.00396769    0.00396769 
0.645024    5e-12    3.93276e-11    2.86612e-122    3.43276e-11    0.00397285    0.00397285 
0.64089    5e-12    3.9223e-11    3.96445e-123    3.4223e-11    0.0039782    0.0039782 
0.636809    5e-12    3.91198e-11    5.48371e-124    3.41198e-11    0.0039838    0.0039838 
0.632779    5e-12    3.90179e-11    7.58546e-125    3.40179e-11    0.00398973    0.00398973 
0.6288    5e-12    3.89173e-11    1.04934e-125    3.39173e-11    0.00399603    0.00399603 
0.624871    5e-12    3.88179e-11    1.45173e-126    3.38179e-11    0.00400273    0.00400273 
0.620991    5e-12    3.87198e-11    2.00862e-127    3.37198e-11    0.00400986    0.00400986 
0.617158    5e-12    3.86229e-11    2.77939e-128    3.36229e-11    0.00401743    0.00401743 
0.613373    5e-12    3.85272e-11    3.84628e-129    3.35272e-11    0.00402542    0.00402542 
0.609633    5e-12    3.84327e-11    5.32311e-130    3.34327e-11    0.0040338    0.0040338 
0.605939    5e-12    3.83394e-11    7.36738e-131    3.33394e-11    0.00404253    0.00404253 
0.60229    5e-12    3.82472e-11    1.0197e-131    3.32472e-11    0.00405155    0.00405155 
0.598684    5e-12    3.81561e-11    1.41133e-132    3.31561e-11    0.0040608    0.0040608 
0.595121    5e-12    3.80662e-11    1.95328e-133    3.30662e-11    0.00407019    0.00407019 
0.5916    5e-12    3.79773e-11    2.70311e-134    3.29773e-11    0.00407964    0.00407964 
0.588121    5e-12    3.78895e-11    3.74033e-135    3.28895e-11    0.00408907    0.00408907 
0.584682    5e-12    3.78027e-11    5.16688e-136    3.28027e-11    0.0040953    0.0040953 
0.581284    5e-12    3.7717e-11    7.14713e-137    3.2717e-11    0.00410452    0.00410452 
0.577924    5e-12    3.76322e-11    9.88415e-138    3.26322e-11    0.0041135    0.0041135 
0.574604    5e-12    3.75485e-11    1.36659e-138    3.25485e-11    0.0041222    0.0041222 
0.571321    5e-12    3.74657e-11    1.88895e-139    3.24657e-11    0.00413056    0.00413056 
0.568075    5e-12    3.73838e-11    2.60694e-140    3.23838e-11    0.00413593    0.00413593 
0.564866    5e-12    3.73028e-11    3.60158e-141    3.23028e-11    0.00414366    0.00414366 
0.561694    5e-12    3.72228e-11    4.9743e-142    3.22228e-11    0.00415102    0.00415102 
0.558556    5e-12    3.71436e-11    6.86076e-143    3.21436e-11    0.00415572    0.00415572 
0.555454    5e-12    3.70653e-11    9.47115e-144    3.20653e-11    0.00416248    0.00416248 
0.552385    5e-12    3.69879e-11    1.30716e-144    3.19879e-11    0.00416895    0.00416895 
0.549351    5e-12    3.69112e-11    1.8037e-145    3.19112e-11    0.00417517    0.00417517 
0.54635    5e-12    3.68354e-11    2.48604e-146    3.18354e-11    0.00417922    0.00417922 
0.543381    5e-12    3.67604e-11    3.42937e-147    3.17604e-11    0.00418522    0.00418522 
0.540444    5e-12    3.66861e-11    4.72566e-148    3.16861e-11    0.00418919    0.00418919 
0.537539    5e-12    3.66126e-11    6.51766e-149    3.16126e-11    0.00419519    0.00419519 
0.534665    5e-12    3.65399e-11    8.98892e-150    3.15399e-11    0.00420131    0.00420131 
0.531822    5e-12    3.64679e-11    1.23847e-150    3.14679e-11    0.00420551    0.00420551 
0.529008    5e-12    3.63967e-11    1.70808e-151    3.13967e-11    0.00421203    0.00421203 
0.526224    5e-12    3.63261e-11    2.35334e-152    3.13261e-11    0.00421656    0.00421656 
0.52347    5e-12    3.62563e-11    3.24606e-153    3.12563e-11    0.0042237    0.0042237 
0.520744    5e-12    3.61872e-11    4.47252e-154    3.11872e-11    0.00422869    0.00422869 
0.518046    5e-12    3.61188e-11    6.1703e-155    3.11188e-11    0.00423659    0.00423659 
0.515376    5e-12    3.60511e-11    8.50239e-156    3.10511e-11    0.00424212    0.00424212 
0.512734    5e-12    3.5984e-11    1.17326e-156    3.0984e-11    0.00425086    0.00425086 
0.510118    5e-12    3.59176e-11    1.61685e-157    3.09176e-11    0.00425696    0.00425696 
0.507529    5e-12    3.58519e-11    2.23161e-158    3.08519e-11    0.00426652    0.00426652 
0.504966    5e-12    3.57868e-11    3.07562e-159    3.07868e-11    0.00427315    0.00427315 
0.502429    5e-12    3.57224e-11    4.24577e-160    3.07224e-11    0.00428345    0.00428345 
0.499918    5e-12    3.56586e-11    5.85181e-161    3.06586e-11    0.00429053    0.00429053 
0.497431    5e-12    3.55954e-11    8.06524e-162    3.05954e-11    0.00429774    0.00429774 
0.494969    5e-12    3.55329e-11    1.11347e-162    3.05329e-11    0.00430878    0.00430878 
0.492531    5e-12    3.5471e-11    1.53457e-163    3.0471e-11    0.00431623    0.00431623 
0.490117    5e-12    3.54096e-11    2.11848e-164    3.04096e-11    0.0043275    0.0043275 
0.487726    5e-12    3.53489e-11    2.91927e-165    3.03489e-11    0.00433502    0.00433502 
0.485359    5e-12    3.52887e-11    4.02241e-166    3.02887e-11    0.00434251    0.00434251 
0.483015    5e-12    3.52291e-11    5.55126e-167    3.02291e-11    0.00435365    0.00435365 
0.480693    5e-12    3.51701e-11    7.64715e-168    3.01701e-11    0.00436095    0.00436095 
0.478393    5e-12    3.51116e-11    1.0533e-168    3.01116e-11    0.00436814    0.00436814 
0.476116    5e-12    3.50537e-11    1.45288e-169    3.00537e-11    0.00437864    0.00437864 
0.47386    5e-12    3.49963e-11    2.0005e-170    2.99963e-11    0.00438543    0.00438543 
0.471625    5e-12    3.49394e-11    2.7541e-171    2.99394e-11    0.00439204    0.00439204 
0.469411    5e-12    3.48831e-11    3.79097e-172    2.98831e-11    0.00439844    0.00439844 
0.467218    5e-12    3.48272e-11    5.22452e-173    2.98272e-11    0.00440766    0.00440766 
0.465045    5e-12    3.47719e-11    7.18877e-174    2.97719e-11    0.00441355    0.00441355 
0.462892    5e-12    3.4717e-11    9.88992e-175    2.9717e-11    0.00441923    0.00441923 
0.460759    5e-12    3.46626e-11    1.36039e-175    2.96626e-11    0.00442471    0.00442471 
0.458646    5e-12    3.46087e-11    1.87317e-176    2.96087e-11    0.0044326    0.0044326 
0.456552    5e-12    3.45553e-11    2.57576e-177    2.95553e-11    0.00443766    0.00443766 
0.454477    5e-12    3.45023e-11    3.54145e-178    2.95023e-11    0.00444258    0.00444258 
0.452421    5e-12    3.44498e-11    4.86862e-179    2.94498e-11    0.00444738    0.00444738 
0.450383    5e-12    3.43977e-11    6.69249e-180    2.93977e-11    0.00445211    0.00445211 
0.448364    5e-12    3.4346e-11    9.20843e-181    2.9346e-11    0.00445911    0.00445911 
0.446363    5e-12    3.42948e-11    1.26561e-181    2.92948e-11    0.00446377    0.00446377 
0.444379    5e-12    3.4244e-11    1.73937e-182    2.9244e-11    0.00446845    0.00446845 
0.442413    5e-12    3.41936e-11    2.3904e-183    2.91936e-11    0.0044732    0.0044732 
0.440465    5e-12    3.41436e-11    3.28505e-184    2.91436e-11    0.00447805    0.00447805 
0.438533    5e-12    3.4094e-11    4.51453e-185    2.9094e-11    0.00448302    0.00448302 
0.436618    5e-12    3.40448e-11    6.20424e-186    2.90448e-11    0.00448816    0.00448816 
0.43472    5e-12    3.39961e-11    8.52661e-187    2.89961e-11    0.00449349    0.00449349 
0.432839    5e-12    3.39477e-11    1.17337e-187    2.89477e-11    0.00450191    0.00450191 
0.430973    5e-12    3.38997e-11    1.61281e-188    2.88997e-11    0.00450783    0.00450783 
0.429124    5e-12    3.38521e-11    2.21696e-189    2.88521e-11    0.00451402    0.00451402 
0.42729    5e-12    3.38049e-11    3.04764e-190    2.88049e-11    0.00452049    0.00452049 
0.425472    5e-12    3.3758e-11    4.18986e-191    2.8758e-11    0.00452726    0.00452726 
0.42367    5e-12    3.37116e-11    5.7606e-192    2.87116e-11    0.00453432    0.00453432 
0.421882    5e-12    3.36655e-11    7.92076e-193    2.86655e-11    0.00454168    0.00454168 
0.42011    5e-12    3.36198e-11    1.08917e-193    2.86198e-11    0.00454934    0.00454934 
0.418352    5e-12    3.35744e-11    1.4978e-194    2.85744e-11    0.00455727    0.00455727 
0.416609    5e-12    3.35294e-11    2.05986e-195    2.85294e-11    0.00456547    0.00456547 
0.414881    5e-12    3.34848e-11    2.83298e-196    2.84848e-11    0.00457392    0.00457392 
0.413167    5e-12    3.34405e-11    3.89641e-197    2.84405e-11    0.00458258    0.00458258 
0.411467    5e-12    3.33966e-11    5.35915e-198    2.83966e-11    0.00459143    0.00459143 
0.409781    5e-12    3.3353e-11    7.37111e-199    2.8353e-11    0.00460044    0.00460044 
0.408108    5e-12    3.33098e-11    1.01383e-199    2.83098e-11    0.00460958    0.00460958 
0.40645    5e-12    3.32669e-11    1.39441e-200    2.82669e-11    0.00461879    0.00461879 
0.404804    5e-12    3.32243e-11    1.91778e-201    2.82243e-11    0.00462803    0.00462803 
0.403172    5e-12    3.31821e-11    2.63742e-202    2.81821e-11    0.00463728    0.00463728 
0.401553    5e-12    3.31402e-11    3.62682e-203    2.81402e-11    0.00464647    0.00464647 
0.399947    5e-12    3.30987e-11    4.9869e-204    2.80987e-11    0.00465556    0.00465556 
0.398354    5e-12    3.30574e-11    6.85623e-205    2.80574e-11    0.00466452    0.00466452 
0.396773    5e-12    3.30165e-11    9.42502e-206    2.80165e-11    0.00467329    0.00467329 
0.395205    5e-12    3.29758e-11    1.29308e-206    2.79758e-11    0.00467759    0.00467759 
0.39365    5e-12    3.29355e-11    1.7771e-207    2.79355e-11    0.00468601    0.00468601 
0.392106    5e-12    3.28955e-11    2.44188e-208    2.78955e-11    0.00469415    0.00469415 
0.390575    5e-12    3.28558e-11    3.35472e-209    2.78558e-11    0.00470197    0.00470197 
0.389054    5e-12    3.28163e-11    4.59874e-210    2.78163e-11    0.00470945    0.00470945 
0.387544    5e-12    3.27771e-11    6.30279e-211    2.77771e-11    0.00471657    0.00471657 
0.386047    5e-12    3.27382e-11    8.63645e-212    2.77382e-11    0.00472331    0.00472331 
0.384561    5e-12    3.26996e-11    1.18316e-212    2.76996e-11    0.00472965    0.00472965 
0.383086    5e-12    3.26612e-11    1.61854e-213    2.76612e-11    0.00473268    0.00473268 
0.381623    5e-12    3.26231e-11    2.21659e-214    2.76231e-11    0.00473843    0.00473843 
0.38017    5e-12    3.25853e-11    3.03496e-215    2.75853e-11    0.00474379    0.00474379 
0.378729    5e-12    3.25478e-11    4.15464e-216    2.75478e-11    0.00474878    0.00474878 
0.377299    5e-12    3.25105e-11    5.68628e-217    2.75105e-11    0.0047534    0.0047534 
0.375879    5e-12    3.24734e-11    7.78113e-218    2.74734e-11    0.00475769    0.00475769 
0.37447    5e-12    3.24366e-11    1.06372e-218    2.74366e-11    0.00475972    0.00475972 
0.373072    5e-12    3.24e-11    1.4552e-219    2.74e-11    0.00476357    0.00476357 
0.371684    5e-12    3.23637e-11    1.99047e-220    2.73637e-11    0.00476718    0.00476718 
0.370306    5e-12    3.23276e-11    2.72229e-221    2.73276e-11    0.00477058    0.00477058 
0.368938    5e-12    3.22917e-11    3.72276e-222    2.72917e-11    0.00477382    0.00477382 
0.367581    5e-12    3.22561e-11    5.08717e-223    2.72561e-11    0.0047754    0.0047754 
0.366233    5e-12    3.22207e-11    6.95579e-224    2.72207e-11    0.00477851    0.00477851 
0.364896    5e-12    3.21856e-11    9.5103e-225    2.71856e-11    0.00478159    0.00478159 
0.363568    5e-12    3.21506e-11    1.30026e-225    2.71506e-11    0.0047847    0.0047847 
0.362249    5e-12    3.21159e-11    1.77652e-226    2.71159e-11    0.00478628    0.00478628 
0.36094    5e-12    3.20814e-11    2.42884e-227    2.70814e-11    0.00478953    0.00478953 
0.359641    5e-12    3.20471e-11    3.32076e-228    2.70471e-11    0.00479294    0.00479294 
0.358351    5e-12    3.2013e-11    4.54044e-229    2.7013e-11    0.00479657    0.00479657 
0.35707    5e-12    3.19791e-11    6.2034e-230    2.69791e-11    0.00479848    0.00479848 
0.355798    5e-12    3.19455e-11    8.48263e-231    2.69455e-11    0.00480251    0.00480251 
0.354536    5e-12    3.1912e-11    1.16004e-231    2.6912e-11    0.00480688    0.00480688 
0.353282    5e-12    3.18788e-11    1.58659e-232    2.68788e-11    0.0048116    0.0048116 
0.352037    5e-12    3.18458e-11    2.1679e-233    2.68458e-11    0.00481411    0.00481411 
0.350801    5e-12    3.1813e-11    2.96555e-234    2.6813e-11    0.00481944    0.00481944 
0.349573    5e-12    3.17804e-11    4.05726e-235    2.67804e-11    0.0048252    0.0048252 
0.348354    5e-12    3.17479e-11    5.54441e-236    2.67479e-11    0.00482825    0.00482825 
0.347144    5e-12    3.17157e-11    7.58704e-237    2.67157e-11    0.0048347    0.0048347 
0.345942    5e-12    3.16837e-11    1.03838e-237    2.66837e-11    0.00484161    0.00484161 
0.344748    5e-12    3.16519e-11    1.41916e-238    2.66519e-11    0.00484523    0.00484523 
0.343562    5e-12    3.16203e-11    1.9427e-239    2.66203e-11    0.00485284    0.00485284 
0.342385    5e-12    3.15889e-11    2.65976e-240    2.65889e-11    0.00486089    0.00486089 
0.341215    5e-12    3.15577e-11    3.63556e-241    2.65577e-11    0.00486508    0.00486508 
0.340054    5e-12    3.15267e-11    4.97839e-242    2.65267e-11    0.00487377    0.00487377 
0.3389    5e-12    3.14959e-11    6.81802e-243    2.64959e-11    0.00488286    0.00488286 
0.337755    5e-12    3.14653e-11    9.32024e-244    2.64653e-11    0.00488754    0.00488754 
0.336616    5e-12    3.14349e-11    1.2766e-244    2.64349e-11    0.00489716    0.00489716 
0.335486    5e-12    3.14046e-11    1.74516e-245    2.64046e-11    0.00490208    0.00490208 
0.334363    5e-12    3.13746e-11    2.3906e-246    2.63746e-11    0.00491213    0.00491213 
0.333248    5e-12    3.13447e-11    3.27491e-247    2.63447e-11    0.00492241    0.00492241 
0.33214    5e-12    3.13151e-11    4.47694e-248    2.63151e-11    0.00492762    0.00492762 
0.331039    5e-12    3.12856e-11    6.13314e-249    2.62856e-11    0.00493814    0.00493814 
0.329946    5e-12    3.12563e-11    8.40199e-250    2.62563e-11    0.00494875    0.00494875 
0.32886    5e-12    3.12272e-11    1.14851e-250    2.62272e-11    0.00495407    0.00495407 
0.327781    5e-12    3.11982e-11    1.57328e-251    2.61982e-11    0.0049647    0.0049647 
0.326709    5e-12    3.11695e-11    2.15042e-252    2.61695e-11    0.00497    0.00497 
0.325644    5e-12    3.11409e-11    2.94537e-253    2.61409e-11    0.00498052    0.00498052 
0.324586    5e-12    3.11125e-11    4.02544e-254    2.61125e-11    0.00498573    0.00498573 
0.323535    5e-12    3.10843e-11    5.51258e-255    2.60843e-11    0.00499601    0.00499601 
0.32249    5e-12    3.10562e-11    7.54812e-256    2.60562e-11    0.00500606    0.00500606 
0.321452    5e-12    3.10283e-11    1.03138e-256    2.60283e-11    0.00501099    0.00501099 
0.320421    5e-12    3.10006e-11    1.41187e-257    2.60006e-11    0.00502061    0.00502061 
0.319397    5e-12    3.09731e-11    1.92887e-258    2.59731e-11    0.00502529    0.00502529 
0.318379    5e-12    3.09457e-11    2.63971e-259    2.59457e-11    0.00503437    0.00503437 
0.317368    5e-12    3.09184e-11    3.60567e-260    2.59184e-11    0.00503877    0.00503877 
0.316363    5e-12    3.08914e-11    4.93293e-261    2.58914e-11    0.00504725    0.00504725 
0.315364    5e-12    3.08644e-11    6.73678e-262    2.58644e-11    0.00505133    0.00505133 
0.314371    5e-12    3.08377e-11    9.21359e-263    2.58377e-11    0.00505915    0.00505915 
0.313385    5e-12    3.08111e-11    1.25803e-263    2.58111e-11    0.00506289    0.00506289 
0.312405    5e-12    3.07846e-11    1.71998e-264    2.57846e-11    0.00507004    0.00507004 
0.311431    5e-12    3.07583e-11    2.34801e-265    2.57583e-11    0.00507344    0.00507344 
0.310464    5e-12    3.07321e-11    3.20915e-266    2.57321e-11    0.00507991    0.00507991 
0.309502    5e-12    3.07061e-11    4.3801e-267    2.57061e-11    0.00508298    0.00508298 
0.308546    5e-12    3.06802e-11    5.98461e-268    2.56802e-11    0.0050888    0.0050888 
0.307596    5e-12    3.06544e-11    8.16681e-269    2.56544e-11    0.00509157    0.00509157 
0.306652    5e-12    3.06288e-11    1.11552e-269    2.56288e-11    0.00509681    0.00509681 
0.305713    5e-12    3.06034e-11    1.52203e-270    2.56034e-11    0.0050993    0.0050993 
0.30478    5e-12    3.0578e-11    2.07845e-271    2.5578e-11    0.00510405    0.00510405 
0.303853    5e-12    3.05528e-11    2.83545e-272    2.55528e-11    0.00510631    0.00510631 
0.302932    5e-12    3.05277e-11    3.8712e-273    2.55277e-11    0.00511066    0.00511066 
0.302016    5e-12    3.05028e-11    5.2805e-274    2.55028e-11    0.00511276    0.00511276 
0.301106    5e-12    3.0478e-11    7.20823e-275    2.5478e-11    0.00511684    0.00511684 
0.300201    5e-12    3.04533e-11    9.83141e-276    2.54533e-11    0.00511884    0.00511884 
0.299302    5e-12    3.04287e-11    1.3419e-276    2.54287e-11    0.00512278    0.00512278 
0.298408    5e-12    3.04043e-11    1.83012e-277    2.54043e-11    0.00512473    0.00512473 
0.297519    5e-12    3.038e-11    2.49589e-278    2.538e-11    0.0051267    0.0051267 
0.296636    5e-12    3.03558e-11    3.40643e-279    2.53558e-11    0.00513066    0.00513066 
0.295757    5e-12    3.03317e-11    4.6455e-280    2.53317e-11    0.00513268    0.00513268 
0.294884    5e-12    3.03078e-11    6.34035e-281    2.53078e-11    0.00513683    0.00513683 
0.294016    5e-12    3.02839e-11    8.64658e-282    2.52839e-11    0.00513897    0.00513897 
0.293154    5e-12    3.02602e-11    1.1802e-282    2.52602e-11    0.00514343    0.00514343 
0.292296    5e-12    3.02366e-11    1.60951e-283    2.52366e-11    0.00514576    0.00514576 
0.291443    5e-12    3.02132e-11    2.195e-284    2.52132e-11    0.00514816    0.00514816 
0.290595    5e-12    3.01898e-11    2.99647e-285    2.51898e-11    0.00515321    0.00515321 
0.289753    5e-12    3.01666e-11    4.08669e-286    2.51666e-11    0.00515587    0.00515587 
0.288915    5e-12    3.01434e-11    5.57979e-287    2.51434e-11    0.00516148    0.00516148 
0.288081    5e-12    3.01204e-11    7.61038e-288    2.51204e-11    0.00516443    0.00516443 
0.287253    5e-12    3.00975e-11    1.03801e-288    2.50975e-11    0.00516749    0.00516749 
0.28643    5e-12    3.00748e-11    1.4176e-289    2.50748e-11    0.00517394    0.00517394 
0.285611    5e-12    3.00521e-11    1.93367e-290    2.50521e-11    0.00517733    0.00517733 
0.284796    5e-12    3.00295e-11    2.64135e-291    2.50295e-11    0.00518445    0.00518445 
0.283987    5e-12    3.00071e-11    3.6032e-292    2.50071e-11    0.00518818    0.00518818 
0.283182    5e-12    2.99848e-11    4.91541e-293    2.49848e-11    0.00519202    0.00519202 
0.282381    5e-12    2.99626e-11    6.7161e-294    2.49626e-11    0.00520004    0.00520004 
0.281585    5e-12    2.99405e-11    9.16265e-295    2.49405e-11    0.00520421    0.00520421 
0.280794    5e-12    2.99185e-11    1.25006e-295    2.49185e-11    0.00520849    0.00520849 
0.280007    5e-12    2.98966e-11    1.70841e-296    2.48966e-11    0.00521734    0.00521734 
0.279224    5e-12    2.98748e-11    2.33093e-297    2.48748e-11    0.00522191    0.00522191 
0.278446    5e-12    2.98532e-11    3.18031e-298    2.48532e-11    0.00522656    0.00522656 
0.277672    5e-12    2.98316e-11    4.34721e-299    2.48316e-11    0.00523611    0.00523611 
0.276902    5e-12    2.98102e-11    5.93153e-300    2.48102e-11    0.00524099    0.00524099 
0.276137    5e-12    2.97888e-11    8.09324e-301    2.47888e-11    0.00524594    0.00524594 
0.275376    5e-12    2.97676e-11    1.1064e-301    2.47676e-11    0.00525598    0.00525598 
0.274619    5e-12    2.97465e-11    1.50962e-302    2.47465e-11    0.00526107    0.00526107 
0.273866    5e-12    2.97255e-11    2.05977e-303    2.47255e-11    0.00526619    0.00526619 
0.273117    5e-12    2.97045e-11    2.81587e-304    2.47045e-11    0.00527649    0.00527649 
0.272373    5e-12    2.96837e-11    3.84193e-305    2.46837e-11    0.00528165    0.00528165 
0.271632    5e-12    2.9663e-11    5.24173e-306    2.4663e-11    0.0052868    0.0052868 
0.270896    5e-12    2.96424e-11    7.16517e-307    2.46424e-11    0.00529706    0.00529706 
0.270163    5e-12    2.96219e-11    9.77503e-308    2.46219e-11    0.00530214    0.00530214 
0.269434    5e-12    2.96015e-11    1.3335e-308    2.46015e-11    0.00530718    0.00530718 
0.26871    5e-12    2.95812e-11    1.82244e-309    2.45812e-11    0.0053171    0.0053171 
0.267989    5e-12    2.9561e-11    2.48586e-310    2.4561e-11    0.00532195    0.00532195 
0.267272    5e-12    2.95409e-11    3.39061e-311    2.45409e-11    0.00532673    0.00532673 
0.266559    5e-12    2.95209e-11    4.62438e-312    2.45209e-11    0.00533142    0.00533142 
0.265849    5e-12    2.9501e-11    6.31733e-313    2.4501e-11    0.00534049    0.00534049 
0.265144    5e-12    2.94812e-11    8.61466e-314    2.44812e-11    0.00534486    0.00534486 
0.264442    5e-12    2.94614e-11    1.17466e-314    2.44614e-11    0.00534912    0.00534912 
0.263744    5e-12    2.94418e-11    1.604e-315    2.44418e-11    0.00535723    0.00535723 
0.263049    5e-12    2.94223e-11    2.18673e-316    2.44223e-11    0.00536108    0.00536108 
0.262358    5e-12    2.94028e-11    2.98094e-317    2.44028e-11    0.00536479    0.00536479 
0.261671    5e-12    2.93834e-11    4.06329e-318    2.43834e-11    0.00536835    0.00536835 
0.260988    5e-12    2.93642e-11    5.5449e-319    2.43642e-11    0.00537501    0.00537501 
0.260308    5e-12    2.9345e-11    7.55673e-320    2.4345e-11    0.00537811    0.00537811 
0.259631    5e-12    2.93259e-11    1.02963e-320    2.43259e-11    0.00538104    0.00538104 
0.258958    5e-12    2.93068e-11    1.40315e-321    2.43068e-11    0.00538382    0.00538382 
0.258288    5e-12    2.92879e-11    1.92686e-322    2.42879e-11    0.0053889    0.0053889 
0.257622    5e-12    2.92691e-11    2.47033e-323    2.42691e-11    0.00539121    0.00539121 
0.25696    5e-12    2.92503e-11    4.94066e-324    2.42503e-11    0.00539336    0.00539336 
0.256301    5e-12    2.92316e-11    0    2.42316e-11    0.00539536    0.00539536 
0.255645    5e-12    2.9213e-11    0    2.4213e-11    0.00539894    0.00539894 
0.254992    5e-12    2.91944e-11    0    2.41944e-11    0.00540053    0.00540053 
0.254343    5e-12    2.9176e-11    0    2.4176e-11    0.00540199    0.00540199 
0.253697    5e-12    2.91576e-11    0    2.41576e-11    0.00540333    0.00540333 
0.253054    5e-12    2.91393e-11    0    2.41393e-11    0.00540571    0.00540571 
0.252415    5e-12    2.91211e-11    0    2.41211e-11    0.00540676    0.00540676 
0.251779    5e-12    2.91029e-11    0    2.41029e-11    0.00540773    0.00540773 
0.251146    5e-12    2.90848e-11    0    2.40848e-11    0.00540865    0.00540865 
0.250516    5e-12    2.90668e-11    0    2.40668e-11    0.0054095    0.0054095 
0.249889    5e-12    2.90489e-11    0    2.40489e-11    0.00541112    0.00541112 
0.249266    5e-12    2.9031e-11    0    2.4031e-11    0.00541191    0.00541191 
0.248646    5e-12    2.90132e-11    0    2.40132e-11    0.00541271    0.00541271 
0.248028    5e-12    2.89955e-11    0    2.39955e-11    0.00541352    0.00541352 
0.247414    5e-12    2.89779e-11    0    2.39779e-11    0.00541438    0.00541438 
0.246803    5e-12    2.89603e-11    0    2.39603e-11    0.00541627    0.00541627 
0.246194    5e-12    2.89428e-11    0    2.39428e-11    0.00541734    0.00541734 
0.245589    5e-12    2.89253e-11    0    2.39253e-11    0.00541852    0.00541852 
0.244987    5e-12    2.8908e-11    0    2.3908e-11    0.00541983    0.00541983 
0.244388    5e-12    2.88907e-11    0    2.38907e-11    0.00542127    0.00542127 
0.243791    5e-12    2.88734e-11    0    2.38734e-11    0.00542467    0.00542467 
0.243198    5e-12    2.88563e-11    0    2.38563e-11    0.00542665    0.00542665 
0.242607    5e-12    2.88392e-11    0    2.38392e-11    0.00542885    0.00542885 
0.242019    5e-12    2.88221e-11    0    2.38221e-11    0.00543129    0.00543129 
0.241435    5e-12    2.88052e-11    0    2.38052e-11    0.00543397    0.00543397 
0.240852    5e-12    2.87883e-11    0    2.37883e-11    0.00543693    0.00543693 
0.240273    5e-12    2.87715e-11    0    2.37715e-11    0.00544372    0.00544372 
0.239697    5e-12    2.87547e-11    0    2.37547e-11    0.00544759    0.00544759 
0.239123    5e-12    2.8738e-11    0    2.3738e-11    0.00545181    0.00545181 
0.238552    5e-12    2.87214e-11    0    2.37214e-11    0.00545637    0.00545637 
0.237984    5e-12    2.87049e-11    0    2.37049e-11    0.00546131    0.00546131 
0.237418    5e-12    2.86884e-11    0    2.36884e-11    0.00546664    0.00546664 
0.236855    5e-12    2.8672e-11    0    2.3672e-11    0.00547237    0.00547237 
0.236295    5e-12    2.86557e-11    0    2.36557e-11    0.0054851    0.0054851 
0.235737    5e-12    2.86394e-11    0    2.36394e-11    0.00549212    0.00549212 
0.235182    5e-12    2.86232e-11    0    2.36232e-11    0.00549961    0.00549961 
0.23463    5e-12    2.86071e-11    0    2.36071e-11    0.00550756    0.00550756 
0.23408    5e-12    2.8591e-11    0    2.3591e-11    0.005516    0.005516 
0.233533    5e-12    2.85751e-11    0    2.35751e-11    0.00552494    0.00552494 
0.232988    5e-12    2.85592e-11    0    2.35592e-11    0.00553438    0.00553438 
0.232446    5e-12    2.85433e-11    0    2.35433e-11    0.00555481    0.00555481 
0.231907    5e-12    2.85276e-11    0    2.35276e-11    0.00556583    0.00556583 
0.23137    5e-12    2.85119e-11    0    2.35119e-11    0.00557738    0.00557738 
0.230835    5e-12    2.84963e-11    0    2.34963e-11    0.00558947    0.00558947 
0.230303    5e-12    2.84808e-11    0    2.34808e-11    0.00560212    0.00560212 
0.229773    5e-12    2.84653e-11    0    2.34653e-11    0.00561533    0.00561533 
0.229246    5e-12    2.84499e-11    0    2.34499e-11    0.0056291    0.0056291 
0.228721    5e-12    2.84346e-11    0    2.34346e-11    0.00564344    0.00564344 
0.228198    5e-12    2.84194e-11    0    2.34194e-11    0.00565834    0.00565834 
0.227678    5e-12    2.84042e-11    0    2.34042e-11    0.00568985    0.00568985 
0.227161    5e-12    2.83891e-11    0    2.33891e-11    0.00570646    0.00570646 
0.226645    5e-12    2.83741e-11    0    2.33741e-11    0.00572364    0.00572364 
0.226132    5e-12    2.83592e-11    0    2.33592e-11    0.00574139    0.00574139 
0.225622    5e-12    2.83444e-11    0    2.33444e-11    0.00575969    0.00575969 
0.225113    5e-12    2.83296e-11    0    2.33296e-11    0.00577856    0.00577856 
0.224607    5e-12    2.83149e-11    0    2.33149e-11    0.00579797    0.00579797 
0.224103    5e-12    2.83003e-11    0    2.33003e-11    0.00581794    0.00581794 
0.223602    5e-12    2.82857e-11    0    2.32857e-11    0.00583844    0.00583844 
0.223102    5e-12    2.82713e-11    0    2.32713e-11    0.00585948    0.00585948 
0.222605    5e-12    2.82569e-11    0    2.32569e-11    0.00588103    0.00588103 
0.22211    5e-12    2.82426e-11    0    2.32426e-11    0.0059031    0.0059031 
0.221617    5e-12    2.82283e-11    0    2.32283e-11    0.00594872    0.00594872 
0.221127    5e-12    2.82142e-11    0    2.32142e-11    0.00597225    0.00597225 
0.220639    5e-12    2.82001e-11    0    2.32001e-11    0.00599624    0.00599624 
0.220152    5e-12    2.81861e-11    0    2.31861e-11    0.00602068    0.00602068 
0.219668    5e-12    2.81722e-11    0    2.31722e-11    0.00604554    0.00604554 
0.219186    5e-12    2.81583e-11    0    2.31583e-11    0.00607082    0.00607082 
0.218706    5e-12    2.81446e-11    0    2.31446e-11    0.00609649    0.00609649 
0.218229    5e-12    2.81309e-11    0    2.31309e-11    0.00612253    0.00612253 
0.217753    5e-12    2.81173e-11    0    2.31173e-11    0.00614893    0.00614893 
0.217279    5e-12    2.81037e-11    0    2.31037e-11    0.00617567    0.00617567 
0.216808    5e-12    2.80903e-11    0    2.30903e-11    0.00620272    0.00620272 
0.216338    5e-12    2.80769e-11    0    2.30769e-11    0.00623007    0.00623007 
0.215871    5e-12    2.80636e-11    0    2.30636e-11    0.00625768    0.00625768 
0.215405    5e-12    2.80503e-11    0    2.30503e-11    0.00628554    0.00628554 
0.214942    5e-12    2.80372e-11    0    2.30372e-11    0.00631363    0.00631363 
0.21448    5e-12    2.80241e-11    0    2.30241e-11    0.00634192    0.00634192 
0.214021    5e-12    2.8011e-11    0    2.3011e-11    0.00637038    0.00637038 
0.213563    5e-12    2.79981e-11    0    2.29981e-11    0.006399    0.006399 
0.213108    5e-12    2.79852e-11    0    2.29852e-11    0.00642774    0.00642774 
0.212654    5e-12    2.79724e-11    0    2.29724e-11    0.00645659    0.00645659 
0.212202    5e-12    2.79597e-11    0    2.29597e-11    0.00648551    0.00648551 
0.211753    5e-12    2.7947e-11    0    2.2947e-11    0.0065435    0.0065435 
0.211305    5e-12    2.79344e-11    0    2.29344e-11    0.00657251    0.00657251 
0.210859    5e-12    2.79219e-11    0    2.29219e-11    0.00660151    0.00660151 
0.210415    5e-12    2.79094e-11    0    2.29094e-11    0.00663046    0.00663046 
0.209972    5e-12    2.7897e-11    0    2.2897e-11    0.00665935    0.00665935 
0.209532    5e-12    2.78847e-11    0    2.28847e-11    0.00668815    0.00668815 
0.209093    5e-12    2.78724e-11    0    2.28724e-11    0.00671684    0.00671684 
0.208657    5e-12    2.78602e-11    0    2.28602e-11    0.00674541    0.00674541 
0.208222    5e-12    2.78481e-11    0    2.28481e-11    0.00677383    0.00677383 
0.207789    5e-12    2.7836e-11    0    2.2836e-11    0.00680208    0.00680208 
0.207357    5e-12    2.7824e-11    0    2.2824e-11    0.00683015    0.00683015 
0.206928    5e-12    2.78121e-11    0    2.28121e-11    0.00685802    0.00685802 
0.2065    5e-12    2.78002e-11    0    2.28002e-11    0.00688568    0.00688568 
0.206074    5e-12    2.77884e-11    0    2.27884e-11    0.00691311    0.00691311 
0.20565    5e-12    2.77766e-11    0    2.27766e-11    0.0069403    0.0069403 
0.205228    5e-12    2.77649e-11    0    2.27649e-11    0.00696724    0.00696724 
0.204807    5e-12    2.77533e-11    0    2.27533e-11    0.00699393    0.00699393 
0.204388    5e-12    2.77417e-11    0    2.27417e-11    0.00702035    0.00702035 
0.20397    5e-12    2.77302e-11    0    2.27302e-11    0.0070465    0.0070465 
0.203555    5e-12    2.77187e-11    0    2.27187e-11    0.00707237    0.00707237 
0.203141    5e-12    2.77073e-11    0    2.27073e-11    0.00709797    0.00709797 
0.202729    5e-12    2.76959e-11    0    2.26959e-11    0.0071233    0.0071233 
0.202318    5e-12    2.76846e-11    0    2.26846e-11    0.00714835    0.00714835 
0.201909    5e-12    2.76733e-11    0    2.26733e-11    0.00714835    0.00714835 
0.201502    5e-12    2.76621e-11    0    2.26621e-11    0.00717313    0.00717313 
0.201096    5e-12    2.7651e-11    0    2.2651e-11    0.00719764    0.00719764 
0.200692    5e-12    2.76399e-11    0    2.26399e-11    0.00722189    0.00722189 
0.20029    5e-12    2.76288e-11    0    2.26288e-11    0.0072459    0.0072459 
0.199889    5e-12    2.76178e-11    0    2.26178e-11    0.00726966    0.00726966 
0.19949    5e-12    2.76069e-11    0    2.26069e-11    0.0072932    0.0072932 
0.199093    5e-12    2.7596e-11    0    2.2596e-11    0.00731652    0.00731652 
0.198697    5e-12    2.75851e-11    0    2.25851e-11    0.00733965    0.00733965 
0.198302    5e-12    2.75743e-11    0    2.25743e-11    0.00736259    0.00736259 
0.197909    5e-12    2.75636e-11    0    2.25636e-11    0.00738536    0.00738536 
0.197518    5e-12    2.75529e-11    0    2.25529e-11    0.00740799    0.00740799 
0.197128    5e-12    2.75422e-11    0    2.25422e-11    0.0074305    0.0074305 
0.19674    5e-12    2.75316e-11    0    2.25316e-11    0.0074529    0.0074529 
0.196353    5e-12    2.7521e-11    0    2.2521e-11    0.00747522    0.00747522 
0.195968    5e-12    2.75105e-11    0    2.25105e-11    0.00749748    0.00749748 
0.195584    5e-12    2.75e-11    0    2.25e-11    0.00751972    0.00751972 
0.195202    5e-12    2.74896e-11    0    2.24896e-11    0.00754194    0.00754194 
0.194822    5e-12    2.74792e-11    0    2.24792e-11    0.00756419    0.00756419 
0.194442    5e-12    2.74689e-11    0    2.24689e-11    0.00758647    0.00758647 
0.194065    5e-12    2.74586e-11    0    2.24586e-11    0.00760884    0.00760884 
0.193688    5e-12    2.74483e-11    0    2.24483e-11    0.0076313    0.0076313 
0.193314    5e-12    2.74381e-11    0    2.24381e-11    0.0076313    0.0076313 
0.19294    5e-12    2.74279e-11    0    2.24279e-11    0.00765389    0.00765389 
0.192568    5e-12    2.74178e-11    0    2.24178e-11    0.00767664    0.00767664 
0.192198    5e-12    2.74077e-11    0    2.24077e-11    0.00769957    0.00769957 
0.191829    5e-12    2.73977e-11    0    2.23977e-11    0.00772272    0.00772272 
0.191461    5e-12    2.73877e-11    0    2.23877e-11    0.0077461    0.0077461 
0.191095    5e-12    2.73777e-11    0    2.23777e-11    0.00776976    0.00776976 
0.19073    5e-12    2.73678e-11    0    2.23678e-11    0.0077937    0.0077937 
0.190367    5e-12    2.73579e-11    0    2.23579e-11    0.00781797    0.00781797 
0.190005    5e-12    2.73481e-11    0    2.23481e-11    0.00784258    0.00784258 
0.189644    5e-12    2.73383e-11    0    2.23383e-11    0.00786757    0.00786757 
0.189285    5e-12    2.73285e-11    0    2.23285e-11    0.00789296    0.00789296 
0.188927    5e-12    2.73188e-11    0    2.23188e-11    0.00791877    0.00791877 
0.18857    5e-12    2.73092e-11    0    2.23092e-11    0.00791877    0.00791877 
0.188215    5e-12    2.72995e-11    0    2.22995e-11    0.00794502    0.00794502 
0.187861    5e-12    2.72899e-11    0    2.22899e-11    0.00797174    0.00797174 
0.187508    5e-12    2.72804e-11    0    2.22804e-11    0.00799894    0.00799894 
0.187157    5e-12    2.72709e-11    0    2.22709e-11    0.00802666    0.00802666 
0.186807    5e-12    2.72614e-11    0    2.22614e-11    0.0080549    0.0080549 
0.186458    5e-12    2.7252e-11    0    2.2252e-11    0.00808369    0.00808369 
0.186111    5e-12    2.72426e-11    0    2.22426e-11    0.00811303    0.00811303 
0.185765    5e-12    2.72333e-11    0    2.22333e-11    0.00814296    0.00814296 
0.18542    5e-12    2.7224e-11    0    2.2224e-11    0.00817346    0.00817346 
0.185077    5e-12    2.72147e-11    0    2.22147e-11    0.00817346    0.00817346 
0.184734    5e-12    2.72055e-11    0    2.22055e-11    0.00820457    0.00820457 
0.184393    5e-12    2.71963e-11    0    2.21963e-11    0.00823629    0.00823629 
0.184054    5e-12    2.71872e-11    0    2.21872e-11    0.00826863    0.00826863 
0.183715    5e-12    2.71781e-11    0    2.21781e-11    0.00830159    0.00830159 
0.183378    5e-12    2.7169e-11    0    2.2169e-11    0.00833518    0.00833518 
0.183042    5e-12    2.716e-11    0    2.216e-11    0.00836941    0.00836941 
0.182707    5e-12    2.7151e-11    0    2.2151e-11    0.00840426    0.00840426 
0.182374    5e-12    2.71421e-11    0    2.21421e-11    0.00843975    0.00843975 
0.182041    5e-12    2.71332e-11    0    2.21332e-11    0.00843975    0.00843975 
0.18171    5e-12    2.71243e-11    0    2.21243e-11    0.00847587    0.00847587 
0.18138    5e-12    2.71155e-11    0    2.21155e-11    0.00851262    0.00851262 
0.181052    5e-12    2.71067e-11    0    2.21067e-11    0.00854999    0.00854999 
0.180724    5e-12    2.7098e-11    0    2.2098e-11    0.00858797    0.00858797 
0.180398    5e-12    2.70893e-11    0    2.20893e-11    0.00862655    0.00862655 
0.180072    5e-12    2.70806e-11    0    2.20806e-11    0.00866571    0.00866571 
0.179748    5e-12    2.7072e-11    0    2.2072e-11    0.00870545    0.00870545 
0.179426    5e-12    2.70634e-11    0    2.20634e-11    0.00870545    0.00870545 
0.179104    5e-12    2.70548e-11    0    2.20548e-11    0.00874575    0.00874575 
0.178783    5e-12    2.70463e-11    0    2.20463e-11    0.00878659    0.00878659 
0.178464    5e-12    2.70379e-11    0    2.20379e-11    0.00882794    0.00882794 
0.178146    5e-12    2.70294e-11    0    2.20294e-11    0.00886978    0.00886978 
0.177829    5e-12    2.7021e-11    0    2.2021e-11    0.0089121    0.0089121 
0.177513    5e-12    2.70127e-11    0    2.20127e-11    0.00895486    0.00895486 
0.177198    5e-12    2.70044e-11    0    2.20044e-11    0.00895486    0.00895486 
0.176884    5e-12    2.69961e-11    0    2.19961e-11    0.00899803    0.00899803 
0.176571    5e-12    2.69879e-11    0    2.19879e-11    0.00904159    0.00904159 
0.17626    5e-12    2.69797e-11    0    2.19797e-11    0.0090855    0.0090855 
0.175949    5e-12    2.69715e-11    0    2.19715e-11    0.00912972    0.00912972 
0.17564    5e-12    2.69634e-11    0    2.19634e-11    0.00917423    0.00917423 
0.175332    5e-12    2.69553e-11    0    2.19553e-11    0.00921898    0.00921898 
0.175025    5e-12    2.69473e-11    0    2.19473e-11    0.00921898    0.00921898 
0.174719    5e-12    2.69392e-11    0    2.19392e-11    0.00926394    0.00926394 
0.174414    5e-12    2.69313e-11    0    2.19313e-11    0.00930907    0.00930907 
0.17411    5e-12    2.69233e-11    0    2.19233e-11    0.00935433    0.00935433 
0.173807    5e-12    2.69154e-11    0    2.19154e-11    0.00939966    0.00939966 
0.173505    5e-12    2.69075e-11    0    2.19075e-11    0.00944504    0.00944504 
0.173204    5e-12    2.68997e-11    0    2.18997e-11    0.00944504    0.00944504 
0.172904    5e-12    2.68919e-11    0    2.18919e-11    0.00949041    0.00949041 
0.172605    5e-12    2.68842e-11    0    2.18842e-11    0.00953574    0.00953574 
0.172308    5e-12    2.68764e-11    0    2.18764e-11    0.00958097    0.00958097 
0.172011    5e-12    2.68687e-11    0    2.18687e-11    0.00962606    0.00962606 
0.171715    5e-12    2.68611e-11    0    2.18611e-11    0.00967096    0.00967096 
0.171421    5e-12    2.68534e-11    0    2.18534e-11    0.00967096    0.00967096 
0.171127    5e-12    2.68458e-11    0    2.18458e-11    0.00971564    0.00971564 
0.170834    5e-12    2.68383e-11    0    2.18383e-11    0.00976004    0.00976004 
0.170543    5e-12    2.68308e-11    0    2.18308e-11    0.00980412    0.00980412 
0.170252    5e-12    2.68233e-11    0    2.18233e-11    0.00984783    0.00984783 
0.169963    5e-12    2.68158e-11    0    2.18158e-11    0.00989114    0.00989114 
0.169674    5e-12    2.68084e-11    0    2.18084e-11    0.00989114    0.00989114 
0.169386    5e-12    2.68009e-11    0    2.18009e-11    0.009934    0.009934 
0.169099    5e-12    2.67936e-11    0    2.17936e-11    0.00997637    0.00997637 
0.168814    5e-12    2.67862e-11    0    2.17862e-11    0.0100182    0.0100182 
0.168529    5e-12    2.67789e-11    0    2.17789e-11    0.0100595    0.0100595 
0.168245    5e-12    2.67716e-11    0    2.17716e-11    0.0101001    0.0101001 
0.167962    5e-12    2.67644e-11    0    2.17644e-11    0.0101001    0.0101001 
0.16768    5e-12    2.67572e-11    0    2.17572e-11    0.0101402    0.0101402 
0.167399    5e-12    2.675e-11    0    2.175e-11    0.0101795    0.0101795 
0.167119    5e-12    2.67428e-11    0    2.17428e-11    0.0102182    0.0102182 
0.16684    5e-12    2.67357e-11    0    2.17357e-11    0.0102561    0.0102561 
0.166562    5e-12    2.67286e-11    0    2.17286e-11    0.0102561    0.0102561 
0.166285    5e-12    2.67215e-11    0    2.17215e-11    0.0102933    0.0102933 
0.166008    5e-12    2.67144e-11    0    2.17144e-11    0.0103297    0.0103297 
0.165733    5e-12    2.67074e-11    0    2.17074e-11    0.0103654    0.0103654 
0.165459    5e-12    2.67004e-11    0    2.17004e-11    0.0104002    0.0104002 
0.165185    5e-12    2.66934e-11    0    2.16934e-11    0.0104002    0.0104002 
0.164912    5e-12    2.66864e-11    0    2.16864e-11    0.0104342    0.0104342 
0.16464    5e-12    2.66795e-11    0    2.16795e-11    0.0104674    0.0104674 
0.16437    5e-12    2.66726e-11    0    2.16726e-11    0.0104998    0.0104998 
0.1641    5e-12    2.66657e-11    0    2.16657e-11    0.0105313    0.0105313 
0.16383    5e-12    2.66589e-11    0    2.16589e-11    0.0105313    0.0105313 
0.163562    5e-12    2.6652e-11    0    2.1652e-11    0.010562    0.010562 
0.163295    5e-12    2.66452e-11    0    2.16452e-11    0.0105919    0.0105919 
0.163028    5e-12    2.66385e-11    0    2.16385e-11    0.0106209    0.0106209 
0.162763    5e-12    2.66317e-11    0    2.16317e-11    0.0106209    0.0106209 
0.162498    5e-12    2.6625e-11    0    2.1625e-11    0.0106492    0.0106492 
0.162234    5e-12    2.66182e-11    0    2.16182e-11    0.0106766    0.0106766 
0.161971    5e-12    2.66115e-11    0    2.16115e-11    0.0107033    0.0107033 
0.161709    5e-12    2.66049e-11    0    2.16049e-11    0.0107293    0.0107293 
0.161448    5e-12    2.65982e-11    0    2.15982e-11    0.0107293    0.0107293 
0.161187    5e-12    2.65916e-11    0    2.15916e-11    0.0107545    0.0107545 
0.160927    5e-12    2.6585e-11    0    2.1585e-11    0.010779    0.010779 
0.160669    5e-12    2.65784e-11    0    2.15784e-11    0.0108029    0.0108029 
0.160411    5e-12    2.65718e-11    0    2.15718e-11    0.0108261    0.0108261 
0.160153    5e-12    2.65653e-11    0    2.15653e-11    0.0108261    0.0108261 
0.159897    5e-12    2.65588e-11    0    2.15588e-11    0.0108487    0.0108487 
0.159642    5e-12    2.65522e-11    0    2.15522e-11    0.0108707    0.0108707 
0.159387    5e-12    2.65458e-11    0    2.15458e-11    0.0108922    0.0108922 
0.159133    5e-12    2.65393e-11    0    2.15393e-11    0.0108922    0.0108922 
0.15888    5e-12    2.65328e-11    0    2.15328e-11    0.0109132    0.0109132 
0.158628    5e-12    2.65264e-11    0    2.15264e-11    0.0109338    0.0109338 
0.158376    5e-12    2.652e-11    0    2.152e-11    0.010954    0.010954 
0.158126    5e-12    2.65136e-11    0    2.15136e-11    0.010954    0.010954 
0.157876    5e-12    2.65072e-11    0    2.15072e-11    0.0109738    0.0109738 
0.157627    5e-12    2.65009e-11    0    2.15009e-11    0.0109933    0.0109933 
0.157378    5e-12    2.64945e-11    0    2.14945e-11    0.0110125    0.0110125 
0.157131    5e-12    2.64882e-11    0    2.14882e-11    0.0110125    0.0110125 
0.156884    5e-12    2.64819e-11    0    2.14819e-11    0.0110316    0.0110316 
0.156638    5e-12    2.64756e-11    0    2.14756e-11    0.0110505    0.0110505 
0.156393    5e-12    2.64694e-11    0    2.14694e-11    0.0110692    0.0110692 
0.156148    5e-12    2.64631e-11    0    2.14631e-11    0.0110879    0.0110879 
0.155905    5e-12    2.64569e-11    0    2.14569e-11    0.0110879    0.0110879 
0.155662    5e-12    2.64507e-11    0    2.14507e-11    0.0111066    0.0111066 
0.155419    5e-12    2.64445e-11    0    2.14445e-11    0.0111253    0.0111253 
0.155178    5e-12    2.64383e-11    0    2.14383e-11    0.0111441    0.0111441 
0.154937    5e-12    2.64322e-11    0    2.14322e-11    0.0111441    0.0111441 
0.154697    5e-12    2.6426e-11    0    2.1426e-11    0.011163    0.011163 
0.154458    5e-12    2.64199e-11    0    2.14199e-11    0.0111821    0.0111821 
0.15422    5e-12    2.64138e-11    0    2.14138e-11    0.0112015    0.0112015 
0.153982    5e-12    2.64077e-11    0    2.14077e-11    0.0112015    0.0112015 
0.153745    5e-12    2.64016e-11    0    2.14016e-11    0.0112211    0.0112211 
0.153509    5e-12    2.63956e-11    0    2.13956e-11    0.011241    0.011241 
0.153273    5e-12    2.63895e-11    0    2.13895e-11    0.011241    0.011241 
0.153039    5e-12    2.63835e-11    0    2.13835e-11    0.0112613    0.0112613 
0.152804    5e-12    2.63775e-11    0    2.13775e-11    0.011282    0.011282 
0.152571    5e-12    2.63715e-11    0    2.13715e-11    0.0113031    0.0113031 
0.152338    5e-12    2.63655e-11    0    2.13655e-11    0.0113031    0.0113031 
0.152107    5e-12    2.63596e-11    0    2.13596e-11    0.0113247    0.0113247 
0.151875    5e-12    2.63536e-11    0    2.13536e-11    0.0113469    0.0113469 
0.151645    5e-12    2.63477e-11    0    2.13477e-11    0.0113696    0.0113696 
0.151415    5e-12    2.63418e-11    0    2.13418e-11    0.0113696    0.0113696 
0.151186    5e-12    2.63359e-11    0    2.13359e-11    0.0113928    0.0113928 
0.150957    5e-12    2.63301e-11    0    2.13301e-11    0.0114167    0.0114167 
0.15073    5e-12    2.63242e-11    0    2.13242e-11    0.0114413    0.0114413 
0.150502    5e-12    2.63184e-11    0    2.13184e-11    0.0114413    0.0114413 
0.150276    5e-12    2.63125e-11    0    2.13125e-11    0.0114665    0.0114665 
0.15005    5e-12    2.63067e-11    0    2.13067e-11    0.0114924    0.0114924 
0.149825    5e-12    2.6301e-11    0    2.1301e-11    0.0114924    0.0114924 
0.149601    5e-12    2.62952e-11    0    2.12952e-11    0.011519    0.011519 
0.149377    5e-12    2.62894e-11    0    2.12894e-11    0.0115464    0.0115464 
0.149154    5e-12    2.62837e-11    0    2.12837e-11    0.0115745    0.0115745 
0.148932    5e-12    2.6278e-11    0    2.1278e-11    0.0115745    0.0115745 
0.14871    5e-12    2.62723e-11    0    2.12723e-11    0.0116034    0.0116034 
0.148489    5e-12    2.62666e-11    0    2.12666e-11    0.011633    0.011633 
0.148269    5e-12    2.62609e-11    0    2.12609e-11    0.0116635    0.0116635 
0.148049    5e-12    2.62553e-11    0    2.12553e-11    0.0116635    0.0116635 
0.14783    5e-12    2.62496e-11    0    2.12496e-11    0.0116947    0.0116947 
0.147611    5e-12    2.6244e-11    0    2.1244e-11    0.0117268    0.0117268 
0.147394    5e-12    2.62384e-11    0    2.12384e-11    0.0117268    0.0117268 
0.147177    5e-12    2.62328e-11    0    2.12328e-11    0.0117596    0.0117596 
0.14696    5e-12    2.62272e-11    0    2.12272e-11    0.0117932    0.0117932 
0.146744    5e-12    2.62217e-11    0    2.12217e-11    0.0117932    0.0117932 
0.146529    5e-12    2.62162e-11    0    2.12162e-11    0.0118276    0.0118276 
0.146314    5e-12    2.62106e-11    0    2.12106e-11    0.0118628    0.0118628 
0.1461    5e-12    2.62051e-11    0    2.12051e-11    0.0118988    0.0118988 
0.145887    5e-12    2.61997e-11    0    2.11997e-11    0.0118988    0.0118988 
0.145674    5e-12    2.61942e-11    0    2.11942e-11    0.0119355    0.0119355 
0.145462    5e-12    2.61887e-11    0    2.11887e-11    0.011973    0.011973 
0.145251    5e-12    2.61833e-11    0    2.11833e-11    0.011973    0.011973 
0.14504    5e-12    2.61779e-11    0    2.11779e-11    0.0120112    0.0120112 
0.14483    5e-12    2.61725e-11    0    2.11725e-11    0.0120501    0.0120501 
0.14462    5e-12    2.61671e-11    0    2.11671e-11    0.0120896    0.0120896 
0.144411    5e-12    2.61618e-11    0    2.11618e-11    0.0120896    0.0120896 
0.144202    5e-12    2.61564e-11    0    2.11564e-11    0.0121299    0.0121299 
0.143994    5e-12    2.61511e-11    0    2.11511e-11    0.0121706    0.0121706 
0.143787    5e-12    2.61458e-11    0    2.11458e-11    0.0121706    0.0121706 
0.143581    5e-12    2.61405e-11    0    2.11405e-11    0.012212    0.012212 
0.143375    5e-12    2.61352e-11    0    2.11352e-11    0.012254    0.012254 
0.143169    5e-12    2.61299e-11    0    2.11299e-11    0.012254    0.012254 
0.142964    5e-12    2.61247e-11    0    2.11247e-11    0.0122964    0.0122964 
0.14276    5e-12    2.61194e-11    0    2.11194e-11    0.0123393    0.0123393 
0.142556    5e-12    2.61142e-11    0    2.11142e-11    0.0123393    0.0123393 
0.142353    5e-12    2.6109e-11    0    2.1109e-11    0.0123827    0.0123827 
0.14215    5e-12    2.61039e-11    0    2.11039e-11    0.0124264    0.0124264 
0.141948    5e-12    2.60987e-11    0    2.10987e-11    0.0124704    0.0124704 
0.141747    5e-12    2.60935e-11    0    2.10935e-11    0.0124704    0.0124704 
0.141546    5e-12    2.60884e-11    0    2.10884e-11    0.0125147    0.0125147 
0.141346    5e-12    2.60833e-11    0    2.10833e-11    0.0125593    0.0125593 
0.141146    5e-12    2.60782e-11    0    2.10782e-11    0.0125593    0.0125593 
0.140947    5e-12    2.60731e-11    0    2.10731e-11    0.012604    0.012604 
0.140749    5e-12    2.6068e-11    0    2.1068e-11    0.0126488    0.0126488 
0.140551    5e-12    2.6063e-11    0    2.1063e-11    0.0126488    0.0126488 
0.140353    5e-12    2.6058e-11    0    2.1058e-11    0.0126937    0.0126937 
0.140156    5e-12    2.60529e-11    0    2.10529e-11    0.0127386    0.0127386 
0.13996    5e-12    2.60479e-11    0    2.10479e-11    0.0127386    0.0127386 
0.139764    5e-12    2.6043e-11    0    2.1043e-11    0.0127835    0.0127835 
0.139569    5e-12    2.6038e-11    0    2.1038e-11    0.0128282    0.0128282 
0.139374    5e-12    2.6033e-11    0    2.1033e-11    0.0128282    0.0128282 
0.13918    5e-12    2.60281e-11    0    2.10281e-11    0.0128728    0.0128728 
0.138986    5e-12    2.60232e-11    0    2.10232e-11    0.0129172    0.0129172 
0.138793    5e-12    2.60182e-11    0    2.10182e-11    0.0129172    0.0129172 
0.138601    5e-12    2.60133e-11    0    2.10133e-11    0.0129612    0.0129612 
0.138408    5e-12    2.60085e-11    0    2.10085e-11    0.0130049    0.0130049 
0.138217    5e-12    2.60036e-11    0    2.10036e-11    0.0130049    0.0130049 
0.138026    5e-12    2.59987e-11    0    2.09987e-11    0.0130482    0.0130482 
0.137836    5e-12    2.59939e-11    0    2.09939e-11    0.013091    0.013091 
0.137646    5e-12    2.59891e-11    0    2.09891e-11    0.013091    0.013091 
0.137456    5e-12    2.59843e-11    0    2.09843e-11    0.0131333    0.0131333 
0.137267    5e-12    2.59795e-11    0    2.09795e-11    0.013175    0.013175 
0.137079    5e-12    2.59747e-11    0    2.09747e-11    0.013175    0.013175 
0.136891    5e-12    2.59699e-11    0    2.09699e-11    0.0132161    0.0132161 
0.136704    5e-12    2.59652e-11    0    2.09652e-11    0.0132564    0.0132564 
0.136517    5e-12    2.59604e-11    0    2.09604e-11    0.0132564    0.0132564 
0.136331    5e-12    2.59557e-11    0    2.09557e-11    0.013296    0.013296 
0.136145    5e-12    2.5951e-11    0    2.0951e-11    0.0133348    0.0133348 
0.13596    5e-12    2.59463e-11    0    2.09463e-11    0.0133348    0.0133348 
0.135775    5e-12    2.59416e-11    0    2.09416e-11    0.0133728    0.0133728 
0.135591    5e-12    2.5937e-11    0    2.0937e-11    0.0134098    0.0134098 
0.135407    5e-12    2.59323e-11    0    2.09323e-11    0.0134098    0.0134098 
0.135224    5e-12    2.59277e-11    0    2.09277e-11    0.0134459    0.0134459 
0.135041    5e-12    2.5923e-11    0    2.0923e-11    0.013481    0.013481 
0.134858    5e-12    2.59184e-11    0    2.09184e-11    0.013481    0.013481 
0.134677    5e-12    2.59138e-11    0    2.09138e-11    0.0135152    0.0135152 
0.134495    5e-12    2.59092e-11    0    2.09092e-11    0.0135483    0.0135483 
0.134315    5e-12    2.59046e-11    0    2.09046e-11    0.0135483    0.0135483 
0.134134    5e-12    2.59001e-11    0    2.09001e-11    0.0135801    0.0135801 
0.133954    5e-12    2.58955e-11    0    2.08955e-11    0.0135801    0.0135801 
0.133775    5e-12    2.58909e-11    0    2.08909e-11    0.0136111    0.0136111 
0.133596    5e-12    2.58864e-11    0    2.08864e-11    0.0136408    0.0136408 
0.133418    5e-12    2.58819e-11    0    2.08819e-11    0.0136408    0.0136408 
0.13324    5e-12    2.58774e-11    0    2.08774e-11    0.0136694    0.0136694 
0.133062    5e-12    2.58729e-11    0    2.08729e-11    0.0136969    0.0136969 
0.132885    5e-12    2.58684e-11    0    2.08684e-11    0.0136969    0.0136969 
0.132709    5e-12    2.58639e-11    0    2.08639e-11    0.0137231    0.0137231 
0.132533    5e-12    2.58594e-11    0    2.08594e-11    0.0137482    0.0137482 
0.132357    5e-12    2.5855e-11    0    2.0855e-11    0.0137482    0.0137482 
0.132182    5e-12    2.58505e-11    0    2.08505e-11    0.0137721    0.0137721 
0.132007    5e-12    2.58461e-11    0    2.08461e-11    0.0137948    0.0137948 
0.131833    5e-12    2.58417e-11    0    2.08417e-11    0.0137948    0.0137948 
0.131659    5e-12    2.58373e-11    0    2.08373e-11    0.0138164    0.0138164 
0.131486    5e-12    2.58329e-11    0    2.08329e-11    0.0138164    0.0138164 
0.131313    5e-12    2.58285e-11    0    2.08285e-11    0.0138367    0.0138367 
0.131141    5e-12    2.58241e-11    0    2.08241e-11    0.0138559    0.0138559 
0.130969    5e-12    2.58197e-11    0    2.08197e-11    0.0138559    0.0138559 
0.130797    5e-12    2.58153e-11    0    2.08153e-11    0.0138741    0.0138741 
0.130626    5e-12    2.5811e-11    0    2.0811e-11    0.013891    0.013891 
0.130456    5e-12    2.58066e-11    0    2.08066e-11    0.013891    0.013891 
0.130286    5e-12    2.58023e-11    0    2.08023e-11    0.0139069    0.0139069 
0.130116    5e-12    2.5798e-11    0    2.0798e-11    0.0139217    0.0139217 
0.129947    5e-12    2.57937e-11    0    2.07937e-11    0.0139217    0.0139217 
0.129778    5e-12    2.57893e-11    0    2.07893e-11    0.0139355    0.0139355 
0.12961    5e-12    2.5785e-11    0    2.0785e-11    0.0139355    0.0139355 
0.129442    5e-12    2.57808e-11    0    2.07808e-11    0.0139483    0.0139483 
0.129274    5e-12    2.57765e-11    0    2.07765e-11    0.0139602    0.0139602 
0.129107    5e-12    2.57722e-11    0    2.07722e-11    0.0139602    0.0139602 
0.12894    5e-12    2.57679e-11    0    2.07679e-11    0.0139711    0.0139711 
0.128774    5e-12    2.57637e-11    0    2.07637e-11    0.0139812    0.0139812 
0.128608    5e-12    2.57594e-11    0    2.07594e-11    0.0139812    0.0139812 
0.128443    5e-12    2.57552e-11    0    2.07552e-11    0.0139905    0.0139905 
0.128278    5e-12    2.5751e-11    0    2.0751e-11    0.0139905    0.0139905 
0.128114    5e-12    2.57467e-11    0    2.07467e-11    0.013999    0.013999 
0.12795    5e-12    2.57425e-11    0    2.07425e-11    0.0140067    0.0140067 
0.127786    5e-12    2.57383e-11    0    2.07383e-11    0.0140067    0.0140067 
0.127623    5e-12    2.57341e-11    0    2.07341e-11    0.0140139    0.0140139 
0.12746    5e-12    2.57299e-11    0    2.07299e-11    0.0140139    0.0140139 
0.127297    5e-12    2.57258e-11    0    2.07258e-11    0.0140203    0.0140203 
0.127135    5e-12    2.57216e-11    0    2.07216e-11    0.0140263    0.0140263 
0.126974    5e-12    2.57174e-11    0    2.07174e-11    0.0140263    0.0140263 
0.126813    5e-12    2.57133e-11    0    2.07133e-11    0.0140318    0.0140318 
0.126652    5e-12    2.57091e-11    0    2.07091e-11    0.0140367    0.0140367 
0.126491    5e-12    2.5705e-11    0    2.0705e-11    0.0140367    0.0140367 
0.126332    5e-12    2.57008e-11    0    2.07008e-11    0.0140414    0.0140414 
0.126172    5e-12    2.56967e-11    0    2.06967e-11    0.0140414    0.0140414 
0.126013    5e-12    2.56926e-11    0    2.06926e-11    0.0140457    0.0140457 
0.125854    5e-12    2.56885e-11    0    2.06885e-11    0.0140497    0.0140497 
0.125696    5e-12    2.56844e-11    0    2.06844e-11    0.0140497    0.0140497 
0.125538    5e-12    2.56803e-11    0    2.06803e-11    0.0140535    0.0140535 
0.12538    5e-12    2.56762e-11    0    2.06762e-11    0.0140535    0.0140535 
0.125223    5e-12    2.56721e-11    0    2.06721e-11    0.0140571    0.0140571 
0.125066    5e-12    2.5668e-11    0    2.0668e-11    0.0140606    0.0140606 
0.12491    5e-12    2.5664e-11    0    2.0664e-11    0.0140606    0.0140606 
0.124754    5e-12    2.56599e-11    0    2.06599e-11    0.0140642    0.0140642 
0.124598    5e-12    2.56558e-11    0    2.06558e-11    0.0140642    0.0140642 
0.124443    5e-12    2.56518e-11    0    2.06518e-11    0.0140676    0.0140676 
0.124288    5e-12    2.56478e-11    0    2.06478e-11    0.0140713    0.0140713 
0.124134    5e-12    2.56437e-11    0    2.06437e-11    0.0140713    0.0140713 
0.12398    5e-12    2.56397e-11    0    2.06397e-11    0.014075    0.014075 
0.123826    5e-12    2.56357e-11    0    2.06357e-11    0.014075    0.014075 
0.123673    5e-12    2.56317e-11    0    2.06317e-11    0.014079    0.014079 
0.12352    5e-12    2.56277e-11    0    2.06277e-11    0.014083    0.014083 
0.123367    5e-12    2.56237e-11    0    2.06237e-11    0.014083    0.014083 
0.123215    5e-12    2.56197e-11    0    2.06197e-11    0.0140874    0.0140874 
0.123063    5e-12    2.56157e-11    0    2.06157e-11    0.0140874    0.0140874 
0.122912    5e-12    2.56117e-11    0    2.06117e-11    0.0140921    0.0140921 
0.122761    5e-12    2.56078e-11    0    2.06078e-11    0.0140972    0.0140972 
0.12261    5e-12    2.56038e-11    0    2.06038e-11    0.0140972    0.0140972 
0.12246    5e-12    2.55999e-11    0    2.05999e-11    0.0141027    0.0141027 
0.12231    5e-12    2.55959e-11    0    2.05959e-11    0.0141027    0.0141027 
0.122161    5e-12    2.5592e-11    0    2.0592e-11    0.0141087    0.0141087 
0.122011    5e-12    2.5588e-11    0    2.0588e-11    0.014115    0.014115 
0.121862    5e-12    2.55841e-11    0    2.05841e-11    0.014115    0.014115 
0.121714    5e-12    2.55802e-11    0    2.05802e-11    0.0141221    0.0141221 
0.121566    5e-12    2.55763e-11    0    2.05763e-11    0.0141221    0.0141221 
0.121418    5e-12    2.55724e-11    0    2.05724e-11    0.0141296    0.0141296 
0.121271    5e-12    2.55685e-11    0    2.05685e-11    0.0141296    0.0141296 
0.121124    5e-12    2.55646e-11    0    2.05646e-11    0.0141376    0.0141376 
0.120977    5e-12    2.55607e-11    0    2.05607e-11    0.0141463    0.0141463 
0.120831    5e-12    2.55569e-11    0    2.05569e-11    0.0141463    0.0141463 
0.120685    5e-12    2.5553e-11    0    2.0553e-11    0.0141557    0.0141557 
0.120539    5e-12    2.55491e-11    0    2.05491e-11    0.0141557    0.0141557 
0.120394    5e-12    2.55453e-11    0    2.05453e-11    0.0141657    0.0141657 
0.120249    5e-12    2.55414e-11    0    2.05414e-11    0.0141764    0.0141764 
0.120104    5e-12    2.55376e-11    0    2.05376e-11    0.0141764    0.0141764 
0.11996    5e-12    2.55338e-11    0    2.05338e-11    0.0141877    0.0141877 
0.119816    5e-12    2.55299e-11    0    2.05299e-11    0.0141877    0.0141877 
0.119673    5e-12    2.55261e-11    0    2.05261e-11    0.0142    0.0142 
0.11953    5e-12    2.55223e-11    0    2.05223e-11    0.0142    0.0142 
0.119387    5e-12    2.55185e-11    0    2.05185e-11    0.0142127    0.0142127 
0.119244    5e-12    2.55147e-11    0    2.05147e-11    0.0142264    0.0142264 
0.119102    5e-12    2.55109e-11    0    2.05109e-11    0.0142264    0.0142264 
0.11896    5e-12    2.55071e-11    0    2.05071e-11    0.0142406    0.0142406 
0.118819    5e-12    2.55034e-11    0    2.05034e-11    0.0142406    0.0142406 
0.118678    5e-12    2.54996e-11    0    2.04996e-11    0.0142558    0.0142558 
0.118537    5e-12    2.54959e-11    0    2.04959e-11    0.0142558    0.0142558 
0.118396    5e-12    2.54921e-11    0    2.04921e-11    0.0142717    0.0142717 
0.118256    5e-12    2.54884e-11    0    2.04884e-11    0.0142882    0.0142882 
0.118116    5e-12    2.54846e-11    0    2.04846e-11    0.0142882    0.0142882 
0.117977    5e-12    2.54809e-11    0    2.04809e-11    0.0143057    0.0143057 
0.117838    5e-12    2.54772e-11    0    2.04772e-11    0.0143057    0.0143057 
0.117699    5e-12    2.54735e-11    0    2.04735e-11    0.0143237    0.0143237 
0.11756    5e-12    2.54697e-11    0    2.04697e-11    0.0143237    0.0143237 
0.117422    5e-12    2.5466e-11    0    2.0466e-11    0.0143425    0.0143425 
0.117284    5e-12    2.54624e-11    0    2.04624e-11    0.0143621    0.0143621 
0.117147    5e-12    2.54587e-11    0    2.04587e-11    0.0143621    0.0143621 
0.11701    5e-12    2.5455e-11    0    2.0455e-11    0.0143824    0.0143824 
0.116873    5e-12    2.54513e-11    0    2.04513e-11    0.0143824    0.0143824 
0.116736    5e-12    2.54477e-11    0    2.04477e-11    0.0144033    0.0144033 
0.1166    5e-12    2.5444e-11    0    2.0444e-11    0.0144033    0.0144033 
0.116464    5e-12    2.54404e-11    0    2.04404e-11    0.0144252    0.0144252 
0.116328    5e-12    2.54367e-11    0    2.04367e-11    0.0144474    0.0144474 
0.116193    5e-12    2.54331e-11    0    2.04331e-11    0.0144474    0.0144474 
0.116058    5e-12    2.54295e-11    0    2.04295e-11    0.0144704    0.0144704 
0.115923    5e-12    2.54258e-11    0    2.04258e-11    0.0144704    0.0144704 
0.115789    5e-12    2.54222e-11    0    2.04222e-11    0.0144939    0.0144939 
0.115655    5e-12    2.54186e-11    0    2.04186e-11    0.0144939    0.0144939 
0.115521    5e-12    2.5415e-11    0    2.0415e-11    0.0145181    0.0145181 
0.115388    5e-12    2.54114e-11    0    2.04114e-11    0.0145181    0.0145181 
0.115255    5e-12    2.54079e-11    0    2.04079e-11    0.0145428    0.0145428 
0.115122    5e-12    2.54043e-11    0    2.04043e-11    0.014568    0.014568 
0.114989    5e-12    2.54007e-11    0    2.04007e-11    0.014568    0.014568 
0.114857    5e-12    2.53972e-11    0    2.03972e-11    0.0145937    0.0145937 
0.114725    5e-12    2.53936e-11    0    2.03936e-11    0.0145937    0.0145937 
0.114594    5e-12    2.53901e-11    0    2.03901e-11    0.0146199    0.0146199 
0.114462    5e-12    2.53865e-11    0    2.03865e-11    0.0146199    0.0146199 
0.114331    5e-12    2.5383e-11    0    2.0383e-11    0.0146466    0.0146466 
0.114201    5e-12    2.53795e-11    0    2.03795e-11    0.0146466    0.0146466 
0.11407    5e-12    2.5376e-11    0    2.0376e-11    0.0146735    0.0146735 
0.11394    5e-12    2.53725e-11    0    2.03725e-11    0.0147007    0.0147007 
0.11381    5e-12    2.5369e-11    0    2.0369e-11    0.0147007    0.0147007 
0.113681    5e-12    2.53655e-11    0    2.03655e-11    0.0147284    0.0147284 
0.113552    5e-12    2.5362e-11    0    2.0362e-11    0.0147284    0.0147284 
0.113423    5e-12    2.53585e-11    0    2.03585e-11    0.0147563    0.0147563 
0.113294    5e-12    2.5355e-11    0    2.0355e-11    0.0147563    0.0147563 
0.113166    5e-12    2.53516e-11    0    2.03516e-11    0.0147841    0.0147841 
0.113038    5e-12    2.53481e-11    0    2.03481e-11    0.0147841    0.0147841 
0.11291    5e-12    2.53447e-11    0    2.03447e-11    0.0148126    0.0148126 
0.112782    5e-12    2.53412e-11    0    2.03412e-11    0.0148408    0.0148408 
0.112655    5e-12    2.53378e-11    0    2.03378e-11    0.0148408    0.0148408 
0.112528    5e-12    2.53343e-11    0    2.03343e-11    0.0148695    0.0148695 
0.112402    5e-12    2.53309e-11    0    2.03309e-11    0.0148695    0.0148695 
0.112275    5e-12    2.53275e-11    0    2.03275e-11    0.0148981    0.0148981 
0.112149    5e-12    2.53241e-11    0    2.03241e-11    0.0148981    0.0148981 
0.112024    5e-12    2.53207e-11    0    2.03207e-11    0.0149265    0.0149265 
0.111898    5e-12    2.53173e-11    0    2.03173e-11    0.0149265    0.0149265 
0.111773    5e-12    2.53139e-11    0    2.03139e-11    0.0149551    0.0149551 
0.111648    5e-12    2.53105e-11    0    2.03105e-11    0.0149551    0.0149551 
0.111523    5e-12    2.53072e-11    0    2.03072e-11    0.0149833    0.0149833 
0.111399    5e-12    2.53038e-11    0    2.03038e-11    0.0149833    0.0149833 
0.111275    5e-12    2.53004e-11    0    2.03004e-11    0.0150115    0.0150115 
0.111151    5e-12    2.52971e-11    0    2.02971e-11    0.0150398    0.0150398 
0.111028    5e-12    2.52938e-11    0    2.02938e-11    0.0150398    0.0150398 
0.110904    5e-12    2.52904e-11    0    2.02904e-11    0.0150675    0.0150675 
0.110781    5e-12    2.52871e-11    0    2.02871e-11    0.0150675    0.0150675 
0.110659    5e-12    2.52838e-11    0    2.02838e-11    0.0150951    0.0150951 
0.110536    5e-12    2.52804e-11    0    2.02804e-11    0.0150951    0.0150951 
0.110414    5e-12    2.52771e-11    0    2.02771e-11    0.0151225    0.0151225 
0.110292    5e-12    2.52738e-11    0    2.02738e-11    0.0151225    0.0151225 
0.11017    5e-12    2.52705e-11    0    2.02705e-11    0.0151493    0.0151493 
0.110049    5e-12    2.52672e-11    0    2.02672e-11    0.0151493    0.0151493 
0.109928    5e-12    2.5264e-11    0    2.0264e-11    0.0151758    0.0151758 
0.109807    5e-12    2.52607e-11    0    2.02607e-11    0.0151758    0.0151758 
0.109687    5e-12    2.52574e-11    0    2.02574e-11    0.0152019    0.0152019 
0.109566    5e-12    2.52541e-11    0    2.02541e-11    0.0152019    0.0152019 
0.109446    5e-12    2.52509e-11    0    2.02509e-11    0.0152276    0.0152276 
0.109327    5e-12    2.52476e-11    0    2.02476e-11    0.0152528    0.0152528 
0.109207    5e-12    2.52444e-11    0    2.02444e-11    0.0152528    0.0152528 
0.109088    5e-12    2.52411e-11    0    2.02411e-11    0.0152776    0.0152776 
0.108969    5e-12    2.52379e-11    0    2.02379e-11    0.0152776    0.0152776 
0.10885    5e-12    2.52347e-11    0    2.02347e-11    0.0153019    0.0153019 
0.108732    5e-12    2.52315e-11    0    2.02315e-11    0.0153019    0.0153019 
0.108613    5e-12    2.52282e-11    0    2.02282e-11    0.0153251    0.0153251 
0.108495    5e-12    2.5225e-11    0    2.0225e-11    0.0153251    0.0153251 
0.108378    5e-12    2.52218e-11    0    2.02218e-11    0.015348    0.015348 
0.10826    5e-12    2.52186e-11    0    2.02186e-11    0.015348    0.015348 
0.108143    5e-12    2.52155e-11    0    2.02155e-11    0.0153702    0.0153702 
0.108026    5e-12    2.52123e-11    0    2.02123e-11    0.0153702    0.0153702 
0.107909    5e-12    2.52091e-11    0    2.02091e-11    0.015392    0.015392 
0.107793    5e-12    2.52059e-11    0    2.02059e-11    0.015392    0.015392 
0.107677    5e-12    2.52028e-11    0    2.02028e-11    0.0154131    0.0154131 
0.107561    5e-12    2.51996e-11    0    2.01996e-11    0.0154131    0.0154131 
0.107445    5e-12    2.51964e-11    0    2.01964e-11    0.0154333    0.0154333 
0.10733    5e-12    2.51933e-11    0    2.01933e-11    0.0154333    0.0154333 
0.107215    5e-12    2.51901e-11    0    2.01901e-11    0.0154531    0.0154531 
0.1071    5e-12    2.5187e-11    0    2.0187e-11    0.0154531    0.0154531 
0.106985    5e-12    2.51839e-11    0    2.01839e-11    0.0154718    0.0154718 
0.10687    5e-12    2.51807e-11    0    2.01807e-11    0.0154718    0.0154718 
0.106756    5e-12    2.51776e-11    0    2.01776e-11    0.01549    0.01549 
0.106642    5e-12    2.51745e-11    0    2.01745e-11    0.0155073    0.0155073 
0.106529    5e-12    2.51714e-11    0    2.01714e-11    0.0155073    0.0155073 
0.106415    5e-12    2.51683e-11    0    2.01683e-11    0.0155244    0.0155244 
0.106302    5e-12    2.51652e-11    0    2.01652e-11    0.0155244    0.0155244 
0.106189    5e-12    2.51621e-11    0    2.01621e-11    0.0155405    0.0155405 
0.106076    5e-12    2.5159e-11    0    2.0159e-11    0.0155405    0.0155405 
0.105964    5e-12    2.51559e-11    0    2.01559e-11    0.0155557    0.0155557 
0.105851    5e-12    2.51529e-11    0    2.01529e-11    0.0155557    0.0155557 
0.105739    5e-12    2.51498e-11    0    2.01498e-11    0.0155704    0.0155704 
0.105628    5e-12    2.51467e-11    0    2.01467e-11    0.0155704    0.0155704 
0.105516    5e-12    2.51437e-11    0    2.01437e-11    0.0155843    0.0155843 
0.105405    5e-12    2.51406e-11    0    2.01406e-11    0.0155843    0.0155843 
0.105294    5e-12    2.51376e-11    0    2.01376e-11    0.0155976    0.0155976 
0.105183    5e-12    2.51345e-11    0    2.01345e-11    0.0155976    0.0155976 
0.105072    5e-12    2.51315e-11    0    2.01315e-11    0.0156101    0.0156101 
0.104962    5e-12    2.51284e-11    0    2.01284e-11    0.0156101    0.0156101 
0.104851    5e-12    2.51254e-11    0    2.01254e-11    0.0156221    0.0156221 
0.104742    5e-12    2.51224e-11    0    2.01224e-11    0.0156221    0.0156221 
0.104632    5e-12    2.51194e-11    0    2.01194e-11    0.0156335    0.0156335 
0.104522    5e-12    2.51163e-11    0    2.01163e-11    0.0156335    0.0156335 
0.104413    5e-12    2.51133e-11    0    2.01133e-11    0.0156444    0.0156444 
0.104304    5e-12    2.51103e-11    0    2.01103e-11    0.0156444    0.0156444 
0.104195    5e-12    2.51073e-11    0    2.01073e-11    0.0156543    0.0156543 
0.104087    5e-12    2.51043e-11    0    2.01043e-11    0.0156543    0.0156543 
0.103978    5e-12    2.51013e-11    0    2.01013e-11    0.0156639    0.0156639 
0.10387    5e-12    2.50983e-11    0    2.00983e-11    0.0156639    0.0156639 
0.103762    5e-12    2.50954e-11    0    2.00954e-11    0.0156728    0.0156728 
0.103655    5e-12    2.50924e-11    0    2.00924e-11    0.0156728    0.0156728 
0.103547    5e-12    2.50894e-11    0    2.00894e-11    0.0156817    0.0156817 
0.10344    5e-12    2.50864e-11    0    2.00864e-11    0.0156817    0.0156817 
0.103333    5e-12    2.50835e-11    0    2.00835e-11    0.0156898    0.0156898 
0.103226    5e-12    2.50805e-11    0    2.00805e-11    0.0156898    0.0156898 
0.10312    5e-12    2.50776e-11    0    2.00776e-11    0.0156975    0.0156975 
0.103013    5e-12    2.50746e-11    0    2.00746e-11    0.0156975    0.0156975 
0.102907    5e-12    2.50717e-11    0    2.00717e-11    0.0157047    0.0157047 
0.102801    5e-12    2.50687e-11    0    2.00687e-11    0.0157047    0.0157047 
0.102696    5e-12    2.50658e-11    0    2.00658e-11    0.0157116    0.0157116 
0.10259    5e-12    2.50629e-11    0    2.00629e-11    0.0157116    0.0157116 
0.102485    5e-12    2.50599e-11    0    2.00599e-11    0.0157182    0.0157182 
0.10238    5e-12    2.5057e-11    0    2.0057e-11    0.0157182    0.0157182 
0.102275    5e-12    2.50541e-11    0    2.00541e-11    0.0157246    0.0157246 
0.102171    5e-12    2.50512e-11    0    2.00512e-11    0.0157246    0.0157246 
0.102066    5e-12    2.50483e-11    0    2.00483e-11    0.0157305    0.0157305 
0.101962    5e-12    2.50454e-11    0    2.00454e-11    0.0157305    0.0157305 
0.101858    5e-12    2.50425e-11    0    2.00425e-11    0.0157362    0.0157362 
0.101754    5e-12    2.50396e-11    0    2.00396e-11    0.0157362    0.0157362 
0.101651    5e-12    2.50367e-11    0    2.00367e-11    0.0157422    0.0157422 
0.101547    5e-12    2.50338e-11    0    2.00338e-11    0.0157422    0.0157422 
0.101444    5e-12    2.50309e-11    0    2.00309e-11    0.0157478    0.0157478 
0.101341    5e-12    2.5028e-11    0    2.0028e-11    0.0157478    0.0157478 
0.101239    5e-12    2.50252e-11    0    2.00252e-11    0.0157529    0.0157529 
0.101136    5e-12    2.50223e-11    0    2.00223e-11    0.0157529    0.0157529 
0.101034    5e-12    2.50194e-11    0    2.00194e-11    0.0157587    0.0157587 
0.100932    5e-12    2.50166e-11    0    2.00166e-11    0.0157587    0.0157587 
0.10083    5e-12    2.50137e-11    0    2.00137e-11    0.0157638    0.0157638 
0.100728    5e-12    2.50109e-11    0    2.00109e-11    0.0157638    0.0157638 
0.100627    5e-12    2.5008e-11    0    2.0008e-11    0.015769    0.015769 
0.100526    5e-12    2.50052e-11    0    2.00052e-11    0.015769    0.015769 
0.100425    5e-12    2.50023e-11    0    2.00023e-11    0.0157747    0.0157747 
0.100324    5e-12    2.49995e-11    0    1.99995e-11    0.0157747    0.0157747 
0.100223    5e-12    2.49967e-11    0    1.99967e-11    0.0157747    0.0157747 
0.100123    5e-12    2.49938e-11    0    1.99938e-11    0.0157801    0.0157801 
0.100022    5e-12    2.4991e-11    0    1.9991e-11    0.0157801    0.0157801 
